Order,Page,Page type,Page number,Count,DateTime,Date,Place,Lat/Lon,Time,Type,Label,Data,GeoID,GeoName,GeoCoords
1,AWD0001n2s,diary,379,3,1915-07-17 00:00:00 UTC,17 Jul 1915,"","[0.0, 0.0]","",diaryDate,17 Jul 1915,"{""day""=>[""17""], ""month""=>[""Jul""], ""year""=>[""1915""]}",2985684,Pozières,"[2.72929, 50.04047]"
3,AWD0001n2s,diary,379,4,1915-07-17 00:00:00 UTC,17 Jul 1915,Basingstoke,"[-1.08708, 51.26249]","",place,Basingstoke,"{""place""=>[""Basingstoke""], ""location""=>[""true""], ""name""=>[""Basingstoke""], ""lat""=>[""51.26249""], ""long""=>[""-1.08708""], ""id""=>[""2656192""]}",,,
4,AWD0001n2s,diary,379,3,1915-07-17 18:30:00 UTC,17 Jul 1915,Basingstoke,"[-1.08708, 51.26249]",0630PM,time,0630PM,{},,,
5,AWD0001n2s,diary,379,3,1915-07-22 00:00:00 UTC,22 Jul 1915,Basingstoke,"[-1.08708, 51.26249]","",diaryDate,22 Jul 1915,"{""day""=>[""22""], ""month""=>[""Jul""], ""year""=>[""1915""]}",,,
6,AWD0001n2s,diary,379,5,1915-07-22 00:00:00 UTC,22 Jul 1915,Aldershot,"[-0.76389, 51.24827]","",place,Aldershot,"{""place""=>[""Aldershot""], ""location""=>[""true""], ""name""=>[""Aldershot""], ""lat""=>[""51.24827""], ""long""=>[""-0.76389""], ""id""=>[""2657540""]}",2657540,Aldershot,"[-0.76389, 51.24827]"
7,AWD0001n2s,diary,379,2,1915-07-22 00:00:00 UTC,22 Jul 1915,Aldershot,"[-0.76389, 51.24827]","",activity,movement,{},2657540,Aldershot,"[-0.76389, 51.24827]"
8,AWD0001n2s,diary,379,3,1915-07-25 00:00:00 UTC,25 Jul 1915,Aldershot,"[-0.76389, 51.24827]","",diaryDate,25 Jul 1915,"{""day""=>[""25""], ""month""=>[""Jul""], ""year""=>[""1915""]}",2657540,Aldershot,"[-0.76389, 51.24827]"
9,AWD0001n2s,diary,379,5,1915-07-25 00:00:00 UTC,25 Jul 1915,Aldershot,"[-0.76389, 51.24827]","",activity,movement,{},2657540,Aldershot,"[-0.76389, 51.24827]"
10,AWD0001n2s,diary,379,3,1915-07-25 00:00:00 UTC,25 Jul 1915,Southampton,"[-1.40428, 50.90395]","",place,Southampton,"{""place""=>[""Southampton""], ""location""=>[""true""], ""name""=>[""Southampton""], ""lat""=>[""50.90395""], ""long""=>[""-1.40428""], ""id""=>[""2637487""]}",2637487,Southampton,"[-1.40428, 50.90395]"
15,AWD0001n2s,diary,379,3,1915-07-26 00:00:00 UTC,26 Jul 1915,Southampton,"[-1.40428, 50.90395]","",diaryDate,26 Jul 1915,"{""day""=>[""26""], ""month""=>[""Jul""], ""year""=>[""1915""]}",2637487,Southampton,"[-1.40428, 50.90395]"
17,AWD0001n2s,diary,379,5,1915-07-26 00:00:00 UTC,26 Jul 1915,Havre,"[0.10767, 49.4938]","",place,Havre,"{""place""=>[""Havre""], ""location""=>[""true""], ""name""=>[""Le Havre""], ""lat""=>[""49.4938""], ""long""=>[""0.10767""], ""id""=>[""3003796""]}",3003796,Le Havre,"[0.10767, 49.4938]"
18,AWD0001n2s,diary,379,2,1915-07-26 02:30:00 UTC,26 Jul 1915,Havre,"[0.10767, 49.4938]",0230AM,time,0230AM,{},3003796,Le Havre,"[0.10767, 49.4938]"
19,AWD0001n2s,diary,379,3,1915-07-26 02:30:00 UTC,26 Jul 1915,Havre,"[0.10767, 49.4938]",0230AM,activity,movement,{},3003796,Le Havre,"[0.10767, 49.4938]"
20,AWD0001n2s,diary,379,3,1915-07-26 02:30:00 UTC,26 Jul 1915,Wizernes,"[2.24316, 50.7117]",0230AM,place,Wizernes,"{""place""=>[""Wizernes""], ""location""=>[""true""], ""name""=>[""Wizernes""], ""lat""=>[""50.7117""], ""long""=>[""2.24316""], ""id""=>[""2967309""]}",2967309,Wizernes,"[2.24316, 50.7117]"
21,AWD0001n2s,diary,379,3,1915-07-27 00:00:00 UTC,27 Jul 1915,Wizernes,"[2.24316, 50.7117]","",diaryDate,27 Jul 1915,"{""day""=>[""27""], ""month""=>[""Jul""], ""year""=>[""1915""]}",2967309,Wizernes,"[2.24316, 50.7117]"
22,AWD0001n2s,diary,379,3,1915-07-27 05:30:00 UTC,27 Jul 1915,Wizernes,"[2.24316, 50.7117]",0530AM,time,0530AM,{},2967309,Wizernes,"[2.24316, 50.7117]"
23,AWD0001n2s,diary,379,2,1915-07-27 05:30:00 UTC,27 Jul 1915,Wizernes,"[2.24316, 50.7117]",0530AM,place,"Havre, HAVRE","{""place""=>[""Havre"", ""HAVRE""], ""location""=>[""false"", ""true""], ""name""=>[""Le Havre"", """"], ""lat""=>[""49.4938"", """"], ""long""=>[""0.10767"", """"], ""id""=>[""3003796"", """"]}",2967309,Wizernes,"[2.24316, 50.7117]"
26,AWD0001n2s,diary,379,3,1915-07-28 00:00:00 UTC,28 Jul 1915,Wizernes,"[2.24316, 50.7117]","",diaryDate,28 Jul 1915,"{""day""=>[""28""], ""month""=>[""Jul""], ""year""=>[""1915""]}",2967309,Wizernes,"[2.24316, 50.7117]"
27,AWD0001n2s,diary,379,3,1915-07-28 00:00:00 UTC,28 Jul 1915,Wizernes,"[2.24316, 50.7117]","",activity,movement,{},2967309,Wizernes,"[2.24316, 50.7117]"
28,AWD0001n2s,diary,379,2,1915-07-28 10:30:00 UTC,28 Jul 1915,Wizernes,"[2.24316, 50.7117]",1030AM,time,1030AM,{},2967309,Wizernes,"[2.24316, 50.7117]"
30,AWD0001n2s,diary,379,3,1915-07-30 00:00:00 UTC,30 Jul 1915,Wizernes,"[2.24316, 50.7117]","",diaryDate,30 Jul 1915,"{""day""=>[""30""], ""month""=>[""Jul""], ""year""=>[""1915""]}",2967309,Wizernes,"[2.24316, 50.7117]"
31,AWD0001n2s,diary,379,3,1915-07-30 00:00:00 UTC,30 Jul 1915,Wizernes,"[2.24316, 50.7117]","",place,Wizernes,"{""place""=>[""Wizernes""], ""location""=>[""true""], ""name""=>[""Wizernes""], ""lat""=>[""50.7117""], ""long""=>[""2.24316""], ""id""=>[""2967309""]}",2967309,Wizernes,"[2.24316, 50.7117]"
32,AWD0001n2s,diary,379,4,1915-07-30 00:00:00 UTC,30 Jul 1915,Wizernes,"[2.24316, 50.7117]","",domestic,inspections,{},2967309,Wizernes,"[2.24316, 50.7117]"
33,AWD0001n2s,diary,379,2,1915-07-30 00:00:00 UTC,30 Jul 1915,Wizernes,"[2.24316, 50.7117]","",unit,"20TH BRIGADE OF 7TH DIVISION, 20th Brigade 7th Division","{""name""=>[""20TH BRIGADE OF 7TH DIVISION"", ""20th Brigade 7th Division""], ""context""=>[""other"", ""joined""]}",2967309,Wizernes,"[2.24316, 50.7117]"
35,AWD0001n2s,diary,379,2,1915-07-30 00:00:00 UTC,30 Jul 1915,Wizernes,"[2.24316, 50.7117]","",place,"CARVIN, Carvin","{""place""=>[""CARVIN"", ""Carvin""], ""location""=>[""true"", ""false""], ""name""=>[""""], ""lat""=>[""""], ""long""=>[""""], ""id""=>[""""]}",2967309,Wizernes,"[2.24316, 50.7117]"
37,AWD0001n2s,diary,379,4,1915-07-30 00:00:00 UTC,30 Jul 1915,Wizernes,"[2.24316, 50.7117]","",activity,movement,{},2967309,Wizernes,"[2.24316, 50.7117]"
40,AWD0001n2s,diary,379,3,1915-08-03 00:00:00 UTC,3 Aug 1915,Wizernes,"[2.24316, 50.7117]","",diaryDate,3 Aug 1915,"{""day""=>[""3""], ""month""=>[""Aug""], ""year""=>[""1915""]}",2967309,Wizernes,"[2.24316, 50.7117]"
44,AWD0001n2s,diary,379,4,1915-08-03 00:00:00 UTC,3 Aug 1915,Wizernes,"[2.24316, 50.7117]","",unit,2nd Grenadier Guards,"{""name""=>[""2nd Grenadier Guards""], ""context""=>[""joined""]}",2967309,Wizernes,"[2.24316, 50.7117]"
45,AWD0001n2s,diary,379,3,1915-08-03 00:00:00 UTC,3 Aug 1915,Molinghem,"[2.46162, 50.61279]","",place,Molinghem,"{""place""=>[""Molinghem""], ""location""=>[""true""], ""name""=>[""Molinghem""], ""lat""=>[""50.61279""], ""long""=>[""2.46162""], ""id""=>[""2993509""]}",2998226,Linghem,"[2.36998, 50.59352]"
47,AWD0001n2s,diary,379,2,1915-08-03 00:00:00 UTC,3 Aug 1915,Molinghem,"[2.46162, 50.61279]","",domestic,accomodation,{},2998226,Linghem,"[2.36998, 50.59352]"
49,AWD0001n2s,diary,379,3,1915-08-04 00:00:00 UTC,4 Aug 1915,Molinghem,"[2.46162, 50.61279]","",diaryDate,4 Aug 1915,"{""day""=>[""4""], ""month""=>[""Aug""], ""year""=>[""1915""]}",2998226,Linghem,"[2.36998, 50.59352]"
50,AWD0001n2s,diary,379,3,1915-08-04 00:00:00 UTC,4 Aug 1915,Molinghem,"[2.46162, 50.61279]","",activity,movement,{},2998226,Linghem,"[2.36998, 50.59352]"
52,AWD0001n2s,diary,379,7,1915-08-04 00:00:00 UTC,4 Aug 1915,Carvin,"[0.0, 0.0]","",place,Carvin,"{""place""=>[""Carvin""], ""location""=>[""true""], ""name""=>[""""], ""lat""=>[""""], ""long""=>[""""], ""id""=>[""""]}",3028486,Carvin,"[2.95815, 50.49235]"
53,AWD0001n2s,diary,379,2,1915-08-04 00:00:00 UTC,4 Aug 1915,Carvin,"[0.0, 0.0]","",place,Molinghem,"{""place""=>[""Molinghem""], ""location""=>[""false"", ""true""], ""name""=>[""Molinghem""], ""lat""=>[""50.61279""], ""long""=>[""2.46162""], ""id""=>[""2993509""]}",3028486,Carvin,"[2.95815, 50.49235]"
56,AWD0001n2s,diary,379,3,1915-08-16 00:00:00 UTC,16 Aug 1915,Carvin,"[0.0, 0.0]","",diaryDate,16 Aug 1915,"{""day""=>[""16""], ""month""=>[""Aug""], ""year""=>[""1915""]}",3028486,Carvin,"[2.95815, 50.49235]"
59,AWD0001n2s,diary,379,2,1915-08-16 00:00:00 UTC,16 Aug 1915,Carvin,"[0.0, 0.0]","",activity,reserve,{},3028486,Carvin,"[2.95815, 50.49235]"
60,AWD0001n2s,diary,379,3,1915-08-17 00:00:00 UTC,17 Aug 1915,Carvin,"[0.0, 0.0]","",diaryDate,17 Aug 1915,"{""day""=>[""17""], ""month""=>[""Aug""], ""year""=>[""1915""]}",3028486,Carvin,"[2.95815, 50.49235]"
61,AWD0001n2s,diary,379,3,1915-08-17 00:00:00 UTC,17 Aug 1915,Carvin,"[0.0, 0.0]","",place,Carvin,"{""place""=>[""Carvin""], ""location""=>[""true""], ""name""=>[""""], ""lat""=>[""""], ""long""=>[""""], ""id""=>[""""]}",3028486,Carvin,"[2.95815, 50.49235]"
65,AWD0001n2s,diary,379,3,1915-08-18 00:00:00 UTC,18 Aug 1915,Carvin,"[0.0, 0.0]","",diaryDate,18 Aug 1915,"{""day""=>[""18""], ""month""=>[""Aug""], ""year""=>[""1915""]}",3028486,Carvin,"[2.95815, 50.49235]"
66,AWD0001n2s,diary,379,5,1915-08-18 00:00:00 UTC,18 Aug 1915,Locon,"[2.66629, 50.57029]","",place,Locon,"{""place""=>[""Locon""], ""location""=>[""true""], ""name""=>[""Locon""], ""lat""=>[""50.57029""], ""long""=>[""2.66629""], ""id""=>[""2997956""]}",2997956,Locon,"[2.66629, 50.57029]"
68,AWD0001n2s,diary,379,3,1915-08-18 00:00:00 UTC,18 Aug 1915,Locon,"[2.66629, 50.57029]","",person,Private  Oak,"{""first""=>[""""], ""surname""=>[""Oak""], ""rank""=>[""Private""], ""number""=>[""""], ""reason""=>[""casualty_wounded""], ""unit""=>[""""]}",2997956,Locon,"[2.66629, 50.57029]"
72,AWD0001n2s,diary,379,3,1915-08-19 00:00:00 UTC,19 Aug 1915,Locon,"[2.66629, 50.57029]","",diaryDate,19 Aug 1915,"{""day""=>[""19""], ""month""=>[""Aug""], ""year""=>[""1915""]}",2997956,Locon,"[2.66629, 50.57029]"
77,AWD0001n2s,diary,379,2,1915-08-19 00:00:00 UTC,19 Aug 1915,Locon,"[2.66629, 50.57029]","",person,"Private  Peancey, Pearcey","{""first""=>[""""], ""surname""=>[""Peancey"", ""Pearcey""], ""rank""=>[""Private""], ""number""=>[""""], ""reason""=>[""casualty_kia""], ""unit""=>[""8th Bn Devon Rgmt"", """"]}",2997956,Locon,"[2.66629, 50.57029]"
78,AWD0001n2s,diary,379,3,1915-08-21 00:00:00 UTC,21 Aug 1915,Locon,"[2.66629, 50.57029]","",diaryDate,21 Aug 1915,"{""day""=>[""21""], ""month""=>[""Aug""], ""year""=>[""1915""]}",2997956,Locon,"[2.66629, 50.57029]"
1,AWD0001mxl,diary,380,3,1915-08-22 00:00:00 UTC,22 Aug 1915,Locon,"[2.66629, 50.57029]","",diaryDate,22 Aug 1915,"{""day""=>[""22""], ""month""=>[""Aug""], ""year""=>[""1915""]}",2997956,Locon,"[2.66629, 50.57029]"
2,AWD0001mxl,diary,380,4,1915-08-22 00:00:00 UTC,22 Aug 1915,Locon,"[2.66629, 50.57029]","",place,Locon,"{""place""=>[""Locon""], ""location""=>[""true""], ""name""=>[""Locon""], ""lat""=>[""50.57029""], ""long""=>[""2.66629""], ""id""=>[""2997956""]}",2997956,Locon,"[2.66629, 50.57029]"
6,AWD0001mxl,diary,380,2,1915-08-22 00:00:00 UTC,22 Aug 1915,Locon,"[2.66629, 50.57029]","",domestic,parades,{},2997956,Locon,"[2.66629, 50.57029]"
8,AWD0001mxl,diary,380,2,1915-08-22 00:00:00 UTC,22 Aug 1915,Locon,"[2.66629, 50.57029]","",activity,working,{},2997956,Locon,"[2.66629, 50.57029]"
9,AWD0001mxl,diary,380,3,1915-08-24 00:00:00 UTC,24 Aug 1915,Locon,"[2.66629, 50.57029]","",diaryDate,24 Aug 1915,"{""day""=>[""24""], ""month""=>[""Aug""], ""year""=>[""1915""]}",2997956,Locon,"[2.66629, 50.57029]"
12,AWD0001mxl,diary,380,2,1915-08-24 00:00:00 UTC,24 Aug 1915,Locon,"[2.66629, 50.57029]","",casualties,other: 1,{},2997956,Locon,"[2.66629, 50.57029]"
14,AWD0001mxl,diary,380,3,1915-08-25 00:00:00 UTC,25 Aug 1915,Locon,"[2.66629, 50.57029]","",diaryDate,25 Aug 1915,"{""day""=>[""25""], ""month""=>[""Aug""], ""year""=>[""1915""]}",2997956,Locon,"[2.66629, 50.57029]"
16,AWD0001mxl,diary,380,3,1915-08-26 00:00:00 UTC,26 Aug 1915,Locon,"[2.66629, 50.57029]","",diaryDate,26 Aug 1915,"{""day""=>[""26""], ""month""=>[""Aug""], ""year""=>[""1915""]}",2997956,Locon,"[2.66629, 50.57029]"
18,AWD0001mxl,diary,380,2,1915-08-26 18:50:00 UTC,26 Aug 1915,Locon,"[2.66629, 50.57029]",0650PM,time,0650PM,{},2997956,Locon,"[2.66629, 50.57029]"
19,AWD0001mxl,diary,380,3,1915-08-26 18:50:00 UTC,26 Aug 1915,Locon,"[2.66629, 50.57029]",0650PM,activity,movement,{},2997956,Locon,"[2.66629, 50.57029]"
26,AWD0001mxl,diary,380,3,1915-08-27 00:00:00 UTC,27 Aug 1915,Locon,"[2.66629, 50.57029]","",diaryDate,27 Aug 1915,"{""day""=>[""27""], ""month""=>[""Aug""], ""year""=>[""1915""]}",2997956,Locon,"[2.66629, 50.57029]"
27,AWD0001mxl,diary,380,3,1915-08-27 00:00:00 UTC,27 Aug 1915,Locon,"[2.66629, 50.57029]","",activity,quiet,{},2997956,Locon,"[2.66629, 50.57029]"
29,AWD0001mxl,diary,380,4,1915-08-27 00:00:00 UTC,27 Aug 1915,Locon,"[2.66629, 50.57029]","",place,Rue de Marais,"{""place""=>[""Rue de Marais""], ""location""=>[""false"", ""true""], ""name""=>[""""], ""lat""=>[""""], ""long""=>[""""], ""id""=>[""""]}",2997956,Locon,"[2.66629, 50.57029]"
30,AWD0001mxl,diary,380,3,1915-08-28 00:00:00 UTC,28 Aug 1915,Locon,"[2.66629, 50.57029]","",diaryDate,28 Aug 1915,"{""day""=>[""28""], ""month""=>[""Aug""], ""year""=>[""1915""]}",2997956,Locon,"[2.66629, 50.57029]"
31,AWD0001mxl,diary,380,2,1915-08-28 03:00:00 UTC,28 Aug 1915,Locon,"[2.66629, 50.57029]",0300AM,time,0300AM,{},2997956,Locon,"[2.66629, 50.57029]"
34,AWD0001mxl,diary,380,2,1915-08-28 03:00:00 UTC,28 Aug 1915,Locon,"[2.66629, 50.57029]",0300AM,activity,fire,{},2997956,Locon,"[2.66629, 50.57029]"
36,AWD0001mxl,diary,380,4,1915-08-28 03:00:00 UTC,28 Aug 1915,Locon,"[2.66629, 50.57029]",0300AM,activity,quiet,{},2997956,Locon,"[2.66629, 50.57029]"
37,AWD0001mxl,diary,380,3,1915-08-28 15:00:00 UTC,28 Aug 1915,Locon,"[2.66629, 50.57029]",0300PM,time,0300PM,{},2997956,Locon,"[2.66629, 50.57029]"
38,AWD0001mxl,diary,380,4,1915-08-28 15:00:00 UTC,28 Aug 1915,Locon,"[2.66629, 50.57029]",0300PM,weather,hot,{},2997956,Locon,"[2.66629, 50.57029]"
40,AWD0001mxl,diary,380,3,1915-08-28 23:00:00 UTC,28 Aug 1915,Locon,"[2.66629, 50.57029]",1100PM,time,1100PM,{},2997956,Locon,"[2.66629, 50.57029]"
41,AWD0001mxl,diary,380,3,1915-08-28 23:00:00 UTC,28 Aug 1915,Locon,"[2.66629, 50.57029]",1100PM,activity,attack,{},2997956,Locon,"[2.66629, 50.57029]"
43,AWD0001mxl,diary,380,3,1915-08-29 00:00:00 UTC,29 Aug 1915,Locon,"[2.66629, 50.57029]","",diaryDate,29 Aug 1915,"{""day""=>[""29""], ""month""=>[""Aug""], ""year""=>[""1915""]}",2997956,Locon,"[2.66629, 50.57029]"
45,AWD0001mxl,diary,380,2,1915-08-29 12:00:00 UTC,29 Aug 1915,Locon,"[2.66629, 50.57029]",1200PM,time,1200PM,{},2997956,Locon,"[2.66629, 50.57029]"
46,AWD0001mxl,diary,380,2,1915-08-29 12:00:00 UTC,29 Aug 1915,Locon,"[2.66629, 50.57029]",1200PM,activity,quiet,{},2997956,Locon,"[2.66629, 50.57029]"
1,AWD0001mxd,diary,381,3,1915-08-29 00:00:00 UTC,29 Aug 1915,Locon,"[2.66629, 50.57029]","",diaryDate,29 Aug 1915,"{""day""=>[""29""], ""month""=>[""Aug""], ""year""=>[""1915""]}",2997956,Locon,"[2.66629, 50.57029]"
4,AWD0001mxd,diary,381,3,1915-08-29 15:00:00 UTC,29 Aug 1915,Locon,"[2.66629, 50.57029]",0300PM,time,0300PM,{},2997956,Locon,"[2.66629, 50.57029]"
6,AWD0001mxd,diary,381,3,1915-08-29 15:00:00 UTC,29 Aug 1915,Locon,"[2.66629, 50.57029]",0300PM,activity,fire,{},2997956,Locon,"[2.66629, 50.57029]"
10,AWD0001mxd,diary,381,3,1915-08-29 15:00:00 UTC,29 Aug 1915,Locon,"[2.66629, 50.57029]",0300PM,activity,enemy_activity,{},2997956,Locon,"[2.66629, 50.57029]"
15,AWD0001mxd,diary,381,3,1915-08-30 00:00:00 UTC,30 Aug 1915,Locon,"[2.66629, 50.57029]","",diaryDate,30 Aug 1915,"{""day""=>[""30""], ""month""=>[""Aug""], ""year""=>[""1915""]}",2997956,Locon,"[2.66629, 50.57029]"
16,AWD0001mxd,diary,381,3,1915-08-30 00:00:00 UTC,30 Aug 1915,Locon,"[2.66629, 50.57029]","",unit,"9TH W FUSILIERS, 9th West Fusiliers, 9th W. Fusiliers","{""name""=>[""9TH W FUSILIERS"", ""9th West Fusiliers"", ""9th W. Fusiliers""], ""context""=>[""relieved_by""]}",2997956,Locon,"[2.66629, 50.57029]"
18,AWD0001mxd,diary,381,2,1915-08-30 00:00:00 UTC,30 Aug 1915,Locon,"[2.66629, 50.57029]","",activity,fire,{},2997956,Locon,"[2.66629, 50.57029]"
19,AWD0001mxd,diary,381,2,1915-08-30 00:00:00 UTC,30 Aug 1915,Locon,"[2.66629, 50.57029]","",activity,quiet,{},2997956,Locon,"[2.66629, 50.57029]"
20,AWD0001mxd,diary,381,2,1915-08-30 00:00:00 UTC,30 Aug 1915,Locon,"[2.66629, 50.57029]","",activity,movement,{},2997956,Locon,"[2.66629, 50.57029]"
21,AWD0001mxd,diary,381,2,1915-08-30 00:00:00 UTC,30 Aug 1915,Locon,"[2.66629, 50.57029]","",place,"Las Curquaux, Les Choquaux","{""place""=>[""Las Curquaux"", ""Les Choquaux""], ""location""=>[""true"", ""false""], ""name""=>[""""], ""lat""=>[""""], ""long""=>[""""], ""id""=>[""""]}",2997956,Locon,"[2.66629, 50.57029]"
22,AWD0001mxd,diary,381,3,1915-08-30 02:30:00 UTC,30 Aug 1915,Locon,"[2.66629, 50.57029]",0230AM,time,0230AM,{},2997956,Locon,"[2.66629, 50.57029]"
23,AWD0001mxd,diary,381,4,1915-08-30 02:30:00 UTC,30 Aug 1915,Locon,"[2.66629, 50.57029]",0230AM,domestic,accomodation,{},2997956,Locon,"[2.66629, 50.57029]"
25,AWD0001mxd,diary,381,3,1915-08-31 00:00:00 UTC,31 Aug 1915,Locon,"[2.66629, 50.57029]","",diaryDate,31 Aug 1915,"{""day""=>[""31""], ""month""=>[""Aug""], ""year""=>[""1915""]}",2997956,Locon,"[2.66629, 50.57029]"
27,AWD0001mxd,diary,381,3,1915-08-31 00:00:00 UTC,31 Aug 1915,Locon,"[2.66629, 50.57029]","",activity,movement,{},2997956,Locon,"[2.66629, 50.57029]"
28,AWD0001mxd,diary,381,2,1915-08-31 00:00:00 UTC,31 Aug 1915,Locon,"[2.66629, 50.57029]","",place,"Bosnes, Busnes","{""place""=>[""Bosnes"", ""Busnes""], ""location""=>[""true"", ""false""], ""name""=>["""", ""Busnes""], ""lat""=>["""", ""50.58781""], ""long""=>["""", ""2.51827""], ""id""=>["""", ""3029473""]}",2997956,Locon,"[2.66629, 50.57029]"
29,AWD0001mxd,diary,381,2,1915-08-31 00:00:00 UTC,31 Aug 1915,Les Choquaux,"[0.0, 0.0]","",place,Les Choquaux,"{""place""=>[""Les Choquaux""], ""location""=>[""true""], ""name""=>[""""], ""lat""=>[""""], ""long""=>[""""], ""id""=>[""""]}",2657540,Aldershot,"[-0.76389, 51.24827]"
30,AWD0001mxd,diary,381,2,1915-08-31 09:30:00 UTC,31 Aug 1915,Les Choquaux,"[0.0, 0.0]",0930AM,time,0930AM,{},2657540,Aldershot,"[-0.76389, 51.24827]"
1,AWD0001mxv,diary,383,3,1915-09-01 00:00:00 UTC,1 Sep 1915,Les Choquaux,"[0.0, 0.0]","",diaryDate,1 Sep 1915,"{""day""=>[""1""], ""month""=>[""Sep""], ""year""=>[""1915""]}",2657540,Aldershot,"[-0.76389, 51.24827]"
2,AWD0001mxv,diary,383,3,1915-09-01 00:00:00 UTC,1 Sep 1915,Les Choquaux,"[0.0, 0.0]","",activity,resting,{},2657540,Aldershot,"[-0.76389, 51.24827]"
3,AWD0001mxv,diary,383,4,1915-09-01 00:00:00 UTC,1 Sep 1915,Busnes,"[2.51827, 50.58781]","",place,Busnes,"{""place""=>[""Busnes""], ""location""=>[""true""], ""name""=>[""Busnes""], ""lat""=>[""50.58781""], ""long""=>[""2.51827""], ""id""=>[""3029473""]}",3029473,Busnes,"[2.51827, 50.58781]"
4,AWD0001mxv,diary,383,3,1915-09-01 00:00:00 UTC,1 Sep 1915,Noyelle,"[0.0, 0.0]","",place,Noyelle,"{""place""=>[""Noyelle""], ""location""=>[""true""], ""name""=>[""""], ""lat""=>[""""], ""long""=>[""""], ""id""=>[""""]}",2989899,Noyelles-lès-Vermelles,"[2.72628, 50.49001]"
5,AWD0001mxv,diary,383,3,1915-09-02 00:00:00 UTC,2 Sep 1915,Noyelle,"[0.0, 0.0]","",diaryDate,2 Sep 1915,"{""day""=>[""2""], ""month""=>[""Sep""], ""year""=>[""1915""]}",2989899,Noyelles-lès-Vermelles,"[2.72628, 50.49001]"
6,AWD0001mxv,diary,383,2,1915-09-02 00:00:00 UTC,2 Sep 1915,Noyelle,"[0.0, 0.0]","",activity,movement,{},2989899,Noyelles-lès-Vermelles,"[2.72628, 50.49001]"
7,AWD0001mxv,diary,383,2,1915-09-02 00:00:00 UTC,2 Sep 1915,Noyelle,"[0.0, 0.0]","",gridRef,L 11 b,{},2989899,Noyelles-lès-Vermelles,"[2.72628, 50.49001]"
8,AWD0001mxv,diary,383,2,1915-09-02 00:00:00 UTC,2 Sep 1915,Noyelle,"[0.0, 0.0]","",unit,2nd Brigade,"{""name""=>[""2nd Brigade""], ""context""=>[""joined"", ""other""]}",2989899,Noyelles-lès-Vermelles,"[2.72628, 50.49001]"
9,AWD0001mxv,diary,383,2,1915-09-02 00:00:00 UTC,2 Sep 1915,Noyelle,"[0.0, 0.0]","",domestic,accomodation,{},2989899,Noyelles-lès-Vermelles,"[2.72628, 50.49001]"
10,AWD0001mxv,diary,383,2,1915-09-02 22:30:00 UTC,2 Sep 1915,Noyelle,"[0.0, 0.0]",1030PM,time,1030PM,{},2989899,Noyelles-lès-Vermelles,"[2.72628, 50.49001]"
12,AWD0001mxv,diary,383,3,1915-09-03 00:00:00 UTC,3 Sep 1915,Noyelle,"[0.0, 0.0]","",diaryDate,3 Sep 1915,"{""day""=>[""3""], ""month""=>[""Sep""], ""year""=>[""1915""]}",2989899,Noyelles-lès-Vermelles,"[2.72628, 50.49001]"
14,AWD0001mxv,diary,383,3,1915-09-03 00:00:00 UTC,3 Sep 1915,Noyelle,"[0.0, 0.0]","",weather,rain,{},2989899,Noyelles-lès-Vermelles,"[2.72628, 50.49001]"
15,AWD0001mxv,diary,383,4,1915-09-03 00:00:00 UTC,3 Sep 1915,Noyelle,"[0.0, 0.0]","",place,Noyelle,"{""place""=>[""Noyelle""], ""location""=>[""true""], ""name""=>[""""], ""lat""=>[""""], ""long""=>[""""], ""id""=>[""""]}",2989899,Noyelles-lès-Vermelles,"[2.72628, 50.49001]"
16,AWD0001mxv,diary,383,2,1915-09-03 00:00:00 UTC,3 Sep 1915,Noyelle,"[0.0, 0.0]","",activity,working,{},2989899,Noyelles-lès-Vermelles,"[2.72628, 50.49001]"
19,AWD0001mxv,diary,383,2,1915-09-04 00:00:00 UTC,4 Sep 1915,Noyelle,"[0.0, 0.0]","",diaryDate,4 Sep 1915,"{""day""=>[""4""], ""month""=>[""Sep""], ""year""=>[""1915""]}",2989899,Noyelles-lès-Vermelles,"[2.72628, 50.49001]"
23,AWD0001mxv,diary,383,3,1915-09-04 00:00:00 UTC,4 Sep 1915,Noyelle,"[0.0, 0.0]","",unit,2nd Borders,"{""name""=>[""2nd Borders""], ""context""=>[""relieved""]}",2989899,Noyelles-lès-Vermelles,"[2.72628, 50.49001]"
26,AWD0001mxv,diary,383,2,1915-09-04 00:00:00 UTC,4 Sep 1915,Noyelle,"[0.0, 0.0]","",activity,repair,{},2989899,Noyelles-lès-Vermelles,"[2.72628, 50.49001]"
27,AWD0001mxv,diary,383,3,1915-09-05 00:00:00 UTC,5 Sep 1915,Noyelle,"[0.0, 0.0]","",diaryDate,5 Sep 1915,"{""day""=>[""5""], ""month""=>[""Sep""], ""year""=>[""1915""]}",2989899,Noyelles-lès-Vermelles,"[2.72628, 50.49001]"
31,AWD0001mxv,diary,383,2,1915-09-05 00:00:00 UTC,5 Sep 1915,Noyelle,"[0.0, 0.0]","",weather,fine,{},2989899,Noyelles-lès-Vermelles,"[2.72628, 50.49001]"
32,AWD0001mxv,diary,383,3,1915-09-05 00:00:00 UTC,5 Sep 1915,Noyelle,"[0.0, 0.0]","",activity,quiet,{},2989899,Noyelles-lès-Vermelles,"[2.72628, 50.49001]"
33,AWD0001mxv,diary,383,3,1915-09-06 00:00:00 UTC,6 Sep 1915,Noyelle,"[0.0, 0.0]","",diaryDate,6 Sep 1915,"{""day""=>[""6""], ""month""=>[""Sep""], ""year""=>[""1915""]}",2989899,Noyelles-lès-Vermelles,"[2.72628, 50.49001]"
34,AWD0001mxv,diary,383,2,1915-09-06 00:00:00 UTC,6 Sep 1915,Noyelle,"[0.0, 0.0]","",weather,fine,{},2989899,Noyelles-lès-Vermelles,"[2.72628, 50.49001]"
35,AWD0001mxv,diary,383,2,1915-09-06 00:00:00 UTC,6 Sep 1915,Noyelle,"[0.0, 0.0]","",activity,quiet,{},2989899,Noyelles-lès-Vermelles,"[2.72628, 50.49001]"
37,AWD0001mxv,diary,383,2,1915-09-06 00:00:00 UTC,6 Sep 1915,Noyelle,"[0.0, 0.0]","",activity,enemy_activity,{},2989899,Noyelles-lès-Vermelles,"[2.72628, 50.49001]"
39,AWD0001mxv,diary,383,3,1915-09-06 00:00:00 UTC,6 Sep 1915,Noyelle,"[0.0, 0.0]","",activity,reconnoitered,{},2989899,Noyelles-lès-Vermelles,"[2.72628, 50.49001]"
40,AWD0001mxv,diary,383,3,1915-09-06 00:00:00 UTC,6 Sep 1915,Noyelle,"[0.0, 0.0]","",person,Second Lieutenant  Pepys,"{""first""=>[""""], ""surname""=>[""Pepys""], ""rank""=>[""Second Lieutenant""], ""number""=>[""""], ""reason""=>[""other""], ""unit""=>[""""]}",2989899,Noyelles-lès-Vermelles,"[2.72628, 50.49001]"
41,AWD0001mxv,diary,383,2,1915-09-06 00:00:00 UTC,6 Sep 1915,Noyelle,"[0.0, 0.0]","",activity,enemy_activity,{},2989899,Noyelles-lès-Vermelles,"[2.72628, 50.49001]"
42,AWD0001mxv,diary,383,4,1915-09-06 00:00:00 UTC,6 Sep 1915,Noyelle,"[0.0, 0.0]","",activity,reconnoitered,{},2989899,Noyelles-lès-Vermelles,"[2.72628, 50.49001]"
44,AWD0001mxv,diary,383,3,1915-09-07 00:00:00 UTC,7 Sep 1915,Noyelle,"[0.0, 0.0]","",diaryDate,7 Sep 1915,"{""day""=>[""7""], ""month""=>[""Sep""], ""year""=>[""1915""]}",2989899,Noyelles-lès-Vermelles,"[2.72628, 50.49001]"
48,AWD0001mxv,diary,383,2,1915-09-07 00:00:00 UTC,7 Sep 1915,Noyelle,"[0.0, 0.0]","",activity,quiet,{},2989899,Noyelles-lès-Vermelles,"[2.72628, 50.49001]"
49,AWD0001mxv,diary,383,2,1915-09-07 00:00:00 UTC,7 Sep 1915,Noyelle,"[0.0, 0.0]","",weather,fine,{},2989899,Noyelles-lès-Vermelles,"[2.72628, 50.49001]"
50,AWD0001mxv,diary,383,2,1915-09-07 00:00:00 UTC,7 Sep 1915,Noyelle,"[0.0, 0.0]","",activity,repair,{},2989899,Noyelles-lès-Vermelles,"[2.72628, 50.49001]"
1,AWD0001mxt,diary,384,3,1915-09-08 00:00:00 UTC,8 Sep 1915,Noyelle,"[0.0, 0.0]","",diaryDate,8 Sep 1915,"{""day""=>[""8""], ""month""=>[""Sep""], ""year""=>[""1915""]}",2989899,Noyelles-lès-Vermelles,"[2.72628, 50.49001]"
3,AWD0001mxt,diary,384,2,1915-09-08 00:00:00 UTC,8 Sep 1915,Noyelle,"[0.0, 0.0]","",weather,fine,{},2989899,Noyelles-lès-Vermelles,"[2.72628, 50.49001]"
5,AWD0001mxt,diary,384,2,1915-09-08 17:00:00 UTC,8 Sep 1915,Noyelle,"[0.0, 0.0]",0500PM,time,0500PM,{},2989899,Noyelles-lès-Vermelles,"[2.72628, 50.49001]"
6,AWD0001mxt,diary,384,2,1915-09-08 17:00:00 UTC,8 Sep 1915,Noyelle,"[0.0, 0.0]",0500PM,activity,movement,{},2989899,Noyelles-lès-Vermelles,"[2.72628, 50.49001]"
8,AWD0001mxt,diary,384,3,1915-09-08 17:00:00 UTC,8 Sep 1915,Noyelle,"[0.0, 0.0]",0500PM,unit,2nd Warwicks,"{""name""=>[""2nd Warwicks""], ""context""=>[""relieved_by""]}",2989899,Noyelles-lès-Vermelles,"[2.72628, 50.49001]"
9,AWD0001mxt,diary,384,2,1915-09-08 15:00:00 UTC,8 Sep 1915,Noyelle,"[0.0, 0.0]",0300PM,time,0300PM,{},2989899,Noyelles-lès-Vermelles,"[2.72628, 50.49001]"
13,AWD0001mxt,diary,384,2,1915-09-08 19:00:00 UTC,8 Sep 1915,Noyelle,"[0.0, 0.0]",0700PM,time,0700PM,{},2989899,Noyelles-lès-Vermelles,"[2.72628, 50.49001]"
14,AWD0001mxt,diary,384,3,1915-09-08 19:00:00 UTC,8 Sep 1915,Noyelle,"[0.0, 0.0]",0700PM,casualties,"killed: 1, wounded: 1",{},2989899,Noyelles-lès-Vermelles,"[2.72628, 50.49001]"
15,AWD0001mxt,diary,384,3,1915-09-08 19:00:00 UTC,8 Sep 1915,Noyelle,"[0.0, 0.0]",0700PM,casualties,killed: 3,{},2989899,Noyelles-lès-Vermelles,"[2.72628, 50.49001]"
19,AWD0001mxt,diary,384,2,1915-09-08 19:00:00 UTC,8 Sep 1915,Noyelle,"[0.0, 0.0]",0700PM,activity,movement,{},2989899,Noyelles-lès-Vermelles,"[2.72628, 50.49001]"
20,AWD0001mxt,diary,384,3,1915-09-08 08:00:00 UTC,8 Sep 1915,Noyelle,"[0.0, 0.0]",0800AM,time,0800AM,{},2989899,Noyelles-lès-Vermelles,"[2.72628, 50.49001]"
24,AWD0001mxt,diary,384,4,1915-09-08 08:00:00 UTC,8 Sep 1915,"les harisuirs, Les Harisvirs, Les Harisoirs, Les Harisuies","[0.0, 0.0]",0800AM,place,"les harisuirs, Les Harisvirs, Les Harisoirs, Les Harisuies","{""place""=>[""les harisuirs"", ""Les Harisvirs"", ""Les Harisoirs"", ""Les Harisuies""], ""location""=>[""true""], ""name""=>[""""], ""lat""=>[""""], ""long""=>[""""], ""id""=>[""""]}",,,
26,AWD0001mxt,diary,384,3,1915-09-09 00:00:00 UTC,9 Sep 1915,"les harisuirs, Les Harisvirs, Les Harisoirs, Les Harisuies","[0.0, 0.0]","",diaryDate,9 Sep 1915,"{""day""=>[""9""], ""month""=>[""Sep""], ""year""=>[""1915""]}",,,
29,AWD0001mxt,diary,384,2,1915-09-09 00:00:00 UTC,9 Sep 1915,Les Harisuirs,"[0.0, 0.0]","",place,Les Harisuirs,"{""place""=>[""Les Harisuirs""], ""location""=>[""true""], ""name""=>[""""], ""lat""=>[""""], ""long""=>[""""], ""id""=>[""""]}",,,
30,AWD0001mxt,diary,384,3,1915-09-10 00:00:00 UTC,10 Sep 1915,Les Harisuirs,"[0.0, 0.0]","",diaryDate,10 Sep 1915,"{""day""=>[""10""], ""month""=>[""Sep""], ""year""=>[""1915""]}",,,
31,AWD0001mxt,diary,384,3,1915-09-10 00:00:00 UTC,10 Sep 1915,Les Harisuirs,"[0.0, 0.0]","",weather,fine,{},,,
32,AWD0001mxt,diary,384,3,1915-09-11 00:00:00 UTC,11 Sep 1915,Les Harisuirs,"[0.0, 0.0]","",diaryDate,11 Sep 1915,"{""day""=>[""11""], ""month""=>[""Sep""], ""year""=>[""1915""]}",,,
33,AWD0001mxt,diary,384,4,1915-09-11 00:00:00 UTC,11 Sep 1915,Les Harisuirs,"[0.0, 0.0]","",person,Colonel  Davies,"{""first""=>[""""], ""surname""=>[""Davies""], ""rank""=>[""Colonel""], ""number""=>[""""], ""reason""=>[""other""], ""unit""=>[""""]}",,,
35,AWD0001mxt,diary,384,4,1915-09-11 00:00:00 UTC,11 Sep 1915,Les Harisuirs,"[0.0, 0.0]","",person,Major  Story,"{""first""=>[""""], ""surname""=>[""Story""], ""rank""=>[""Major""], ""number""=>[""""], ""reason""=>[""departed_posted""], ""unit""=>[""""]}",,,
37,AWD0001mxt,diary,384,2,1915-09-11 00:00:00 UTC,11 Sep 1915,Les Harisuirs,"[0.0, 0.0]","",place,Les Harisuirs,"{""place""=>[""Les Harisuirs""], ""location""=>[""true""], ""name""=>[""""], ""lat""=>[""""], ""long""=>[""""], ""id""=>[""""]}",,,
38,AWD0001mxt,diary,384,3,1915-09-11 08:00:00 UTC,11 Sep 1915,Les Harisuirs,"[0.0, 0.0]",0800AM,time,0800AM,{},,,
39,AWD0001mxt,diary,384,4,1915-09-11 08:00:00 UTC,11 Sep 1915,Verquin,"[2.63888, 50.5024]",0800AM,place,Verquin,"{""place""=>[""Verquin""], ""location""=>[""true""], ""name""=>["""", ""Verquin""], ""lat""=>["""", ""50.5024""], ""long""=>["""", ""2.63888""], ""id""=>["""", ""2969722""]}",2969964,Verdun,"[1.68819, 42.79528]"
40,AWD0001mxt,diary,384,3,1915-09-13 00:00:00 UTC,13 Sep 1915,Verquin,"[2.63888, 50.5024]","",diaryDate,13 Sep 1915,"{""day""=>[""13""], ""month""=>[""Sep""], ""year""=>[""1915""]}",2969964,Verdun,"[1.68819, 42.79528]"
42,AWD0001mxt,diary,384,3,1915-09-13 00:00:00 UTC,13 Sep 1915,Verquin,"[2.63888, 50.5024]","",activity,movement,{},2969964,Verdun,"[1.68819, 42.79528]"
43,AWD0001mxt,diary,384,2,1915-09-13 11:00:00 UTC,13 Sep 1915,Verquin,"[2.63888, 50.5024]",1100AM,time,1100AM,{},2969964,Verdun,"[1.68819, 42.79528]"
44,AWD0001mxt,diary,384,3,1915-09-14 00:00:00 UTC,14 Sep 1915,Verquin,"[2.63888, 50.5024]","",diaryDate,14 Sep 1915,"{""day""=>[""14""], ""month""=>[""Sep""], ""year""=>[""1915""]}",2969964,Verdun,"[1.68819, 42.79528]"
45,AWD0001mxt,diary,384,3,1915-09-14 00:00:00 UTC,14 Sep 1915,Vermelles,"[2.74739, 50.48949]","",place,Vermelles,"{""place""=>[""Vermelles""], ""location""=>[""true""], ""name""=>[""Vermelles""], ""lat""=>[""50.48949""], ""long""=>[""2.74739""], ""id""=>[""2969864""]}",2969864,Vermelles,"[2.74739, 50.48949]"
46,AWD0001mxt,diary,384,4,1915-09-14 00:00:00 UTC,14 Sep 1915,Verquin,"[2.63888, 50.5024]","",place,Verquin,"{""place""=>[""Verquin""], ""location""=>[""true""], ""name""=>[""Verquin""], ""lat""=>[""50.5024""], ""long""=>[""2.63888""], ""id""=>[""2969722""]}",2969964,Verdun,"[1.68819, 42.79528]"
47,AWD0001mxt,diary,384,3,1915-09-15 00:00:00 UTC,15 Sep 1915,Verquin,"[2.63888, 50.5024]","",diaryDate,15 Sep 1915,"{""day""=>[""15""], ""month""=>[""Sep""], ""year""=>[""1915""]}",2969964,Verdun,"[1.68819, 42.79528]"
48,AWD0001mxt,diary,384,3,1915-09-15 00:00:00 UTC,15 Sep 1915,Vermelles,"[2.74739, 50.48949]","",place,Vermelles,"{""place""=>[""Vermelles""], ""location""=>[""true""], ""name""=>[""Vermelles""], ""lat""=>[""50.48949""], ""long""=>[""2.74739""], ""id""=>[""2969864""]}",2969864,Vermelles,"[2.74739, 50.48949]"
49,AWD0001mxt,diary,384,2,1915-09-15 00:00:00 UTC,15 Sep 1915,Vermelles,"[2.74739, 50.48949]","",weather,fine,{},2969864,Vermelles,"[2.74739, 50.48949]"
51,AWD0001mxt,diary,384,2,1915-09-15 00:00:00 UTC,15 Sep 1915,Vermelles,"[2.74739, 50.48949]","",activity,other,{},2969864,Vermelles,"[2.74739, 50.48949]"
52,AWD0001mxt,diary,384,3,1915-09-16 00:00:00 UTC,16 Sep 1915,Vermelles,"[2.74739, 50.48949]","",diaryDate,16 Sep 1915,"{""day""=>[""16""], ""month""=>[""Sep""], ""year""=>[""1915""]}",2969864,Vermelles,"[2.74739, 50.48949]"
54,AWD0001mxt,diary,384,4,1915-09-16 09:00:00 UTC,16 Sep 1915,Vermelles,"[2.74739, 50.48949]",0900AM,time,0900AM,{},2969864,Vermelles,"[2.74739, 50.48949]"
55,AWD0001mxt,diary,384,4,1915-09-16 09:00:00 UTC,16 Sep 1915,Vermelles,"[2.74739, 50.48949]",0900AM,activity,fire,{},2969864,Vermelles,"[2.74739, 50.48949]"
58,AWD0001mxt,diary,384,2,1915-09-16 09:00:00 UTC,16 Sep 1915,Vermelles,"[2.74739, 50.48949]",0900AM,person,"Captain  Bellwood, Rallwood (?)","{""first""=>[""""], ""surname""=>[""Bellwood"", ""Rallwood (?)""], ""rank""=>[""Captain""], ""number""=>[""""], ""reason""=>[""other""], ""unit""=>[""8 Battalion Devonshire Regiment."", """"]}",2969864,Vermelles,"[2.74739, 50.48949]"
63,AWD0001mxt,diary,384,2,1915-09-17 00:00:00 UTC,"17 Sep 1915, 1914",Vermelles,"[2.74739, 50.48949]","",diaryDate,"17 Sep 1915, 1914","{""day""=>[""17""], ""month""=>[""Sep""], ""year""=>[""1915"", ""1914""]}",2969864,Vermelles,"[2.74739, 50.48949]"
64,AWD0001mxt,diary,384,3,1915-09-17 00:00:00 UTC,"17 Sep 1915, 1914",Verquin,"[2.63888, 50.5024]","",place,Verquin,"{""place""=>[""Verquin""], ""location""=>[""true""], ""name""=>[""Verquin""], ""lat""=>[""50.5024""], ""long""=>[""2.63888""], ""id""=>[""2969722""]}",2969964,Verdun,"[1.68819, 42.79528]"
66,AWD0001mxt,diary,384,2,1915-09-17 00:00:00 UTC,"17 Sep 1915, 1914",Verquin,"[2.63888, 50.5024]","",activity,movement,{},2969964,Verdun,"[1.68819, 42.79528]"
68,AWD0001mxt,diary,384,2,1915-09-17 00:00:00 UTC,"17 Sep 1915, 1914",Verquin,"[2.63888, 50.5024]","",weather,fine,{},2969964,Verdun,"[1.68819, 42.79528]"
69,AWD0001mxt,diary,384,2,1914-09-18 00:00:00 UTC,"18 Sep 1914, 1915",Verquin,"[2.63888, 50.5024]","",diaryDate,"18 Sep 1914, 1915","{""day""=>[""18""], ""month""=>[""Sep""], ""year""=>[""1914"", ""1915""]}",2969964,Verdun,"[1.68819, 42.79528]"
70,AWD0001mxt,diary,384,2,1914-09-18 00:00:00 UTC,"18 Sep 1914, 1915",Verquin,"[2.63888, 50.5024]","",place,Verquin,"{""place""=>[""Verquin""], ""location""=>[""true""], ""name""=>[""Verquin"", """"], ""lat""=>[""50.5024"", """"], ""long""=>[""2.63888"", """"], ""id""=>[""2969722"", """"]}",2969964,Verdun,"[1.68819, 42.79528]"
1,AWD0001n0u,diary,385,6,1914-09-18 00:00:00 UTC,"18 Sep 1914, 1915",Verquin,"[2.63888, 50.5024]","",place,Verquin,"{""place""=>[""Verquin""], ""location""=>[""true""], ""name""=>[""Verquin""], ""lat""=>[""50.5024""], ""long""=>[""2.63888""], ""id""=>[""2969722""]}",2969964,Verdun,"[1.68819, 42.79528]"
2,AWD0001n0u,diary,385,3,1915-09-19 00:00:00 UTC,19 Sep 1915,Verquin,"[2.63888, 50.5024]","",diaryDate,19 Sep 1915,"{""day""=>[""19""], ""month""=>[""Sep""], ""year""=>[""1915""]}",2969964,Verdun,"[1.68819, 42.79528]"
4,AWD0001n0u,diary,385,2,1915-09-21 00:00:00 UTC,"21 Sep 1915, 1914",Verquin,"[2.63888, 50.5024]","",diaryDate,"21 Sep 1915, 1914","{""day""=>[""21""], ""month""=>[""Sep""], ""year""=>[""1915"", ""1914""]}",2969964,Verdun,"[1.68819, 42.79528]"
5,AWD0001n0u,diary,385,5,1915-09-21 00:00:00 UTC,"21 Sep 1915, 1914",Verquin,"[2.63888, 50.5024]","",weather,fine,{},2969964,Verdun,"[1.68819, 42.79528]"
6,AWD0001n0u,diary,385,4,1915-09-22 00:00:00 UTC,22 Sep 1915,Verquin,"[2.63888, 50.5024]","",diaryDate,22 Sep 1915,"{""day""=>[""22""], ""month""=>[""Sep""], ""year""=>[""1915""]}",2969964,Verdun,"[1.68819, 42.79528]"
8,AWD0001n0u,diary,385,3,1915-09-22 18:00:00 UTC,22 Sep 1915,Verquin,"[2.63888, 50.5024]",0600PM,time,0600PM,{},2969964,Verdun,"[1.68819, 42.79528]"
9,AWD0001n0u,diary,385,4,1915-09-22 18:00:00 UTC,22 Sep 1915,Verquigneul,"[2.66628, 50.50245]",0600PM,place,Verquigneul,"{""place""=>[""Verquigneul""], ""location""=>[""true""], ""name""=>[""Verquigneul"", """"], ""lat""=>[""50.50245"", """"], ""long""=>[""2.66628"", """"], ""id""=>[""2969723"", """"]}",2969723,Verquigneul,"[2.66628, 50.50245]"
10,AWD0001n0u,diary,385,5,1915-09-22 18:00:00 UTC,22 Sep 1915,Verquigneul,"[2.66628, 50.50245]",0600PM,activity,movement,{},2969723,Verquigneul,"[2.66628, 50.50245]"
11,AWD0001n0u,diary,385,4,1915-09-23 00:00:00 UTC,23 Sep 1915,Verquigneul,"[2.66628, 50.50245]","",diaryDate,23 Sep 1915,"{""day""=>[""23""], ""month""=>[""Sep""], ""year""=>[""1915""]}",2969723,Verquigneul,"[2.66628, 50.50245]"
12,AWD0001n0u,diary,385,3,1915-09-23 18:30:00 UTC,23 Sep 1915,Verquigneul,"[2.66628, 50.50245]",0630PM,time,0630PM,{},2969723,Verquigneul,"[2.66628, 50.50245]"
13,AWD0001n0u,diary,385,3,1915-09-23 18:30:00 UTC,23 Sep 1915,Vermelles,"[2.74739, 50.48949]",0630PM,place,Vermelles,"{""place""=>[""Vermelles""], ""location""=>[""true""], ""name""=>[""Vermelles""], ""lat""=>[""50.48949""], ""long""=>[""2.74739""], ""id""=>[""2969864""]}",2969864,Vermelles,"[2.74739, 50.48949]"
15,AWD0001n0u,diary,385,5,1915-09-23 18:30:00 UTC,23 Sep 1915,Verquigneul,"[2.66628, 50.50245]",0630PM,place,Verquigneul,"{""place""=>[""Verquigneul""], ""location""=>[""true""], ""name""=>[""Verquigneul""], ""lat""=>[""50.50245""], ""long""=>[""2.66628""], ""id""=>[""2969723""]}",2969723,Verquigneul,"[2.66628, 50.50245]"
22,AWD0001n0u,diary,385,4,1915-09-24 00:00:00 UTC,24 Sep 1915,Verquigneul,"[2.66628, 50.50245]","",diaryDate,24 Sep 1915,"{""day""=>[""24""], ""month""=>[""Sep""], ""year""=>[""1915""]}",2969723,Verquigneul,"[2.66628, 50.50245]"
24,AWD0001n0u,diary,385,5,1915-09-24 00:00:00 UTC,24 Sep 1915,Vermelles,"[2.74739, 50.48949]","",place,Vermelles,"{""place""=>[""Vermelles""], ""location""=>[""true""], ""name""=>[""Vermelles""], ""lat""=>[""50.48949""], ""long""=>[""2.74739""], ""id""=>[""2969864""]}",2969864,Vermelles,"[2.74739, 50.48949]"
25,AWD0001n0u,diary,385,4,1915-09-24 21:15:00 UTC,24 Sep 1915,Vermelles,"[2.74739, 50.48949]",0915PM,time,0915PM,{},2969864,Vermelles,"[2.74739, 50.48949]"
26,AWD0001n0u,diary,385,3,1915-09-24 21:15:00 UTC,24 Sep 1915,Vermelles,"[2.74739, 50.48949]",0915PM,activity,movement,{},2969864,Vermelles,"[2.74739, 50.48949]"
29,AWD0001n0u,diary,385,3,1915-09-24 21:15:00 UTC,24 Sep 1915,Vermelles,"[2.74739, 50.48949]",0915PM,activity,line,{},2969864,Vermelles,"[2.74739, 50.48949]"
30,AWD0001n0u,diary,385,2,1915-09-24 21:15:00 UTC,24 Sep 1915,Vermelles,"[2.74739, 50.48949]",0915PM,activity,support,{},2969864,Vermelles,"[2.74739, 50.48949]"
31,AWD0001n0u,diary,385,4,1915-09-24 21:15:00 UTC,24 Sep 1915,Vermelles,"[2.74739, 50.48949]",0915PM,activity,line,{},2969864,Vermelles,"[2.74739, 50.48949]"
32,AWD0001n0u,diary,385,4,1915-09-24 21:15:00 UTC,24 Sep 1915,Vermelles,"[2.74739, 50.48949]",0915PM,activity,support,{},2969864,Vermelles,"[2.74739, 50.48949]"
34,AWD0001n0u,diary,385,6,1915-09-24 21:15:00 UTC,24 Sep 1915,Vermelles,"[2.74739, 50.48949]",0915PM,person,Captain  Roberts,"{""first""=>[""""], ""surname""=>[""Roberts""], ""rank""=>[""Captain""], ""number""=>[""""], ""reason""=>[""other""], ""unit""=>[""""]}",2969864,Vermelles,"[2.74739, 50.48949]"
35,AWD0001n0u,diary,385,6,1915-09-24 21:15:00 UTC,24 Sep 1915,Vermelles,"[2.74739, 50.48949]",0915PM,person,Captain  Jordan,"{""first""=>[""""], ""surname""=>[""Jordan""], ""rank""=>[""Captain""], ""number""=>[""""], ""reason""=>[""other""], ""unit""=>[""""]}",2969864,Vermelles,"[2.74739, 50.48949]"
36,AWD0001n0u,diary,385,6,1915-09-24 21:15:00 UTC,24 Sep 1915,Vermelles,"[2.74739, 50.48949]",0915PM,person,Lieutenant  Sheepshanks,"{""first""=>[""""], ""surname""=>[""Sheepshanks""], ""rank""=>[""Lieutenant""], ""number""=>[""""], ""reason""=>[""other""], ""unit""=>[""""]}",2969864,Vermelles,"[2.74739, 50.48949]"
37,AWD0001n0u,diary,385,5,1915-09-24 21:15:00 UTC,24 Sep 1915,Vermelles,"[2.74739, 50.48949]",0915PM,person,Second Lieutenant  Pepys,"{""first""=>[""""], ""surname""=>[""Pepys""], ""rank""=>[""Second Lieutenant""], ""number""=>[""""], ""reason""=>[""other""], ""unit""=>[""""]}",2969864,Vermelles,"[2.74739, 50.48949]"
38,AWD0001n0u,diary,385,5,1915-09-24 21:15:00 UTC,24 Sep 1915,Vermelles,"[2.74739, 50.48949]",0915PM,person,Second Lieutenant  Drew,"{""first""=>[""""], ""surname""=>[""Drew""], ""rank""=>[""Second Lieutenant""], ""number""=>[""""], ""reason""=>[""other""], ""unit""=>[""""]}",2969864,Vermelles,"[2.74739, 50.48949]"
40,AWD0001n0u,diary,385,4,1915-09-25 00:00:00 UTC,25 Sep 1915,Vermelles,"[2.74739, 50.48949]","",diaryDate,25 Sep 1915,"{""day""=>[""25""], ""month""=>[""Sep""], ""year""=>[""1915""]}",2969864,Vermelles,"[2.74739, 50.48949]"
41,AWD0001n0u,diary,385,6,1915-09-25 00:00:00 UTC,25 Sep 1915,Vermelles,"[2.74739, 50.48949]","",activity,attack,{},2969864,Vermelles,"[2.74739, 50.48949]"
42,AWD0001n0u,diary,385,4,1915-09-25 00:00:00 UTC,25 Sep 1915,Vermelles,"[2.74739, 50.48949]","",activity,fire,{},2969864,Vermelles,"[2.74739, 50.48949]"
44,AWD0001n0u,diary,385,3,1915-09-25 00:00:00 UTC,25 Sep 1915,Vermelles,"[2.74739, 50.48949]","",activity,attack,{},2969864,Vermelles,"[2.74739, 50.48949]"
45,AWD0001n0u,diary,385,2,1915-09-25 00:00:00 UTC,25 Sep 1915,Vermelles,"[2.74739, 50.48949]","",activity,other,{},2969864,Vermelles,"[2.74739, 50.48949]"
47,AWD0001n0u,diary,385,5,1915-09-25 00:00:00 UTC,25 Sep 1915,Breslau Trench,"[0.0, 0.0]","",place,Breslau Trench,"{""place""=>[""Breslau Trench""], ""location""=>[""true""], ""name""=>[""""], ""lat""=>[""""], ""long""=>[""""], ""id""=>[""""]}",,,
53,AWD0001n0u,diary,385,6,1915-09-25 00:00:00 UTC,25 Sep 1915,Breslau Trench,"[0.0, 0.0]","",person,Colonel  Grant,"{""first""=>[""""], ""surname""=>[""Grant""], ""rank""=>[""Colonel""], ""number""=>[""""], ""reason""=>[""casualty_kia""], ""unit""=>[""""]}",,,
55,AWD0001n0u,diary,385,2,1915-09-25 00:00:00 UTC,25 Sep 1915,Breslau Trench,"[0.0, 0.0]","",place,Breslau Trench,"{""place""=>[""Breslau Trench""], ""location""=>[""true""], ""name""=>[""""], ""lat""=>[""""], ""long""=>[""""], ""id""=>[""""]}",,,
56,AWD0001n0u,diary,385,3,1915-09-25 00:00:00 UTC,25 Sep 1915,Breslau Trench,"[0.0, 0.0]","",person,"Captain  Kekeuvich, KEKERICH, Kevenich","{""first""=>[""""], ""surname""=>[""Kekeuvich"", ""KEKERICH"", ""Kevenich""], ""rank""=>[""Captain""], ""number""=>[""""], ""reason""=>[""casualty_died""], ""unit""=>[""""]}",,,
57,AWD0001n0u,diary,385,6,1915-09-25 00:00:00 UTC,25 Sep 1915,Breslau Trench,"[0.0, 0.0]","",person,Lieutenant  Windle,"{""first""=>[""""], ""surname""=>[""Windle""], ""rank""=>[""Lieutenant""], ""number""=>[""""], ""reason""=>[""casualty_kia""], ""unit""=>[""""]}",,,
58,AWD0001n0u,diary,385,12,1915-09-25 00:00:00 UTC,25 Sep 1915,Breslau Trench,"[0.0, 0.0]","",person,"Major,Lieutenant  Carver","{""first""=>[""""], ""surname""=>[""Carver""], ""rank""=>[""Major"", ""Lieutenant""], ""number""=>[""""], ""reason""=>[""casualty_kia""], ""unit""=>[""""]}",,,
59,AWD0001n0u,diary,385,2,1915-09-25 00:00:00 UTC,25 Sep 1915,Breslau Trench,"[0.0, 0.0]","",person,"Chaplain,Captain  Kenerick, Kenewick","{""first""=>[""""], ""surname""=>[""Kenerick"", ""Kenewick""], ""rank""=>[""Chaplain"", ""Captain""], ""number""=>[""""], ""reason""=>[""casualty_kia""], ""unit""=>[""""]}",,,
61,AWD0001n0u,diary,385,3,1915-09-25 00:00:00 UTC,25 Sep 1915,Breslau Trench,"[0.0, 0.0]","",person,"Lieutenant  ASHAGE, Ashorege, Ashridge","{""first""=>[""""], ""surname""=>[""ASHAGE"", ""Ashorege"", ""Ashridge""], ""rank""=>[""Lieutenant""], ""number""=>[""""], ""reason""=>[""casualty_kia""], ""unit""=>[""""]}",,,
62,AWD0001n0u,diary,385,3,1915-09-25 00:00:00 UTC,25 Sep 1915,Breslau Trench,"[0.0, 0.0]","",person,Lieutenant  Ashcroft,"{""first""=>[""""], ""surname""=>[""Ashcroft""], ""rank""=>[""Lieutenant""], ""number""=>[""""], ""reason""=>[""casualty_kia""], ""unit""=>[""""]}",,,
64,AWD0001n0u,diary,385,6,1915-09-25 00:00:00 UTC,25 Sep 1915,Breslau Trench,"[0.0, 0.0]","",person,Lieutenant  Dodgson,"{""first""=>[""""], ""surname""=>[""Dodgson""], ""rank""=>[""Lieutenant""], ""number""=>[""""], ""reason""=>[""casualty_kia""], ""unit""=>[""""]}",,,
66,AWD0001n0u,diary,385,6,1915-09-25 00:00:00 UTC,25 Sep 1915,Breslau Trench,"[0.0, 0.0]","",person,Captain  James,"{""first""=>[""""], ""surname""=>[""James""], ""rank""=>[""Captain""], ""number""=>[""""], ""reason""=>[""casualty_wounded""], ""unit""=>[""""]}",,,
67,AWD0001n0u,diary,385,7,1915-09-25 00:00:00 UTC,25 Sep 1915,Breslau Trench,"[0.0, 0.0]","",person,Captain  Ryan,"{""first""=>[""""], ""surname""=>[""Ryan""], ""rank""=>[""Captain""], ""number""=>[""""], ""reason""=>[""casualty_wounded""], ""unit""=>[""""]}",,,
68,AWD0001n0u,diary,385,4,1915-09-25 00:00:00 UTC,25 Sep 1915,Breslau Trench,"[0.0, 0.0]","",person,"Lieutenant  Macmichal, Macmichael, MACMICHAEL, MacMichael","{""first""=>[""""], ""surname""=>[""Macmichal"", ""Macmichael"", ""MACMICHAEL"", ""MacMichael""], ""rank""=>[""Lieutenant""], ""number""=>[""""], ""reason""=>[""casualty_wounded""], ""unit""=>[""""]}",,,
71,AWD0001n0u,diary,385,5,1915-09-25 00:00:00 UTC,25 Sep 1915,Breslau Trench,"[0.0, 0.0]","",person,Lieutenant  Hulen,"{""first""=>[""""], ""surname""=>[""Hulen""], ""rank""=>[""Lieutenant""], ""number""=>[""""], ""reason""=>[""casualty_wounded""], ""unit""=>[""""]}",,,
72,AWD0001n0u,diary,385,6,1915-09-25 00:00:00 UTC,25 Sep 1915,Breslau Trench,"[0.0, 0.0]","",person,Captain  Broadbridge,"{""first""=>[""""], ""surname""=>[""Broadbridge""], ""rank""=>[""Captain""], ""number""=>[""""], ""reason""=>[""casualty_wounded""], ""unit""=>[""""]}",,,
73,AWD0001n0u,diary,385,6,1915-09-25 00:00:00 UTC,25 Sep 1915,Breslau Trench,"[0.0, 0.0]","",person,Second Lieutenant  Nixon,"{""first""=>[""""], ""surname""=>[""Nixon""], ""rank""=>[""Second Lieutenant""], ""number""=>[""""], ""reason""=>[""casualty_wounded""], ""unit""=>[""""]}",,,
74,AWD0001n0u,diary,385,6,1915-09-25 00:00:00 UTC,25 Sep 1915,Breslau Trench,"[0.0, 0.0]","",person,Second Lieutenant  Bridson,"{""first""=>[""""], ""surname""=>[""Bridson""], ""rank""=>[""Second Lieutenant""], ""number""=>[""""], ""reason""=>[""casualty_wounded""], ""unit""=>[""""]}",,,
75,AWD0001n0u,diary,385,4,1915-09-25 00:00:00 UTC,25 Sep 1915,Breslau Trench,"[0.0, 0.0]","",person,Second Lieutenant  Cracroft,"{""first""=>[""""], ""surname""=>[""Cracroft""], ""rank""=>[""Second Lieutenant""], ""number""=>[""""], ""reason""=>[""casualty_wounded""], ""unit""=>[""""]}",,,
1,AWD0001n21,diary,386,3,1915-09-25 00:00:00 UTC,25 Sep 1915,Breslau Trench,"[0.0, 0.0]","",diaryDate,25 Sep 1915,"{""day""=>[""25""], ""month""=>[""Sep""], ""year""=>[""1915""]}",,,
3,AWD0001n21,diary,386,3,1915-09-25 00:00:00 UTC,25 Sep 1915,Breslau Trench,"[0.0, 0.0]","",activity,attack,{},,,
4,AWD0001n21,diary,386,3,1915-09-25 00:00:00 UTC,25 Sep 1915,Hulluch Road,"[0.0, 0.0]","",place,Hulluch Road,"{""place""=>[""Hulluch Road""], ""location""=>[""true""], ""name""=>[""""], ""lat""=>[""""], ""long""=>[""""], ""id""=>[""""]}",2969864,Vermelles,"[2.74739, 50.48949]"
9,AWD0001n21,diary,386,5,1915-09-25 00:00:00 UTC,25 Sep 1915,Hulluch Road,"[0.0, 0.0]","",person,Sergeant  North,"{""first""=>[""""], ""surname""=>[""North""], ""rank""=>[""Sergeant""], ""number""=>[""""], ""reason""=>[""commander"", ""other""], ""unit""=>[""""]}",2969864,Vermelles,"[2.74739, 50.48949]"
11,AWD0001n21,diary,386,4,1915-09-25 08:00:00 UTC,25 Sep 1915,Hulluch Road,"[0.0, 0.0]",0800AM,time,0800AM,{},2969864,Vermelles,"[2.74739, 50.48949]"
12,AWD0001n21,diary,386,3,1915-09-25 08:00:00 UTC,25 Sep 1915,Hulluch Road,"[0.0, 0.0]",0800AM,activity,movement,{},2969864,Vermelles,"[2.74739, 50.48949]"
14,AWD0001n21,diary,386,4,1915-09-25 08:00:00 UTC,25 Sep 1915,Hulluch Road,"[0.0, 0.0]",0800AM,person,Captain  Gwyan,"{""first""=>[""""], ""surname""=>[""Gwyan""], ""rank""=>[""Captain""], ""number""=>[""""], ""reason""=>[""commander""], ""unit""=>[""""]}",2969864,Vermelles,"[2.74739, 50.48949]"
17,AWD0001n21,diary,386,3,1915-09-25 08:00:00 UTC,25 Sep 1915,Hulluch Road,"[0.0, 0.0]",0800AM,person,Second Lieutenant  Trott,"{""first""=>[""""], ""surname""=>[""Trott""], ""rank""=>[""Second Lieutenant""], ""number""=>[""""], ""reason""=>[""commander"", ""other"", ""combat""], ""unit""=>[""""]}",2969864,Vermelles,"[2.74739, 50.48949]"
18,AWD0001n21,diary,386,3,1915-09-25 08:00:00 UTC,25 Sep 1915,Hulluch,"[2.81232, 50.48961]",0800AM,place,Hulluch,"{""place""=>[""Hulluch""], ""location""=>[""true""], ""name""=>[""Hulluch""], ""lat""=>[""50.48961""], ""long""=>[""2.81232""], ""id""=>[""3013001""]}",3013001,Hulluch,"[2.81232, 50.48961]"
19,AWD0001n21,diary,386,3,1915-09-25 08:00:00 UTC,25 Sep 1915,Hulluch,"[2.81232, 50.48961]",0800AM,activity,other,{},3013001,Hulluch,"[2.81232, 50.48961]"
22,AWD0001n21,diary,386,2,1915-09-25 08:00:00 UTC,25 Sep 1915,Hulluch,"[2.81232, 50.48961]",0800AM,activity,other,{},3013001,Hulluch,"[2.81232, 50.48961]"
23,AWD0001n21,diary,386,3,1915-09-25 08:00:00 UTC,25 Sep 1915,Hulluch,"[2.81232, 50.48961]",0800AM,unit,2nd Gordons,"{""name""=>[""2nd Gordons""], ""context""=>[""right""]}",3013001,Hulluch,"[2.81232, 50.48961]"
27,AWD0001n21,diary,386,5,1915-09-25 08:00:00 UTC,25 Sep 1915,Hulluch,"[2.81232, 50.48961]",0800AM,person,Sergeant  Northam,"{""first""=>[""""], ""surname""=>[""Northam""], ""rank""=>[""Sergeant""], ""number""=>[""""], ""reason""=>[""casualty_kia""], ""unit""=>[""""]}",3013001,Hulluch,"[2.81232, 50.48961]"
30,AWD0001n21,diary,386,3,1915-09-25 08:00:00 UTC,25 Sep 1915,Hulluch,"[2.81232, 50.48961]",0800AM,place,Hulluch,"{""place""=>[""Hulluch""], ""location""=>[""false""], ""name""=>[""Hulluch""], ""lat""=>[""50.48961""], ""long""=>[""2.81232""], ""id""=>[""3013001""]}",3013001,Hulluch,"[2.81232, 50.48961]"
31,AWD0001n21,diary,386,2,1915-09-25 08:00:00 UTC,25 Sep 1915,Hulluch,"[2.81232, 50.48961]",0800AM,place,Cite St Elie,"{""place""=>[""Cite St Elie""], ""location""=>[""false"", ""true""], ""name""=>[""Cité St Elie""], ""lat""=>[""50.49072""], ""long""=>[""2.80915""], ""id""=>[""9645388""]}",3013001,Hulluch,"[2.81232, 50.48961]"
32,AWD0001n21,diary,386,2,1915-09-25 18:15:00 UTC,25 Sep 1915,Hulluch,"[2.81232, 50.48961]",0615PM,time,0615PM,{},3013001,Hulluch,"[2.81232, 50.48961]"
34,AWD0001n21,diary,386,2,1915-09-25 18:15:00 UTC,25 Sep 1915,Hulluch,"[2.81232, 50.48961]",0615PM,domestic,rations,{},3013001,Hulluch,"[2.81232, 50.48961]"
36,AWD0001n21,diary,386,2,1915-09-25 18:15:00 UTC,25 Sep 1915,Hulluch,"[2.81232, 50.48961]",0615PM,place,Chapelle,"{""place""=>[""Chapelle""], ""location""=>[""false""], ""name""=>[""""], ""lat""=>[""""], ""long""=>[""""], ""id""=>[""""]}",3013001,Hulluch,"[2.81232, 50.48961]"
37,AWD0001n21,diary,386,4,1915-09-25 18:15:00 UTC,25 Sep 1915,Hulluch,"[2.81232, 50.48961]",0615PM,time,0615PM,{},3013001,Hulluch,"[2.81232, 50.48961]"
40,AWD0001n21,diary,386,2,1915-09-25 21:30:00 UTC,25 Sep 1915,Hulluch,"[2.81232, 50.48961]",0930PM,time,0930PM,{},3013001,Hulluch,"[2.81232, 50.48961]"
41,AWD0001n21,diary,386,4,1915-09-25 21:30:00 UTC,25 Sep 1915,Hulluch,"[2.81232, 50.48961]",0930PM,activity,enemy_activity,{},3013001,Hulluch,"[2.81232, 50.48961]"
43,AWD0001n21,diary,386,2,1915-09-25 21:30:00 UTC,25 Sep 1915,Hulluch,"[2.81232, 50.48961]",0930PM,place,Cite St Elie,"{""place""=>[""Cite St Elie""], ""location""=>[""false"", ""true""], ""name""=>[""Cité St Elie""], ""lat""=>[""50.49072""], ""long""=>[""2.80915""], ""id""=>[""9645388""]}",3013001,Hulluch,"[2.81232, 50.48961]"
46,AWD0001n21,diary,386,3,1915-09-25 21:30:00 UTC,25 Sep 1915,Hulluch,"[2.81232, 50.48961]",0930PM,time,0930PM,{},3013001,Hulluch,"[2.81232, 50.48961]"
47,AWD0001n21,diary,386,2,1915-09-25 21:30:00 UTC,25 Sep 1915,Hulluch,"[2.81232, 50.48961]",0930PM,activity,fire,{},3013001,Hulluch,"[2.81232, 50.48961]"
51,AWD0001n21,diary,386,2,1915-09-25 21:30:00 UTC,25 Sep 1915,Hulluch,"[2.81232, 50.48961]",0930PM,activity,attack,{},3013001,Hulluch,"[2.81232, 50.48961]"
53,AWD0001n21,diary,386,3,1915-09-25 21:30:00 UTC,25 Sep 1915,Hulluch,"[2.81232, 50.48961]",0930PM,activity,fire,{},3013001,Hulluch,"[2.81232, 50.48961]"
56,AWD0001n21,diary,386,3,1915-09-25 21:30:00 UTC,25 Sep 1915,Hulluch,"[2.81232, 50.48961]",0930PM,person,Captain  Gwynn,"{""first""=>[""""], ""surname""=>[""Gwynn""], ""rank""=>[""Captain""], ""number""=>[""""], ""reason""=>[""casualty_wounded""], ""unit""=>[""""]}",3013001,Hulluch,"[2.81232, 50.48961]"
58,AWD0001n21,diary,386,5,1915-09-25 21:30:00 UTC,25 Sep 1915,Hulluch,"[2.81232, 50.48961]",0930PM,person,Second Lieutenant  Trott,"{""first""=>[""""], ""surname""=>[""Trott""], ""rank""=>[""Second Lieutenant""], ""number""=>[""""], ""reason""=>[""casualty_wounded""], ""unit""=>[""""]}",3013001,Hulluch,"[2.81232, 50.48961]"
61,AWD0001n21,diary,386,3,1915-09-25 21:30:00 UTC,25 Sep 1915,Hulluch,"[2.81232, 50.48961]",0930PM,person,Company Sergeant Major  Bryant,"{""first""=>[""""], ""surname""=>[""Bryant""], ""rank""=>[""Company Sergeant Major""], ""number""=>[""""], ""reason""=>[""casualty_wounded""], ""unit""=>[""""]}",3013001,Hulluch,"[2.81232, 50.48961]"
62,AWD0001n21,diary,386,4,1915-09-25 21:30:00 UTC,25 Sep 1915,Hulluch,"[2.81232, 50.48961]",0930PM,person,Sergeant  Hansford,"{""first""=>[""""], ""surname""=>[""Hansford""], ""rank""=>[""Sergeant""], ""number""=>[""""], ""reason""=>[""other"", ""combat""], ""unit""=>[""""]}",3013001,Hulluch,"[2.81232, 50.48961]"
65,AWD0001n21,diary,386,5,1915-09-25 21:30:00 UTC,25 Sep 1915,Hulluch,"[2.81232, 50.48961]",0930PM,unit,2nd Borders,"{""name""=>[""2nd Borders""], ""context""=>[""left""]}",3013001,Hulluch,"[2.81232, 50.48961]"
66,AWD0001n21,diary,386,4,1915-09-25 21:30:00 UTC,25 Sep 1915,Hulluch,"[2.81232, 50.48961]",0930PM,unit,6th Gordons,"{""name""=>[""6th Gordons""], ""context""=>[""right""]}",3013001,Hulluch,"[2.81232, 50.48961]"
69,AWD0001n21,diary,386,3,1915-09-25 21:30:00 UTC,25 Sep 1915,Hulluch,"[2.81232, 50.48961]",0930PM,unit,9th Devons,"{""name""=>[""9th Devons""], ""context""=>[""joined""]}",3013001,Hulluch,"[2.81232, 50.48961]"
70,AWD0001n21,diary,386,3,1915-09-25 21:30:00 UTC,25 Sep 1915,Hulluch Road,"[2.81232, 50.48961]",0930PM,place,Hulluch Road,"{""place""=>[""Hulluch Road""], ""location""=>[""true""], ""name""=>[""Hulluch""], ""lat""=>[""50.48961""], ""long""=>[""2.81232""], ""id""=>[""3013001""]}",2969864,Vermelles,"[2.74739, 50.48949]"
71,AWD0001n21,diary,386,2,1915-09-25 21:30:00 UTC,25 Sep 1915,Hulluch Road,"[2.81232, 50.48961]",0930PM,activity,other,{},2969864,Vermelles,"[2.74739, 50.48949]"
73,AWD0001n21,diary,386,5,1915-09-25 21:30:00 UTC,25 Sep 1915,Hulluch Road,"[2.81232, 50.48961]",0930PM,person,Quarter Master Sergeant  Davey,"{""first""=>[""""], ""surname""=>[""Davey""], ""rank""=>[""Quarter Master Sergeant""], ""number""=>[""""], ""reason""=>[""other""], ""unit""=>[""""]}",2969864,Vermelles,"[2.74739, 50.48949]"
1,AWD0001n1b,diary,387,4,1915-09-26 00:00:00 UTC,26 Sep 1915,Hulluch Road,"[2.81232, 50.48961]","",diaryDate,26 Sep 1915,"{""day""=>[""26""], ""month""=>[""Sep""], ""year""=>[""1915""]}",2969864,Vermelles,"[2.74739, 50.48949]"
3,AWD0001n1b,diary,387,4,1915-09-26 00:00:00 UTC,26 Sep 1915,Hulluch Road,"[2.81232, 50.48961]","",activity,repair,{},2969864,Vermelles,"[2.74739, 50.48949]"
5,AWD0001n1b,diary,387,3,1915-09-26 00:00:00 UTC,26 Sep 1915,Hulluch Road,"[2.81232, 50.48961]","",unit,2nd Borders,"{""name""=>[""2nd Borders""], ""context""=>[""joined""]}",2969864,Vermelles,"[2.74739, 50.48949]"
7,AWD0001n1b,diary,387,3,1915-09-26 00:00:00 UTC,26 Sep 1915,Hulluch Road,"[2.81232, 50.48961]","",unit,9th Devons,"{""name""=>[""9th Devons""], ""context""=>[""joined""]}",2969864,Vermelles,"[2.74739, 50.48949]"
10,AWD0001n1b,diary,387,3,1915-09-26 00:00:00 UTC,26 Sep 1915,Hulluch Road,"[2.81232, 50.48961]","",unit,"6 Gordons, 1/6th Gordons, 1/6 Gordons","{""name""=>[""6 Gordons"", ""1/6th Gordons"", ""1/6 Gordons""], ""context""=>[""right""]}",2969864,Vermelles,"[2.74739, 50.48949]"
12,AWD0001n1b,diary,387,4,1915-09-26 00:00:00 UTC,26 Sep 1915,Hulluch Road,"[2.81232, 50.48961]","",person,Captain  Jordan,"{""first""=>[""""], ""surname""=>[""Jordan""], ""rank""=>[""Captain""], ""number""=>[""""], ""reason""=>[""combat"", ""other""], ""unit""=>[""""]}",2969864,Vermelles,"[2.74739, 50.48949]"
13,AWD0001n1b,diary,387,8,1915-09-26 00:00:00 UTC,26 Sep 1915,Hulluch Road,"[2.81232, 50.48961]","",person,Captain  Roberts,"{""first""=>[""""], ""surname""=>[""Roberts""], ""rank""=>[""Captain""], ""number""=>[""""], ""reason""=>[""other"", ""commander""], ""unit""=>[""""]}",2969864,Vermelles,"[2.74739, 50.48949]"
14,AWD0001n1b,diary,387,4,1915-09-26 00:00:00 UTC,26 Sep 1915,Hulluch Road,"[2.81232, 50.48961]","",person,Lieutenant  Sheepshanks,"{""first""=>[""""], ""surname""=>[""Sheepshanks""], ""rank""=>[""Lieutenant""], ""number""=>[""""], ""reason""=>[""other""], ""unit""=>[""""]}",2969864,Vermelles,"[2.74739, 50.48949]"
15,AWD0001n1b,diary,387,4,1915-09-26 00:00:00 UTC,26 Sep 1915,Hulluch Road,"[2.81232, 50.48961]","",person,Second Lieutenant  Drew,"{""first""=>[""""], ""surname""=>[""Drew""], ""rank""=>[""Second Lieutenant""], ""number""=>[""""], ""reason""=>[""other"", ""combat""], ""unit""=>[""""]}",2969864,Vermelles,"[2.74739, 50.48949]"
16,AWD0001n1b,diary,387,4,1915-09-26 00:00:00 UTC,26 Sep 1915,Hulluch Road,"[2.81232, 50.48961]","",person,Second Lieutenant  Pepys,"{""first""=>[""""], ""surname""=>[""Pepys""], ""rank""=>[""Second Lieutenant""], ""number""=>[""""], ""reason""=>[""other"", ""combat""], ""unit""=>[""""]}",2969864,Vermelles,"[2.74739, 50.48949]"
24,AWD0001n1b,diary,387,2,1915-09-26 00:00:00 UTC,26 Sep 1915,Hulluch Road,"[2.81232, 50.48961]","",place,Fosse 8,"{""place""=>[""Fosse 8""], ""location""=>[""false""], ""name""=>[""Cité St Elie"", """"], ""lat""=>[""50.49072"", """"], ""long""=>[""2.80915"", """"], ""id""=>[""9645388"", """"]}",2969864,Vermelles,"[2.74739, 50.48949]"
25,AWD0001n1b,diary,387,5,1915-09-26 00:00:00 UTC,26 Sep 1915,Hulluch Road,"[2.81232, 50.48961]","",casualties,killed: 1,{},2969864,Vermelles,"[2.74739, 50.48949]"
26,AWD0001n1b,diary,387,3,1915-09-26 00:00:00 UTC,26 Sep 1915,Hulluch Road,"[2.81232, 50.48961]","",activity,attack,{},2969864,Vermelles,"[2.74739, 50.48949]"
27,AWD0001n1b,diary,387,3,1915-09-26 00:00:00 UTC,26 Sep 1915,Hulluch Road,"[2.81232, 50.48961]","",place,Cite St Elie,"{""place""=>[""Cite St Elie""], ""location""=>[""false""], ""name""=>[""Cité St Elie""], ""lat""=>[""50.49072""], ""long""=>[""2.80915""], ""id""=>[""9645388""]}",2969864,Vermelles,"[2.74739, 50.48949]"
28,AWD0001n1b,diary,387,2,1915-09-26 00:00:00 UTC,26 Sep 1915,Hulluch Road,"[2.81232, 50.48961]","",place,Puits 13,"{""place""=>[""Puits 13""], ""location""=>[""false""], ""name""=>["""", ""Cité St Elie""], ""lat""=>["""", ""50.49072""], ""long""=>["""", ""2.80915""], ""id""=>["""", ""9645388""]}",2969864,Vermelles,"[2.74739, 50.48949]"
29,AWD0001n1b,diary,387,3,1915-09-26 00:00:00 UTC,26 Sep 1915,Hulluch Road,"[2.81232, 50.48961]","",unit,2nd RSF,"{""name""=>[""2nd RSF""], ""context""=>[""relieved_by""]}",2969864,Vermelles,"[2.74739, 50.48949]"
32,AWD0001n1b,diary,387,3,1915-09-26 00:00:00 UTC,26 Sep 1915,Curley Crescent,"[0.0, 0.0]","",place,Curley Crescent,"{""place""=>[""Curley Crescent""], ""location""=>[""true""], ""name""=>[""""], ""lat""=>[""""], ""long""=>[""""], ""id""=>[""""]}",,,
33,AWD0001n1b,diary,387,4,1915-09-26 00:00:00 UTC,26 Sep 1915,Curley Crescent,"[0.0, 0.0]","",unit,2nd Gordons,"{""name""=>[""2nd Gordons""], ""context""=>[""other""]}",,,
40,AWD0001n1b,diary,387,3,1915-09-27 00:00:00 UTC,27 Sep 1915,Curley Crescent,"[0.0, 0.0]","",diaryDate,27 Sep 1915,"{""day""=>[""27""], ""month""=>[""Sep""], ""year""=>[""1915""]}",,,
42,AWD0001n1b,diary,387,2,1915-09-27 00:00:00 UTC,27 Sep 1915,Curley Crescent,"[0.0, 0.0]","",strength,other: 130,{},,,
43,AWD0001n1b,diary,387,2,1915-09-27 00:00:00 UTC,27 Sep 1915,Curley Crescent,"[0.0, 0.0]","",activity,other,{},,,
44,AWD0001n1b,diary,387,3,1915-09-27 00:00:00 UTC,27 Sep 1915,Curley Crescent,"[0.0, 0.0]","",activity,line,{},,,
46,AWD0001n1b,diary,387,2,1915-09-27 00:00:00 UTC,27 Sep 1915,Curley Crescent,"[0.0, 0.0]","",place,Fosse 8,"{""place""=>[""Fosse 8""], ""location""=>[""false""], ""name""=>[""""], ""lat""=>[""""], ""long""=>[""""], ""id""=>[""""]}",,,
48,AWD0001n1b,diary,387,4,1915-09-27 00:00:00 UTC,27 Sep 1915,Curley Crescent,"[0.0, 0.0]","",weather,rain,{},,,
49,AWD0001n1b,diary,387,3,1915-09-27 00:00:00 UTC,27 Sep 1915,Curley Crescent,"[0.0, 0.0]","",activity,fire,{},,,
55,AWD0001n1b,diary,387,3,1915-09-27 00:00:00 UTC,27 Sep 1915,Curley Crescent,"[0.0, 0.0]","",activity,other,{},,,
56,AWD0001n1b,diary,387,2,1915-09-27 00:00:00 UTC,27 Sep 1915,Curley Crescent,"[0.0, 0.0]","",place,Hohenzollern Redoubt,"{""place""=>[""Hohenzollern Redoubt""], ""location""=>[""true"", ""false""], ""name""=>[""""], ""lat""=>[""""], ""long""=>[""""], ""id""=>[""""]}",,,
59,AWD0001n1b,diary,387,2,1915-09-27 00:00:00 UTC,27 Sep 1915,Curley Crescent,"[0.0, 0.0]","",activity,line,{},,,
60,AWD0001n1b,diary,387,2,1915-09-27 00:00:00 UTC,27 Sep 1915,Curley Crescent,"[0.0, 0.0]","",activity,other,{},,,
61,AWD0001n1b,diary,387,2,1915-09-27 00:00:00 UTC,27 Sep 1915,Curley Crescent,"[0.0, 0.0]","",activity,movement,{},,,
64,AWD0001n1b,diary,387,3,1915-09-27 00:00:00 UTC,27 Sep 1915,Beuvry,"[2.68541, 50.51674]","",place,Beuvry,"{""place""=>[""Beuvry""], ""location""=>[""true""], ""name""=>[""Beuvry""], ""lat""=>[""50.51674""], ""long""=>[""2.68541""], ""id""=>[""3032903""]}",3032903,Beuvry,"[2.68541, 50.51674]"
65,AWD0001n1b,diary,387,2,1915-09-27 00:00:00 UTC,27 Sep 1915,Beuvry,"[2.68541, 50.51674]","",domestic,accomodation,{},3032903,Beuvry,"[2.68541, 50.51674]"
1,AWD0001n16,diary,388,4,1915-09-30 00:00:00 UTC,30 Sep 1915,Beuvry,"[2.68541, 50.51674]","",diaryDate,30 Sep 1915,"{""day""=>[""30""], ""month""=>[""Sep""], ""year""=>[""1915""]}",3032903,Beuvry,"[2.68541, 50.51674]"
2,AWD0001n16,diary,388,3,1915-09-30 00:00:00 UTC,30 Sep 1915,Beuvry,"[2.68541, 50.51674]","",place,Beuvry,"{""place""=>[""Beuvry""], ""location""=>[""true""], ""name""=>[""Beuvry""], ""lat""=>[""50.51674""], ""long""=>[""2.68541""], ""id""=>[""3032903""]}",3032903,Beuvry,"[2.68541, 50.51674]"
4,AWD0001n16,diary,388,4,1915-09-30 00:00:00 UTC,30 Sep 1915,Beuvry,"[2.68541, 50.51674]","",person,General  Trefusis,"{""first""=>[""""], ""surname""=>[""Trefusis""], ""rank""=>[""General""], ""number""=>[""""], ""reason""=>[""other"", ""commander""], ""unit""=>[""""]}",3032903,Beuvry,"[2.68541, 50.51674]"
1,AWD0001n2u,diary,390,2,1915-10-01 00:00:00 UTC,1 Oct 1915,Beuvry,"[2.68541, 50.51674]","",diaryDate,1 Oct 1915,"{""day""=>[""1""], ""month""=>[""Oct""], ""year""=>[""1915""]}",3032903,Beuvry,"[2.68541, 50.51674]"
2,AWD0001n2u,diary,390,2,1915-10-01 00:00:00 UTC,1 Oct 1915,"Cambrin, CAMBRIN","[2.74082, 50.5097]","",place,"Cambrin, CAMBRIN","{""place""=>[""Cambrin"", ""CAMBRIN""], ""location""=>[""true""], ""name""=>[""Cambrin""], ""lat""=>[""50.5097""], ""long""=>[""2.74082""], ""id""=>[""3029026""]}",3029026,Cambrin,"[2.74082, 50.5097]"
3,AWD0001n2u,diary,390,4,1915-10-01 00:00:00 UTC,1 Oct 1915,"Cambrin, CAMBRIN","[2.74082, 50.5097]","",domestic,parades,{},3029026,Cambrin,"[2.74082, 50.5097]"
4,AWD0001n2u,diary,390,3,1915-10-01 00:00:00 UTC,1 Oct 1915,"Cambrin, CAMBRIN","[2.74082, 50.5097]","",diaryDate,1 Oct 1915,"{""day""=>[""1""], ""month""=>[""Oct""], ""year""=>[""1915""]}",3029026,Cambrin,"[2.74082, 50.5097]"
5,AWD0001n2u,diary,390,2,1915-10-01 00:00:00 UTC,1 Oct 1915,Cambrin,"[2.74082, 50.5097]","",place,Cambrin,"{""place""=>[""Cambrin""], ""location""=>[""true""], ""name""=>[""Cambrin""], ""lat""=>[""50.5097""], ""long""=>[""2.74082""], ""id""=>[""3029026""]}",3029030,Cambrai,"[3.23333, 50.16667]"
6,AWD0001n2u,diary,390,3,1915-10-01 00:00:00 UTC,1 Oct 1915,Cambrin,"[2.74082, 50.5097]","",activity,movement,{},3029030,Cambrai,"[3.23333, 50.16667]"
11,AWD0001n2u,diary,390,2,1915-10-01 00:00:00 UTC,1 Oct 1915,Cambrin,"[2.74082, 50.5097]","",place,Russel Keep,"{""place""=>[""Russel Keep""], ""location""=>[""false"", ""true""], ""name""=>[""""], ""lat""=>[""""], ""long""=>[""""], ""id""=>[""""]}",3029030,Cambrai,"[3.23333, 50.16667]"
12,AWD0001n2u,diary,390,2,1915-10-01 00:00:00 UTC,1 Oct 1915,"Arthurs Keep, Arthur's Keep","[0.0, 0.0]","",place,"Arthurs Keep, Arthur's Keep","{""place""=>[""Arthurs Keep"", ""Arthur's Keep""], ""location""=>[""true""], ""name""=>[""""], ""lat""=>[""""], ""long""=>[""""], ""id""=>[""""]}",,,
17,AWD0001n2u,diary,390,4,1915-10-01 00:00:00 UTC,1 Oct 1915,"Arthurs Keep, Arthur's Keep","[0.0, 0.0]","",person,Second Lieutenant  Drew,"{""first""=>[""""], ""surname""=>[""Drew""], ""rank""=>[""Second Lieutenant""], ""number""=>[""""], ""reason""=>[""other""], ""unit""=>[""""]}",,,
18,AWD0001n2u,diary,390,2,1915-10-01 00:00:00 UTC,1 Oct 1915,"Arthurs Keep, Arthur's Keep","[0.0, 0.0]","",activity,quiet,{},,,
20,AWD0001n2u,diary,390,5,1915-10-02 00:00:00 UTC,2 Oct 1915,"Arthurs Keep, Arthur's Keep","[0.0, 0.0]","",diaryDate,2 Oct 1915,"{""day""=>[""2""], ""month""=>[""Oct""], ""year""=>[""1915""]}",,,
21,AWD0001n2u,diary,390,4,1915-10-02 00:00:00 UTC,2 Oct 1915,"Arthurs Keep, Arthur's Keep","[0.0, 0.0]","",person,Captain  Graham,"{""first""=>[""""], ""surname""=>[""Graham""], ""rank""=>[""Captain""], ""number""=>[""""], ""reason""=>[""joined""], ""unit""=>[""""]}",,,
22,AWD0001n2u,diary,390,4,1915-10-02 00:00:00 UTC,2 Oct 1915,"Arthurs Keep, Arthur's Keep","[0.0, 0.0]","",activity,quiet,{},,,
23,AWD0001n2u,diary,390,5,1915-10-02 00:00:00 UTC,2 Oct 1915,"Arthurs Keep, Arthur's Keep","[0.0, 0.0]","",person,Second Lieutenant  Horne,"{""first""=>[""""], ""surname""=>[""Horne""], ""rank""=>[""Second Lieutenant""], ""number""=>[""""], ""reason""=>[""joined""], ""unit""=>[""""]}",,,
24,AWD0001n2u,diary,390,4,1915-10-02 00:00:00 UTC,2 Oct 1915,"Arthurs Keep, Arthur's Keep","[0.0, 0.0]","",person,Second Lieutenant  Heyward,"{""first""=>[""""], ""surname""=>[""Heyward""], ""rank""=>[""Second Lieutenant""], ""number""=>[""""], ""reason""=>[""joined""], ""unit""=>[""""]}",,,
25,AWD0001n2u,diary,390,3,1915-10-02 00:00:00 UTC,2 Oct 1915,"Arthurs Keep, Arthur's Keep","[0.0, 0.0]","",person,Second Lieutenant  Moore,"{""first""=>[""""], ""surname""=>[""Moore""], ""rank""=>[""Second Lieutenant""], ""number""=>[""""], ""reason""=>[""joined""], ""unit""=>[""""]}",,,
26,AWD0001n2u,diary,390,2,1915-10-02 00:00:00 UTC,2 Oct 1915,"Arthurs Keep, Arthur's Keep","[0.0, 0.0]","",person,"Captain  GRAHAM, Graham","{""first""=>[""""], ""surname""=>[""GRAHAM"", ""Graham""], ""rank""=>[""Captain""], ""number""=>[""""], ""reason""=>[""other""], ""unit""=>["""", ""8 Battalion Devonshire Regiment""]}",,,
27,AWD0001n2u,diary,390,5,1915-10-03 00:00:00 UTC,3 Oct 1915,"Arthurs Keep, Arthur's Keep","[0.0, 0.0]","",diaryDate,3 Oct 1915,"{""day""=>[""3""], ""month""=>[""Oct""], ""year""=>[""1915""]}",,,
28,AWD0001n2u,diary,390,4,1915-10-03 00:00:00 UTC,3 Oct 1915,"Arthurs Keep, Arthur's Keep","[0.0, 0.0]","",person,Second Lieutenant  Horne,"{""first""=>[""""], ""surname""=>[""Horne""], ""rank""=>[""Second Lieutenant""], ""number""=>[""""], ""reason""=>[""other""], ""unit""=>[""""]}",,,
29,AWD0001n2u,diary,390,4,1915-10-03 00:00:00 UTC,3 Oct 1915,"Arthurs Keep, Arthur's Keep","[0.0, 0.0]","",person,Second Lieutenant  Pepys,"{""first""=>[""""], ""surname""=>[""Pepys""], ""rank""=>[""Second Lieutenant""], ""number""=>[""""], ""reason""=>[""other""], ""unit""=>[""""]}",,,
30,AWD0001n2u,diary,390,5,1915-10-04 00:00:00 UTC,4 Oct 1915,"Arthurs Keep, Arthur's Keep","[0.0, 0.0]","",diaryDate,4 Oct 1915,"{""day""=>[""4""], ""month""=>[""Oct""], ""year""=>[""1915""]}",,,
32,AWD0001n2u,diary,390,3,1915-10-04 00:00:00 UTC,4 Oct 1915,"Arthurs Keep, Arthur's Keep","[0.0, 0.0]","",activity,repair,{},,,
33,AWD0001n2u,diary,390,2,1915-10-04 00:00:00 UTC,4 Oct 1915,"Arthurs Keep, Arthur's Keep","[0.0, 0.0]","",place,Cambrin,"{""place""=>[""Cambrin""], ""location""=>[""false"", ""true""], ""name""=>[""Cambrin""], ""lat""=>[""50.5097""], ""long""=>[""2.74082""], ""id""=>[""3029026""]}",,,
34,AWD0001n2u,diary,390,3,1915-10-04 00:00:00 UTC,4 Oct 1915,"Arthurs Keep, Arthur's Keep","[0.0, 0.0]","",activity,quiet,{},,,
36,AWD0001n2u,diary,390,5,1915-10-05 00:00:00 UTC,5 Oct 1915,"Arthurs Keep, Arthur's Keep","[0.0, 0.0]","",diaryDate,5 Oct 1915,"{""day""=>[""5""], ""month""=>[""Oct""], ""year""=>[""1915""]}",,,
37,AWD0001n2u,diary,390,4,1915-10-05 00:00:00 UTC,5 Oct 1915,"Arthurs Keep, Arthur's Keep","[0.0, 0.0]","",person,Second Lieutenant  Tregellis,"{""first""=>[""""], ""surname""=>[""Tregellis""], ""rank""=>[""Second Lieutenant""], ""number""=>[""""], ""reason""=>[""joined""], ""unit""=>[""""]}",,,
38,AWD0001n2u,diary,390,4,1915-10-05 00:00:00 UTC,5 Oct 1915,"Arthurs Keep, Arthur's Keep","[0.0, 0.0]","",activity,quiet,{},,,
40,AWD0001n2u,diary,390,4,1915-10-05 00:00:00 UTC,5 Oct 1915,"Arthurs Keep, Arthur's Keep","[0.0, 0.0]","",person,Second Lieutenant  Mansel-Carey,"{""first""=>[""""], ""surname""=>[""Mansel-Carey""], ""rank""=>[""Second Lieutenant""], ""number""=>[""""], ""reason""=>[""joined""], ""unit""=>[""""]}",,,
41,AWD0001n2u,diary,390,2,1915-10-05 00:00:00 UTC,5 Oct 1915,"Arthurs Keep, Arthur's Keep","[0.0, 0.0]","",person,"Second Lieutenant  Notley, Norley","{""first""=>[""""], ""surname""=>[""Notley"", ""Norley""], ""rank""=>[""Second Lieutenant""], ""number""=>[""""], ""reason""=>[""joined""], ""unit""=>[""""]}",,,
44,AWD0001n2u,diary,390,2,1915-10-05 00:00:00 UTC,5 Oct 1915,"Arthurs Keep, Arthur's Keep","[0.0, 0.0]","",person,"Lieutenant,Second Lieutenant  NOTLEY, Notley","{""first""=>[""""], ""surname""=>[""NOTLEY"", ""Notley""], ""rank""=>[""Lieutenant"", ""Second Lieutenant""], ""number""=>[""""], ""reason""=>[""joined""], ""unit""=>["""", ""8 Battalion Devonshire Regiment""]}",,,
45,AWD0001n2u,diary,390,2,1915-10-05 00:00:00 UTC,5 Oct 1915,"Arthurs Keep, Arthur's Keep","[0.0, 0.0]","",person,Second Lieutenant  Catling,"{""first""=>[""""], ""surname""=>[""Catling""], ""rank""=>[""Second Lieutenant""], ""number""=>[""""], ""reason""=>[""joined""], ""unit""=>[""""]}",,,
46,AWD0001n2u,diary,390,3,1915-10-05 00:00:00 UTC,5 Oct 1915,"Arthurs Keep, Arthur's Keep","[0.0, 0.0]","",person,Second Lieutenant  Duff,"{""first""=>[""""], ""surname""=>[""Duff""], ""rank""=>[""Second Lieutenant""], ""number""=>[""""], ""reason""=>[""joined""], ""unit""=>[""""]}",,,
47,AWD0001n2u,diary,390,2,1915-10-05 00:00:00 UTC,5 Oct 1915,"Arthurs Keep, Arthur's Keep","[0.0, 0.0]","",person,"Lieutenant,Second Lieutenant  CATLING, Catling","{""first""=>[""""], ""surname""=>[""CATLING"", ""Catling""], ""rank""=>[""Lieutenant"", ""Second Lieutenant""], ""number""=>[""""], ""reason""=>[""joined""], ""unit""=>["""", ""8 Battalion Devonshire Regiment""]}",,,
48,AWD0001n2u,diary,390,3,1915-10-05 00:00:00 UTC,5 Oct 1915,"Arthurs Keep, Arthur's Keep","[0.0, 0.0]","",person,Second Lieutenant  Bowden,"{""first""=>[""""], ""surname""=>[""Bowden""], ""rank""=>[""Second Lieutenant""], ""number""=>[""""], ""reason""=>[""joined""], ""unit""=>[""""]}",,,
49,AWD0001n2u,diary,390,3,1915-10-05 00:00:00 UTC,5 Oct 1915,"Arthurs Keep, Arthur's Keep","[0.0, 0.0]","",person,Second Lieutenant  Roper,"{""first""=>[""""], ""surname""=>[""Roper""], ""rank""=>[""Second Lieutenant""], ""number""=>[""""], ""reason""=>[""joined""], ""unit""=>[""""]}",,,
2,AWD0001n28,diary,391,4,1915-10-06 00:00:00 UTC,6 Oct 1915,"Arthurs Keep, Arthur's Keep","[0.0, 0.0]","",diaryDate,6 Oct 1915,"{""day""=>[""6""], ""month""=>[""Oct""], ""year""=>[""1915""]}",,,
4,AWD0001n28,diary,391,4,1915-10-06 00:00:00 UTC,6 Oct 1915,"Arthurs Keep, Arthur's Keep","[0.0, 0.0]","",activity,quiet,{},,,
7,AWD0001n28,diary,391,2,1915-10-06 00:00:00 UTC,6 Oct 1915,"Maison Rouge, MAISON ROUGE","[0.0, 0.0]","",place,"Maison Rouge, MAISON ROUGE","{""place""=>[""Maison Rouge"", ""MAISON ROUGE""], ""location""=>[""true""], ""name""=>[""""], ""lat""=>[""""], ""long""=>[""""], ""id""=>[""""]}",0,",Maison-Rouge","[0.0, 0.0]"
9,AWD0001n28,diary,391,5,1915-10-06 00:00:00 UTC,6 Oct 1915,"Maison Rouge, MAISON ROUGE","[0.0, 0.0]","",person,Second Lieutenant  Hinton,"{""first""=>[""""], ""surname""=>[""Hinton""], ""rank""=>[""Second Lieutenant""], ""number""=>[""""], ""reason""=>[""joined""], ""unit""=>[""""]}",0,",Maison-Rouge","[0.0, 0.0]"
11,AWD0001n28,diary,391,2,1915-10-06 00:00:00 UTC,6 Oct 1915,"Burbure, Burbere","[2.46897, 50.53663]","",place,"Burbure, Burbere","{""place""=>[""Burbure"", ""Burbere""], ""location""=>[""true""], ""name""=>[""Burbure"", """"], ""lat""=>[""50.53663"", """"], ""long""=>[""2.46897"", """"], ""id""=>[""3029548"", """"]}",,,
12,AWD0001n28,diary,391,3,1915-10-06 00:00:00 UTC,6 Oct 1915,"Burbure, Burbere","[2.46897, 50.53663]","",person,Second Lieutenant  Lewis,"{""first""=>[""""], ""surname""=>[""Lewis""], ""rank""=>[""Second Lieutenant""], ""number""=>[""""], ""reason""=>[""joined""], ""unit""=>[""""]}",,,
13,AWD0001n28,diary,391,2,1915-10-07 00:00:00 UTC,7 Oct 1915,"Burbure, Burbere","[2.46897, 50.53663]","",diaryDate,7 Oct 1915,"{""day""=>[""7""], ""month""=>[""Oct""], ""year""=>[""1915""]}",,,
14,AWD0001n28,diary,391,3,1915-10-07 13:00:00 UTC,7 Oct 1915,"Burbure, Burbere","[2.46897, 50.53663]",0100PM,time,0100PM,{},,,
15,AWD0001n28,diary,391,3,1915-10-07 13:00:00 UTC,7 Oct 1915,"Cambrun, CAMBRIN, Cambria","[0.0, 0.0]",0100PM,place,"Cambrun, CAMBRIN, Cambria","{""place""=>[""Cambrun"", ""CAMBRIN"", ""Cambria""], ""location""=>[""true""], ""name""=>["""", ""Cambrin"", ""Cambrai""], ""lat""=>["""", ""50.5097"", ""50.16667""], ""long""=>["""", ""2.74082"", ""3.23333""], ""id""=>["""", ""3029026"", ""3029030""]}",3029030,Cambrai,"[3.23333, 50.16667]"
16,AWD0001n28,diary,391,4,1915-10-07 13:00:00 UTC,7 Oct 1915,"Cambrun, CAMBRIN, Cambria","[0.0, 0.0]",0100PM,unit,2nd Gordons,"{""name""=>[""2nd Gordons""], ""context""=>[""relieved""]}",3029030,Cambrai,"[3.23333, 50.16667]"
18,AWD0001n28,diary,391,2,1915-10-07 13:00:00 UTC,7 Oct 1915,"Cambrun, CAMBRIN, Cambria","[0.0, 0.0]",0100PM,activity,line,{},3029030,Cambrai,"[3.23333, 50.16667]"
19,AWD0001n28,diary,391,2,1915-10-07 13:00:00 UTC,7 Oct 1915,Arthur's Keep,"[2.6662, 50.54868]",0100PM,place,Arthur's Keep,"{""place""=>[""Arthur's Keep""], ""location""=>[""true""], ""name""=>["""", ""Essars""], ""lat""=>["""", ""50.54868""], ""long""=>["""", ""2.6662""], ""id""=>["""", ""3019631""]}",,,
21,AWD0001n28,diary,391,3,1915-10-07 00:00:00 UTC,7 Oct 1915,Arthur's Keep,"[2.6662, 50.54868]","",diaryDate,7 Oct 1915,"{""day""=>[""7""], ""month""=>[""Oct""], ""year""=>[""1915""]}",,,
22,AWD0001n28,diary,391,2,1915-10-07 00:00:00 UTC,7 Oct 1915,Arthur's Keep,"[2.6662, 50.54868]","",strength,nco: 300,{},,,
23,AWD0001n28,diary,391,2,1915-10-07 00:00:00 UTC,7 Oct 1915,Arthur's Keep,"[2.6662, 50.54868]","",place,Beuvry,"{""place""=>[""Beuvry""], ""location""=>[""true"", ""false""], ""name""=>[""Beuvry""], ""lat""=>[""50.51674""], ""long""=>[""2.68541""], ""id""=>[""3032903""]}",,,
24,AWD0001n28,diary,391,4,1915-10-07 00:00:00 UTC,7 Oct 1915,Arthur's Keep,"[2.6662, 50.54868]","",person,Captain K J Graham,"{""first""=>[""K J""], ""surname""=>[""Graham""], ""rank""=>[""Captain""], ""number""=>[""""], ""reason""=>[""other""], ""unit""=>[""""]}",,,
25,AWD0001n28,diary,391,4,1915-10-07 00:00:00 UTC,7 Oct 1915,Arthur's Keep,"[2.6662, 50.54868]","",person,Second Lieutenant  Notley,"{""first""=>[""""], ""surname""=>[""Notley""], ""rank""=>[""Second Lieutenant""], ""number""=>[""""], ""reason""=>[""other""], ""unit""=>[""""]}",,,
26,AWD0001n28,diary,391,2,1915-10-07 00:00:00 UTC,7 Oct 1915,Arthur's Keep,"[2.6662, 50.54868]","",activity,training,{},,,
27,AWD0001n28,diary,391,5,1915-10-08 00:00:00 UTC,8 Oct 1915,Arthur's Keep,"[2.6662, 50.54868]","",diaryDate,8 Oct 1915,"{""day""=>[""8""], ""month""=>[""Oct""], ""year""=>[""1915""]}",,,
29,AWD0001n28,diary,391,5,1915-10-08 00:00:00 UTC,8 Oct 1915,Arthur's Keep,"[2.6662, 50.54868]","",activity,quiet,{},,,
30,AWD0001n28,diary,391,4,1915-10-08 00:00:00 UTC,8 Oct 1915,Arthur's Keep,"[2.6662, 50.54868]","",person,Second Lieutenant  Williams,"{""first""=>[""""], ""surname""=>[""Williams""], ""rank""=>[""Second Lieutenant""], ""number""=>[""""], ""reason""=>[""joined""], ""unit""=>[""""]}",,,
31,AWD0001n28,diary,391,5,1915-10-09 00:00:00 UTC,9 Oct 1915,Arthur's Keep,"[2.6662, 50.54868]","",diaryDate,9 Oct 1915,"{""day""=>[""9""], ""month""=>[""Oct""], ""year""=>[""1915""]}",,,
32,AWD0001n28,diary,391,3,1915-10-09 00:00:00 UTC,9 Oct 1915,Arthur's Keep,"[2.6662, 50.54868]","",activity,quiet,{},,,
33,AWD0001n28,diary,391,3,1915-10-09 00:00:00 UTC,9 Oct 1915,Arthur's Keep,"[2.6662, 50.54868]","",person,"Second Corporal,Second Lieutenant,Lieutenant  Savill, Sovill, SAVILL","{""first""=>[""""], ""surname""=>[""Savill"", ""Sovill"", ""SAVILL""], ""rank""=>[""Second Corporal"", ""Second Lieutenant"", ""Lieutenant""], ""number""=>[""""], ""reason""=>[""joined""], ""unit""=>[""""]}",,,
35,AWD0001n28,diary,391,5,1915-10-09 00:00:00 UTC,9 Oct 1915,Arthur's Keep,"[2.6662, 50.54868]","",person,"Captain  SCRIPE, Scripe, Scrife, Sorill, Scarfe","{""first""=>[""""], ""surname""=>[""SCRIPE"", ""Scripe"", ""Scrife"", ""Sorill"", ""Scarfe""], ""rank""=>[""Captain""], ""number""=>[""""], ""reason""=>[""joined""], ""unit""=>[""""]}",,,
36,AWD0001n28,diary,391,4,1915-10-09 00:00:00 UTC,9 Oct 1915,Arthur's Keep,"[2.6662, 50.54868]","",person,Second Lieutenant  Lock,"{""first""=>[""""], ""surname""=>[""Lock""], ""rank""=>[""Second Lieutenant""], ""number""=>[""""], ""reason""=>[""joined""], ""unit""=>[""""]}",,,
37,AWD0001n28,diary,391,4,1915-10-09 00:00:00 UTC,9 Oct 1915,Arthur's Keep,"[2.6662, 50.54868]","",person,Second Lieutenant  Ephraum,"{""first""=>[""""], ""surname""=>[""Ephraum""], ""rank""=>[""Second Lieutenant""], ""number""=>[""""], ""reason""=>[""joined""], ""unit""=>[""""]}",,,
38,AWD0001n28,diary,391,5,1915-10-10 00:00:00 UTC,10 Oct 1915,Arthur's Keep,"[2.6662, 50.54868]","",diaryDate,10 Oct 1915,"{""day""=>[""10""], ""month""=>[""Oct""], ""year""=>[""1915""]}",,,
39,AWD0001n28,diary,391,4,1915-10-10 00:00:00 UTC,10 Oct 1915,Essars,"[2.6662, 50.54868]","",place,Essars,"{""place""=>[""Essars""], ""location""=>[""true""], ""name""=>[""Essars""], ""lat""=>[""50.54868""], ""long""=>[""2.6662""], ""id""=>[""3019631""]}",3019631,Essars,"[2.6662, 50.54868]"
42,AWD0001n28,diary,391,2,1915-10-10 00:00:00 UTC,10 Oct 1915,Essars,"[2.6662, 50.54868]","",unit,2nd Battalion Yorkshire Regiment,"{""name""=>[""2nd Battalion Yorkshire Regiment""], ""context""=>[""relieved_by""]}",3019631,Essars,"[2.6662, 50.54868]"
44,AWD0001n28,diary,391,2,1915-10-10 00:00:00 UTC,10 Oct 1915,"Essars, ESSARS","[2.6662, 50.54868]","",place,"Essars, ESSARS","{""place""=>[""Essars"", ""ESSARS""], ""location""=>[""true""], ""name""=>[""Essars""], ""lat""=>[""50.54868""], ""long""=>[""2.6662""], ""id""=>[""3019631""]}",3019631,Essars,"[2.6662, 50.54868]"
46,AWD0001n28,diary,391,2,1915-10-10 00:00:00 UTC,10 Oct 1915,"Essars, ESSARS","[2.6662, 50.54868]","",domestic,accomodation,{},3019631,Essars,"[2.6662, 50.54868]"
47,AWD0001n28,diary,391,3,1915-10-10 00:00:00 UTC,10 Oct 1915,"Essars, ESSARS","[2.6662, 50.54868]","",domestic,inspections,{},3019631,Essars,"[2.6662, 50.54868]"
49,AWD0001n28,diary,391,5,1915-10-11 00:00:00 UTC,11 Oct 1915,"Essars, ESSARS","[2.6662, 50.54868]","",diaryDate,11 Oct 1915,"{""day""=>[""11""], ""month""=>[""Oct""], ""year""=>[""1915""]}",3019631,Essars,"[2.6662, 50.54868]"
50,AWD0001n28,diary,391,2,1915-10-11 08:00:00 UTC,11 Oct 1915,"Essars, ESSARS","[2.6662, 50.54868]",0800AM,time,0800AM,{},3019631,Essars,"[2.6662, 50.54868]"
55,AWD0001n28,diary,391,3,1915-10-11 08:00:00 UTC,11 Oct 1915,Essars,"[2.6662, 50.54868]",0800AM,place,Essars,"{""place""=>[""Essars""], ""location""=>[""true""], ""name""=>[""Essars""], ""lat""=>[""50.54868""], ""long""=>[""2.6662""], ""id""=>[""3019631""]}",3019631,Essars,"[2.6662, 50.54868]"
57,AWD0001n28,diary,391,2,1915-10-11 08:00:00 UTC,11 Oct 1915,Essars,"[2.6662, 50.54868]",0800AM,activity,other,{},3019631,Essars,"[2.6662, 50.54868]"
58,AWD0001n28,diary,391,2,1915-10-11 14:00:00 UTC,11 Oct 1915,Essars,"[2.6662, 50.54868]",0200PM,time,0200PM,{},3019631,Essars,"[2.6662, 50.54868]"
60,AWD0001n28,diary,391,2,1915-10-11 14:00:00 UTC,11 Oct 1915,Essars,"[2.6662, 50.54868]",0200PM,activity,training,{},3019631,Essars,"[2.6662, 50.54868]"
62,AWD0001n28,diary,391,4,1915-10-11 14:00:00 UTC,11 Oct 1915,Essars,"[2.6662, 50.54868]",0200PM,domestic,sport,{},3019631,Essars,"[2.6662, 50.54868]"
63,AWD0001n28,diary,391,5,1915-10-12 00:00:00 UTC,12 Oct 1915,Essars,"[2.6662, 50.54868]","",diaryDate,12 Oct 1915,"{""day""=>[""12""], ""month""=>[""Oct""], ""year""=>[""1915""]}",3019631,Essars,"[2.6662, 50.54868]"
64,AWD0001n28,diary,391,3,1915-10-12 00:00:00 UTC,12 Oct 1915,Essars,"[2.6662, 50.54868]","",place,Essars,"{""place""=>[""Essars""], ""location""=>[""true""], ""name""=>[""Essars""], ""lat""=>[""50.54868""], ""long""=>[""2.6662""], ""id""=>[""3019631""]}",3019631,Essars,"[2.6662, 50.54868]"
65,AWD0001n28,diary,391,3,1915-10-12 00:00:00 UTC,12 Oct 1915,Essars,"[2.6662, 50.54868]","",person,"Brigadier General J F Trefaris, TREFARIS, Trefusis","{""first""=>[""J F""], ""surname""=>[""Trefaris"", ""TREFARIS"", ""Trefusis""], ""rank""=>[""Brigadier General""], ""number""=>[""""], ""reason""=>[""other""], ""unit""=>[""""]}",3019631,Essars,"[2.6662, 50.54868]"
66,AWD0001n28,diary,391,3,1915-10-12 10:00:00 UTC,12 Oct 1915,Essars,"[2.6662, 50.54868]",1000AM,time,1000AM,{},3019631,Essars,"[2.6662, 50.54868]"
67,AWD0001n28,diary,391,3,1915-10-12 10:00:00 UTC,12 Oct 1915,Essars,"[2.6662, 50.54868]",1000AM,domestic,inspections,{},3019631,Essars,"[2.6662, 50.54868]"
69,AWD0001n28,diary,391,2,1915-10-12 10:00:00 UTC,12 Oct 1915,Essars,"[2.6662, 50.54868]",1000AM,domestic,parades,{},3019631,Essars,"[2.6662, 50.54868]"
70,AWD0001n28,diary,391,2,1915-10-12 10:00:00 UTC,12 Oct 1915,Essars,"[2.6662, 50.54868]",1000AM,activity,training,{},3019631,Essars,"[2.6662, 50.54868]"
1,AWD0001n20,diary,392,3,1915-10-13 00:00:00 UTC,13 Oct 1915,Essars,"[2.6662, 50.54868]","",diaryDate,13 Oct 1915,"{""day""=>[""13""], ""month""=>[""Oct""], ""year""=>[""1915""]}",3019631,Essars,"[2.6662, 50.54868]"
2,AWD0001n20,diary,392,5,1915-10-13 00:00:00 UTC,13 Oct 1915,Essars,"[2.6662, 50.54868]","",place,Essars,"{""place""=>[""Essars""], ""location""=>[""true""], ""name""=>[""Essars""], ""lat""=>[""50.54868""], ""long""=>[""2.6662""], ""id""=>[""3019631""]}",3019631,Essars,"[2.6662, 50.54868]"
4,AWD0001n20,diary,392,4,1915-10-13 00:00:00 UTC,13 Oct 1915,Essars,"[2.6662, 50.54868]","",activity,movement,{},3019631,Essars,"[2.6662, 50.54868]"
5,AWD0001n20,diary,392,2,1915-10-13 00:00:00 UTC,13 Oct 1915,Cambrin,"[2.74082, 50.5097]","",place,Cambrin,"{""place""=>[""Cambrin""], ""location""=>[""true""], ""name""=>["""", ""Cambrin""], ""lat""=>["""", ""50.5097""], ""long""=>["""", ""2.74082""], ""id""=>["""", ""3029026""]}",3029030,Cambrai,"[3.23333, 50.16667]"
8,AWD0001n20,diary,392,4,1915-10-13 00:00:00 UTC,13 Oct 1915,Cambrin,"[2.74082, 50.5097]","",unit,2nd Bedfords,"{""name""=>[""2nd Bedfords""], ""context""=>[""relieved""]}",3029030,Cambrai,"[3.23333, 50.16667]"
9,AWD0001n20,diary,392,4,1915-10-14 00:00:00 UTC,14 Oct 1915,Cambrin,"[2.74082, 50.5097]","",diaryDate,14 Oct 1915,"{""day""=>[""14""], ""month""=>[""Oct""], ""year""=>[""1915""]}",3029030,Cambrai,"[3.23333, 50.16667]"
10,AWD0001n20,diary,392,3,1915-10-14 00:00:00 UTC,14 Oct 1915,Cambrin,"[2.74082, 50.5097]","",activity,attack,{},3029030,Cambrai,"[3.23333, 50.16667]"
11,AWD0001n20,diary,392,2,1915-10-14 00:00:00 UTC,14 Oct 1915,Cambrin,"[2.74082, 50.5097]","",activity,fire,{},3029030,Cambrai,"[3.23333, 50.16667]"
12,AWD0001n20,diary,392,5,1915-10-14 00:00:00 UTC,14 Oct 1915,Cambrin,"[2.74082, 50.5097]","",place,Cambrin,"{""place""=>[""Cambrin""], ""location""=>[""true""], ""name""=>[""Cambrin""], ""lat""=>[""50.5097""], ""long""=>[""2.74082""], ""id""=>[""3029026""]}",3029030,Cambrai,"[3.23333, 50.16667]"
13,AWD0001n20,diary,392,2,1915-10-14 00:00:00 UTC,14 Oct 1915,Cambrin,"[2.74082, 50.5097]","",activity,working,{},3029030,Cambrai,"[3.23333, 50.16667]"
14,AWD0001n20,diary,392,4,1915-10-14 00:00:00 UTC,14 Oct 1915,Cambrin,"[2.74082, 50.5097]","",activity,repair,{},3029030,Cambrai,"[3.23333, 50.16667]"
15,AWD0001n20,diary,392,4,1915-10-15 00:00:00 UTC,15 Oct 1915,Cambrin,"[2.74082, 50.5097]","",diaryDate,15 Oct 1915,"{""day""=>[""15""], ""month""=>[""Oct""], ""year""=>[""1915""]}",3029030,Cambrai,"[3.23333, 50.16667]"
16,AWD0001n20,diary,392,4,1915-10-15 00:00:00 UTC,15 Oct 1915,Cambrin,"[2.74082, 50.5097]","",activity,quiet,{},3029030,Cambrai,"[3.23333, 50.16667]"
18,AWD0001n20,diary,392,3,1915-10-15 00:00:00 UTC,15 Oct 1915,Cambrin,"[2.74082, 50.5097]","",place,Cambrin,"{""place""=>[""Cambrin""], ""location""=>[""true""], ""name""=>[""Cambrin""], ""lat""=>[""50.5097""], ""long""=>[""2.74082""], ""id""=>[""3029026""]}",3029030,Cambrai,"[3.23333, 50.16667]"
19,AWD0001n20,diary,392,4,1915-10-16 00:00:00 UTC,16 Oct 1915,Cambrin,"[2.74082, 50.5097]","",diaryDate,16 Oct 1915,"{""day""=>[""16""], ""month""=>[""Oct""], ""year""=>[""1915""]}",3029030,Cambrai,"[3.23333, 50.16667]"
20,AWD0001n20,diary,392,3,1915-10-16 09:00:00 UTC,16 Oct 1915,Cambrin,"[2.74082, 50.5097]",0900AM,time,0900AM,{},3029030,Cambrai,"[3.23333, 50.16667]"
21,AWD0001n20,diary,392,5,1915-10-16 09:00:00 UTC,16 Oct 1915,Bethune,"[2.63333, 50.53333]",0900AM,place,Bethune,"{""place""=>[""Bethune""], ""location""=>[""true""], ""name""=>[""Béthune""], ""lat""=>[""50.53333""], ""long""=>[""2.63333""], ""id""=>[""3033002""]}",3033002,Béthune,"[2.63333, 50.53333]"
22,AWD0001n20,diary,392,4,1915-10-16 09:00:00 UTC,16 Oct 1915,Bethune,"[2.63333, 50.53333]",0900AM,activity,movement,{},3033002,Béthune,"[2.63333, 50.53333]"
24,AWD0001n20,diary,392,2,1915-10-16 09:00:00 UTC,16 Oct 1915,Bethune,"[2.63333, 50.53333]",0900AM,domestic,accomodation,{},3033002,Béthune,"[2.63333, 50.53333]"
27,AWD0001n20,diary,392,4,1915-10-17 00:00:00 UTC,17 Oct 1915,Bethune,"[2.63333, 50.53333]","",diaryDate,17 Oct 1915,"{""day""=>[""17""], ""month""=>[""Oct""], ""year""=>[""1915""]}",3033002,Béthune,"[2.63333, 50.53333]"
28,AWD0001n20,diary,392,4,1915-10-17 00:00:00 UTC,17 Oct 1915,Bethune,"[2.63333, 50.53333]","",person,Captain  Roberts,"{""first""=>[""""], ""surname""=>[""Roberts""], ""rank""=>[""Captain""], ""number""=>[""""], ""reason""=>[""other"", ""commander""], ""unit""=>[""""]}",3033002,Béthune,"[2.63333, 50.53333]"
29,AWD0001n20,diary,392,3,1915-10-17 00:00:00 UTC,17 Oct 1915,Bethune,"[2.63333, 50.53333]","",place,Bethune,"{""place""=>[""Bethune""], ""location""=>[""true""], ""name""=>[""Béthune""], ""lat""=>[""50.53333""], ""long""=>[""2.63333""], ""id""=>[""3033002""]}",3033002,Béthune,"[2.63333, 50.53333]"
30,AWD0001n20,diary,392,5,1915-10-17 00:00:00 UTC,17 Oct 1915,Bethune,"[2.63333, 50.53333]","",person,Regimental Quarter Master Sergeant  Davey,"{""first""=>[""""], ""surname""=>[""Davey""], ""rank""=>[""Regimental Quarter Master Sergeant""], ""number""=>[""""], ""reason""=>[""award""], ""unit""=>[""""]}",3033002,Béthune,"[2.63333, 50.53333]"
31,AWD0001n20,diary,392,5,1915-10-17 00:00:00 UTC,17 Oct 1915,Bethune,"[2.63333, 50.53333]","",person,Company Sergeant Major  Bryant,"{""first""=>[""""], ""surname""=>[""Bryant""], ""rank""=>[""Company Sergeant Major""], ""number""=>[""""], ""reason""=>[""award""], ""unit""=>[""""]}",3033002,Béthune,"[2.63333, 50.53333]"
33,AWD0001n20,diary,392,2,1915-10-17 00:00:00 UTC,17 Oct 1915,Bethune,"[2.63333, 50.53333]","",place,Bethune,"{""place""=>[""Bethune""], ""location""=>[""true""], ""name""=>[""Béthune""], ""lat""=>[""50.53333""], ""long""=>[""2.63333""], ""id""=>[""3033002""]}",3033002,Béthune,"[2.63333, 50.53333]"
34,AWD0001n20,diary,392,4,1915-10-17 00:00:00 UTC,17 Oct 1915,Bethune,"[2.63333, 50.53333]","",person,"Captain  Gwyan, Grogan, GWYNN, Gwynne","{""first""=>[""""], ""surname""=>[""Gwyan"", ""Grogan"", ""GWYNN"", ""Gwynne""], ""rank""=>[""Captain""], ""number""=>[""""], ""reason""=>[""award""], ""unit""=>[""""]}",3033002,Béthune,"[2.63333, 50.53333]"
35,AWD0001n20,diary,392,4,1915-10-17 00:00:00 UTC,17 Oct 1915,Bethune,"[2.63333, 50.53333]","",domestic,inspections,{},3033002,Béthune,"[2.63333, 50.53333]"
36,AWD0001n20,diary,392,4,1915-10-17 00:00:00 UTC,17 Oct 1915,Bethune,"[2.63333, 50.53333]","",activity,movement,{},3033002,Béthune,"[2.63333, 50.53333]"
37,AWD0001n20,diary,392,2,1915-10-17 00:00:00 UTC,17 Oct 1915,Ecleme,"[0.0, 0.0]","",place,Ecleme,"{""place""=>[""Ecleme""], ""location""=>[""true""], ""name""=>[""Béthune"", ""L'Eclème""], ""lat""=>[""50.53333"", ""50.57248""], ""long""=>[""2.63333"", ""2.5294""], ""id""=>[""3033002"", ""3004574""]}",3004574,L'Eclème,"[2.5294, 50.57248]"
40,AWD0001n20,diary,392,4,1915-10-17 00:00:00 UTC,17 Oct 1915,Ecleme,"[2.5294, 50.57248]","",place,Ecleme,"{""place""=>[""Ecleme""], ""location""=>[""true""], ""name""=>[""L’Eclème"", ""L'Eclème""], ""lat""=>[""50.57248""], ""long""=>[""2.5294""], ""id""=>[""3004574""]}",3004574,L'Eclème,"[2.5294, 50.57248]"
41,AWD0001n20,diary,392,4,1915-10-18 00:00:00 UTC,18 Oct 1915,Ecleme,"[2.5294, 50.57248]","",diaryDate,18 Oct 1915,"{""day""=>[""18""], ""month""=>[""Oct""], ""year""=>[""1915""]}",3004574,L'Eclème,"[2.5294, 50.57248]"
42,AWD0001n20,diary,392,3,1915-10-18 00:00:00 UTC,18 Oct 1915,Ecleme,"[2.5294, 50.57248]","",place,Ecleme,"{""place""=>[""Ecleme""], ""location""=>[""true""], ""name""=>["""", ""L'Eclème"", ""L’Eclème""], ""lat""=>[""50.57248""], ""long""=>[""2.5294""], ""id""=>[""3004574""]}",3004574,L'Eclème,"[2.5294, 50.57248]"
43,AWD0001n20,diary,392,3,1915-10-18 00:00:00 UTC,18 Oct 1915,Ecleme,"[2.5294, 50.57248]","",domestic,inspections,{},3004574,L'Eclème,"[2.5294, 50.57248]"
44,AWD0001n20,diary,392,4,1915-10-18 00:00:00 UTC,18 Oct 1915,Ecleme,"[2.5294, 50.57248]","",activity,training,{},3004574,L'Eclème,"[2.5294, 50.57248]"
1,AWD0001n0n,diary,393,4,1915-10-19 00:00:00 UTC,19 Oct 1915,Ecleme,"[2.5294, 50.57248]","",diaryDate,19 Oct 1915,"{""day""=>[""19""], ""month""=>[""Oct""], ""year""=>[""1915""]}",3004574,L'Eclème,"[2.5294, 50.57248]"
2,AWD0001n0n,diary,393,4,1915-10-19 00:00:00 UTC,19 Oct 1915,Ecleme,"[2.5294, 50.57248]","",place,Ecleme,"{""place""=>[""Ecleme""], ""location""=>[""true""], ""name""=>[""L’Eclème""], ""lat""=>[""50.57248""], ""long""=>[""2.5294""], ""id""=>[""3004574""]}",3004574,L'Eclème,"[2.5294, 50.57248]"
3,AWD0001n0n,diary,393,3,1915-10-19 09:00:00 UTC,19 Oct 1915,Ecleme,"[2.5294, 50.57248]",0900AM,time,0900AM,{},3004574,L'Eclème,"[2.5294, 50.57248]"
4,AWD0001n0n,diary,393,3,1915-10-19 09:00:00 UTC,19 Oct 1915,Ecleme,"[2.5294, 50.57248]",0900AM,activity,training,{},3004574,L'Eclème,"[2.5294, 50.57248]"
6,AWD0001n0n,diary,393,5,1915-10-19 09:00:00 UTC,19 Oct 1915,Ecleme,"[2.5294, 50.57248]",0900AM,person,"Lieutenant Colonel J D Ingles, Inglis","{""first""=>[""J D""], ""surname""=>[""Ingles"", ""Inglis""], ""rank""=>[""Lieutenant Colonel""], ""number""=>[""""], ""reason""=>[""commander""], ""unit""=>[""""]}",3004574,L'Eclème,"[2.5294, 50.57248]"
7,AWD0001n0n,diary,393,2,1915-10-19 09:00:00 UTC,19 Oct 1915,Ecleme,"[2.5294, 50.57248]",0900AM,activity,movement,{},3004574,L'Eclème,"[2.5294, 50.57248]"
8,AWD0001n0n,diary,393,4,1915-10-19 09:00:00 UTC,19 Oct 1915,Ecleme,"[2.5294, 50.57248]",0900AM,person,Captain G D Roberts,"{""first""=>[""G D""], ""surname""=>[""Roberts""], ""rank""=>[""Captain""], ""number""=>[""""], ""reason""=>[""other""], ""unit""=>[""""]}",3004574,L'Eclème,"[2.5294, 50.57248]"
9,AWD0001n0n,diary,393,2,1915-10-19 21:00:00 UTC,19 Oct 1915,Ecleme,"[2.5294, 50.57248]",0900PM,time,0900PM,{},3004574,L'Eclème,"[2.5294, 50.57248]"
10,AWD0001n0n,diary,393,3,1915-10-19 21:00:00 UTC,19 Oct 1915,Ecleme,"[2.5294, 50.57248]",0900PM,domestic,accomodation,{},3004574,L'Eclème,"[2.5294, 50.57248]"
11,AWD0001n0n,diary,393,2,1915-10-19 21:00:00 UTC,19 Oct 1915,Ecleme,"[2.5294, 50.57248]",0900PM,activity,movement,{},3004574,L'Eclème,"[2.5294, 50.57248]"
12,AWD0001n0n,diary,393,3,1915-10-19 21:00:00 UTC,19 Oct 1915,Les Harisoire,"[0.0, 0.0]",0900PM,place,Les Harisoire,"{""place""=>[""Les Harisoire""], ""location""=>[""true""], ""name""=>[""""], ""lat""=>[""""], ""long""=>[""""], ""id""=>[""""]}",,,
13,AWD0001n0n,diary,393,4,1915-10-20 00:00:00 UTC,20 Oct 1915,Les Harisoire,"[0.0, 0.0]","",diaryDate,20 Oct 1915,"{""day""=>[""20""], ""month""=>[""Oct""], ""year""=>[""1915""]}",,,
14,AWD0001n0n,diary,393,4,1915-10-20 00:00:00 UTC,20 Oct 1915,Les Harisoire,"[0.0, 0.0]","",place,Les Harisoire,"{""place""=>[""Les Harisoire""], ""location""=>[""true""], ""name""=>[""""], ""lat""=>[""""], ""long""=>[""""], ""id""=>[""""]}",,,
15,AWD0001n0n,diary,393,2,1915-10-20 03:00:00 UTC,20 Oct 1915,Les Harisoire,"[0.0, 0.0]",0300AM,time,0300AM,{},,,
20,AWD0001n0n,diary,393,3,1915-10-20 07:00:00 UTC,20 Oct 1915,Les Harisoire,"[0.0, 0.0]",0700AM,time,0700AM,{},,,
21,AWD0001n0n,diary,393,4,1915-10-20 07:00:00 UTC,20 Oct 1915,Les Harisoire,"[0.0, 0.0]",0700AM,activity,reconnoitered,{},,,
22,AWD0001n0n,diary,393,4,1915-10-20 07:00:00 UTC,20 Oct 1915,Les Harisoire,"[0.0, 0.0]",0700AM,person,Captain  Scaife,"{""first""=>[""""], ""surname""=>[""Scaife""], ""rank""=>[""Captain""], ""number""=>[""""], ""reason""=>[""casualty_wounded""], ""unit""=>[""""]}",,,
24,AWD0001n0n,diary,393,4,1915-10-20 07:00:00 UTC,20 Oct 1915,Les Harisoire,"[0.0, 0.0]",0700AM,casualties,other: 3,{},,,
25,AWD0001n0n,diary,393,4,1915-10-20 07:00:00 UTC,20 Oct 1915,Les Harisoire,"[0.0, 0.0]",0700AM,person,Regimental Quarter Master Sergeant  Davey,"{""first""=>[""""], ""surname""=>[""Davey""], ""rank""=>[""Regimental Quarter Master Sergeant""], ""number""=>[""""], ""reason""=>[""award""], ""unit""=>[""""]}",,,
26,AWD0001n0n,diary,393,4,1915-10-20 07:00:00 UTC,20 Oct 1915,Les Harisoire,"[0.0, 0.0]",0700AM,person,Company Sergeant Major  Bryant,"{""first""=>[""""], ""surname""=>[""Bryant""], ""rank""=>[""Company Sergeant Major""], ""number""=>[""""], ""reason""=>[""award""], ""unit""=>[""""]}",,,
27,AWD0001n0n,diary,393,4,1915-10-20 07:00:00 UTC,20 Oct 1915,Les Harisoire,"[0.0, 0.0]",0700AM,person,Sergeant  Holland,"{""first""=>[""""], ""surname""=>[""Holland""], ""rank""=>[""Sergeant""], ""number""=>[""""], ""reason""=>[""award""], ""unit""=>[""""]}",,,
28,AWD0001n0n,diary,393,4,1915-10-21 00:00:00 UTC,21 Oct 1915,Les Harisoire,"[0.0, 0.0]","",diaryDate,21 Oct 1915,"{""day""=>[""21""], ""month""=>[""Oct""], ""year""=>[""1915""]}",,,
30,AWD0001n0n,diary,393,4,1915-10-21 00:00:00 UTC,21 Oct 1915,Givenchy,"[2.76667, 50.53333]","",place,Givenchy,"{""place""=>[""Givenchy""], ""location""=>[""true""], ""name""=>[""Givenchy-lès-la-Bassée""], ""lat""=>[""50.53333""], ""long""=>[""2.76667""], ""id""=>[""3015909""]}",3015909,Givenchy-lès-la-Bassée,"[2.76667, 50.53333]"
31,AWD0001n0n,diary,393,3,1915-10-21 00:00:00 UTC,21 Oct 1915,Givenchy,"[2.76667, 50.53333]","",activity,quiet,{},3015909,Givenchy-lès-la-Bassée,"[2.76667, 50.53333]"
32,AWD0001n0n,diary,393,2,1915-10-21 00:00:00 UTC,21 Oct 1915,Givenchy,"[2.76667, 50.53333]","",domestic,rations,{},3015909,Givenchy-lès-la-Bassée,"[2.76667, 50.53333]"
33,AWD0001n0n,diary,393,3,1915-10-21 00:00:00 UTC,21 Oct 1915,Givenchy,"[2.76667, 50.53333]","",place,Vauxhall Bridge,"{""place""=>[""Vauxhall Bridge""], ""location""=>[""false""], ""name""=>[""""], ""lat""=>[""""], ""long""=>[""""], ""id""=>[""""]}",3015909,Givenchy-lès-la-Bassée,"[2.76667, 50.53333]"
34,AWD0001n0n,diary,393,5,1915-10-21 00:00:00 UTC,21 Oct 1915,Givenchy,"[2.76667, 50.53333]","",casualties,wounded: 1,{},3015909,Givenchy-lès-la-Bassée,"[2.76667, 50.53333]"
35,AWD0001n0n,diary,393,4,1915-10-22 00:00:00 UTC,22 Oct 1915,Givenchy,"[2.76667, 50.53333]","",diaryDate,22 Oct 1915,"{""day""=>[""22""], ""month""=>[""Oct""], ""year""=>[""1915""]}",3015909,Givenchy-lès-la-Bassée,"[2.76667, 50.53333]"
36,AWD0001n0n,diary,393,2,1915-10-22 00:00:00 UTC,22 Oct 1915,Givenchy,"[2.76667, 50.53333]","",place,Givenchy,"{""place""=>[""Givenchy""], ""location""=>[""true""], ""name""=>[""Givenchy-lès-la-Bassée""], ""lat""=>[""50.53333""], ""long""=>[""2.76667""], ""id""=>[""3015909""]}",3015909,Givenchy-lès-la-Bassée,"[2.76667, 50.53333]"
37,AWD0001n0n,diary,393,3,1915-10-22 00:00:00 UTC,22 Oct 1915,Givenchy,"[2.76667, 50.53333]","",activity,quiet,{},3015909,Givenchy-lès-la-Bassée,"[2.76667, 50.53333]"
38,AWD0001n0n,diary,393,4,1915-10-22 00:00:00 UTC,22 Oct 1915,Givenchy,"[2.76667, 50.53333]","",activity,fire,{},3015909,Givenchy-lès-la-Bassée,"[2.76667, 50.53333]"
39,AWD0001n0n,diary,393,3,1915-10-22 00:00:00 UTC,22 Oct 1915,Givenchy,"[2.76667, 50.53333]","",activity,repair,{},3015909,Givenchy-lès-la-Bassée,"[2.76667, 50.53333]"
40,AWD0001n0n,diary,393,2,1915-10-22 00:00:00 UTC,22 Oct 1915,Givenchy,"[2.76667, 50.53333]","",activity,construction,{},3015909,Givenchy-lès-la-Bassée,"[2.76667, 50.53333]"
41,AWD0001n0n,diary,393,4,1915-10-23 00:00:00 UTC,23 Oct 1915,Givenchy,"[2.76667, 50.53333]","",diaryDate,23 Oct 1915,"{""day""=>[""23""], ""month""=>[""Oct""], ""year""=>[""1915""]}",3015909,Givenchy-lès-la-Bassée,"[2.76667, 50.53333]"
42,AWD0001n0n,diary,393,2,1915-10-23 00:00:00 UTC,23 Oct 1915,Givenchy,"[2.76667, 50.53333]","",activity,quiet,{},3015909,Givenchy-lès-la-Bassée,"[2.76667, 50.53333]"
43,AWD0001n0n,diary,393,5,1915-10-23 00:00:00 UTC,23 Oct 1915,Givenchy,"[2.76667, 50.53333]","",casualties,wounded: 5,{},3015909,Givenchy-lès-la-Bassée,"[2.76667, 50.53333]"
44,AWD0001n0n,diary,393,2,1915-10-23 00:00:00 UTC,23 Oct 1915,Givenchy,"[2.76667, 50.53333]","",place,Givenchy,"{""place""=>[""Givenchy""], ""location""=>[""true""], ""name""=>[""Givenchy-lès-la-Bassée""], ""lat""=>[""50.53333""], ""long""=>[""2.76667""], ""id""=>[""3015909""]}",3015909,Givenchy-lès-la-Bassée,"[2.76667, 50.53333]"
45,AWD0001n0n,diary,393,2,1915-10-23 00:00:00 UTC,23 Oct 1915,Givenchy,"[2.76667, 50.53333]","",activity,fire,{},3015909,Givenchy-lès-la-Bassée,"[2.76667, 50.53333]"
46,AWD0001n0n,diary,393,3,1915-10-23 00:00:00 UTC,23 Oct 1915,Givenchy,"[2.76667, 50.53333]","",activity,attack,{},3015909,Givenchy-lès-la-Bassée,"[2.76667, 50.53333]"
49,AWD0001n0n,diary,393,4,1915-10-24 00:00:00 UTC,24 Oct 1915,Givenchy,"[2.76667, 50.53333]","",diaryDate,24 Oct 1915,"{""day""=>[""24""], ""month""=>[""Oct""], ""year""=>[""1915""]}",3015909,Givenchy-lès-la-Bassée,"[2.76667, 50.53333]"
50,AWD0001n0n,diary,393,4,1915-10-24 00:00:00 UTC,24 Oct 1915,Givenchy,"[2.76667, 50.53333]","",person,"Brigadier General F J Tufuris, TUFARIS, Trefusis, Trefusis ","{""first""=>[""F J""], ""surname""=>[""Tufuris"", ""TUFARIS"", ""Trefusis"", ""Trefusis ""], ""rank""=>[""Brigadier General""], ""number""=>[""""], ""reason""=>[""casualty_died""], ""unit""=>[""""]}",3015909,Givenchy-lès-la-Bassée,"[2.76667, 50.53333]"
53,AWD0001n0n,diary,393,3,1915-10-24 00:00:00 UTC,24 Oct 1915,"Essars, Essares, ESSARS","[2.6662, 50.54868]","",place,"Essars, Essares, ESSARS","{""place""=>[""Essars"", ""Essares"", ""ESSARS""], ""location""=>[""true""], ""name""=>[""Essars""], ""lat""=>[""50.54868""], ""long""=>[""2.6662""], ""id""=>[""3019631""]}",3019631,Essars,"[2.6662, 50.54868]"
54,AWD0001n0n,diary,393,4,1915-10-24 00:00:00 UTC,24 Oct 1915,"Essars, Essares, ESSARS","[2.6662, 50.54868]","",person,Lieutenant Colonel J D Ingles,"{""first""=>[""J D""], ""surname""=>[""Ingles""], ""rank""=>[""Lieutenant Colonel""], ""number""=>[""""], ""reason""=>[""commander""], ""unit""=>[""20th Infantry Brigade"", ""Temp Commd. 20th Infantry Brigade."", ""20th Inf Bde"", "" 20TH iNF bDE""]}",3019631,Essars,"[2.6662, 50.54868]"
56,AWD0001n0n,diary,393,3,1915-10-24 15:00:00 UTC,24 Oct 1915,"Essars, Essares, ESSARS","[2.6662, 50.54868]",0300PM,time,0300PM,{},3019631,Essars,"[2.6662, 50.54868]"
57,AWD0001n0n,diary,393,4,1915-10-24 15:00:00 UTC,24 Oct 1915,"Essars, Essares, ESSARS","[2.6662, 50.54868]",0300PM,person,Captain A J Graham,"{""first""=>[""A J""], ""surname""=>[""Graham""], ""rank""=>[""Captain""], ""number""=>[""""], ""reason""=>[""commander""], ""unit""=>[""""]}",3019631,Essars,"[2.6662, 50.54868]"
58,AWD0001n0n,diary,393,3,1915-10-24 15:00:00 UTC,24 Oct 1915,"Essars, Essares, ESSARS","[2.6662, 50.54868]",0300PM,person,Private  Prague,"{""first""=>[""""], ""surname""=>[""Prague""], ""rank""=>[""Private""], ""number""=>[""""], ""reason""=>[""casualty_kia""], ""unit""=>[""""]}",3019631,Essars,"[2.6662, 50.54868]"
59,AWD0001n0n,diary,393,4,1915-10-24 15:00:00 UTC,24 Oct 1915,"Essars, Essares, ESSARS","[2.6662, 50.54868]",0300PM,unit,"2/Bedfords, 2/ Bedfords, 2nd Bedfords, 2/BEDFORDS","{""name""=>[""2/Bedfords"", ""2/ Bedfords"", ""2nd Bedfords"", ""2/BEDFORDS""], ""context""=>[""relieved_by""]}",3019631,Essars,"[2.6662, 50.54868]"
60,AWD0001n0n,diary,393,2,1915-10-24 15:00:00 UTC,24 Oct 1915,"Essars, Essares, ESSARS","[2.6662, 50.54868]",0300PM,activity,movement,{},3019631,Essars,"[2.6662, 50.54868]"
61,AWD0001n0n,diary,393,3,1915-10-24 15:00:00 UTC,24 Oct 1915,"Essars, Essares, ESSARS","[2.6662, 50.54868]",0300PM,domestic,accomodation,{},3019631,Essars,"[2.6662, 50.54868]"
62,AWD0001n0n,diary,393,2,1915-10-24 15:00:00 UTC,24 Oct 1915,Essars,"[2.6662, 50.54868]",0300PM,place,Essars,"{""place""=>[""Essars""], ""location""=>[""true""], ""name""=>[""Essars""], ""lat""=>[""50.54868""], ""long""=>[""2.6662""], ""id""=>[""3019631""]}",3019631,Essars,"[2.6662, 50.54868]"
1,AWD0001mzp,diary,394,4,1915-10-25 00:00:00 UTC,25 Oct 1915,Essars,"[2.6662, 50.54868]","",diaryDate,25 Oct 1915,"{""day""=>[""25""], ""month""=>[""Oct""], ""year""=>[""1915""]}",3019631,Essars,"[2.6662, 50.54868]"
2,AWD0001mzp,diary,394,3,1915-10-25 11:00:00 UTC,25 Oct 1915,Essars,"[2.6662, 50.54868]",1100AM,time,1100AM,{},3019631,Essars,"[2.6662, 50.54868]"
4,AWD0001mzp,diary,394,3,1915-10-25 11:00:00 UTC,25 Oct 1915,Essars,"[2.6662, 50.54868]",1100AM,domestic,inspections,{},3019631,Essars,"[2.6662, 50.54868]"
5,AWD0001mzp,diary,394,5,1915-10-25 11:00:00 UTC,25 Oct 1915,Essars,"[2.6662, 50.54868]",1100AM,place,Essars,"{""place""=>[""Essars""], ""location""=>[""true""], ""name""=>[""Essars""], ""lat""=>[""50.54868""], ""long""=>[""2.6662""], ""id""=>[""3019631""]}",3019631,Essars,"[2.6662, 50.54868]"
6,AWD0001mzp,diary,394,3,1915-10-25 11:00:00 UTC,25 Oct 1915,Essars,"[2.6662, 50.54868]",1100AM,domestic,inspections,{},3019631,Essars,"[2.6662, 50.54868]"
7,AWD0001mzp,diary,394,4,1915-10-25 11:00:00 UTC,25 Oct 1915,Essars,"[2.6662, 50.54868]",1100AM,person,"Lieutenant Colonel J D INGLES, Ingles","{""first""=>[""J D""], ""surname""=>[""INGLES"", ""Ingles""], ""rank""=>[""Lieutenant Colonel""], ""number""=>[""""], ""reason""=>[""other""], ""unit""=>[""""]}",3019631,Essars,"[2.6662, 50.54868]"
8,AWD0001mzp,diary,394,3,1915-10-25 14:00:00 UTC,25 Oct 1915,Essars,"[2.6662, 50.54868]",0200PM,time,0200PM,{},3019631,Essars,"[2.6662, 50.54868]"
10,AWD0001mzp,diary,394,4,1915-10-25 14:00:00 UTC,25 Oct 1915,Essars,"[2.6662, 50.54868]",0200PM,person,"Captain  Jordan, JORDAN","{""first""=>[""""], ""surname""=>[""Jordan"", ""JORDAN""], ""rank""=>[""Captain""], ""number""=>[""""], ""reason""=>[""other""], ""unit""=>[""""]}",3019631,Essars,"[2.6662, 50.54868]"
11,AWD0001mzp,diary,394,3,1915-10-25 14:00:00 UTC,25 Oct 1915,Essars,"[2.6662, 50.54868]",0200PM,person,Captain  GRAHAM,"{""first""=>[""""], ""surname""=>[""GRAHAM""], ""rank""=>[""Captain""], ""number""=>[""""], ""reason""=>[""other""], ""unit""=>[""""]}",3019631,Essars,"[2.6662, 50.54868]"
12,AWD0001mzp,diary,394,3,1915-10-25 14:00:00 UTC,25 Oct 1915,Essars,"[2.6662, 50.54868]",0200PM,person,Brigadier General J F Trefusis,"{""first""=>[""J F""], ""surname""=>[""Trefusis""], ""rank""=>[""Brigadier General""], ""number""=>[""""], ""reason""=>[""other""], ""unit""=>[""""]}",3019631,Essars,"[2.6662, 50.54868]"
13,AWD0001mzp,diary,394,3,1915-10-25 14:00:00 UTC,25 Oct 1915,Essars,"[2.6662, 50.54868]",0200PM,person,Lieutenant  Sheepshanks,"{""first""=>[""""], ""surname""=>[""Sheepshanks""], ""rank""=>[""Lieutenant""], ""number""=>[""""], ""reason""=>[""other""], ""unit""=>[""""]}",3019631,Essars,"[2.6662, 50.54868]"
15,AWD0001mzp,diary,394,4,1915-10-25 14:00:00 UTC,25 Oct 1915,Essars,"[2.6662, 50.54868]",0200PM,person,Second Lieutenant  Pepys,"{""first""=>[""""], ""surname""=>[""Pepys""], ""rank""=>[""Second Lieutenant""], ""number""=>[""""], ""reason""=>[""other""], ""unit""=>[""""]}",3019631,Essars,"[2.6662, 50.54868]"
16,AWD0001mzp,diary,394,2,1915-10-25 14:00:00 UTC,25 Oct 1915,Essars,"[2.6662, 50.54868]",0200PM,place,Windy Corner,"{""place""=>[""Windy Corner""], ""location""=>[""false"", ""true""], ""name""=>[""""], ""lat""=>[""""], ""long""=>[""""], ""id""=>[""""]}",3019631,Essars,"[2.6662, 50.54868]"
17,AWD0001mzp,diary,394,4,1915-10-26 00:00:00 UTC,26 Oct 1915,Essars,"[2.6662, 50.54868]","",diaryDate,26 Oct 1915,"{""day""=>[""26""], ""month""=>[""Oct""], ""year""=>[""1915""]}",3019631,Essars,"[2.6662, 50.54868]"
18,AWD0001mzp,diary,394,2,1915-10-26 00:00:00 UTC,26 Oct 1915,Essars,"[2.6662, 50.54868]","",place,Essars,"{""place""=>[""Essars""], ""location""=>[""true""], ""name""=>[""Essars""], ""lat""=>[""50.54868""], ""long""=>[""2.6662""], ""id""=>[""3019631""]}",3019631,Essars,"[2.6662, 50.54868]"
19,AWD0001mzp,diary,394,4,1915-10-26 00:00:00 UTC,26 Oct 1915,Essars,"[2.6662, 50.54868]","",domestic,inspections,{},3019631,Essars,"[2.6662, 50.54868]"
20,AWD0001mzp,diary,394,3,1915-10-26 00:00:00 UTC,26 Oct 1915,Essars,"[2.6662, 50.54868]","",person,Lieutenant Colonel J D Ingles,"{""first""=>[""J D""], ""surname""=>[""Ingles""], ""rank""=>[""Lieutenant Colonel""], ""number""=>[""""], ""reason""=>[""other""], ""unit""=>[""""]}",3019631,Essars,"[2.6662, 50.54868]"
22,AWD0001mzp,diary,394,4,1915-10-27 00:00:00 UTC,27 Oct 1915,Essars,"[2.6662, 50.54868]","",diaryDate,27 Oct 1915,"{""day""=>[""27""], ""month""=>[""Oct""], ""year""=>[""1915""]}",3019631,Essars,"[2.6662, 50.54868]"
23,AWD0001mzp,diary,394,4,1915-10-27 00:00:00 UTC,27 Oct 1915,Essars,"[2.6662, 50.54868]","",domestic,religion,{},3019631,Essars,"[2.6662, 50.54868]"
24,AWD0001mzp,diary,394,2,1915-10-27 00:00:00 UTC,27 Oct 1915,Essars,"[2.6662, 50.54868]","",place,Essars,"{""place""=>[""Essars""], ""location""=>[""true""], ""name""=>[""Essars""], ""lat""=>[""50.54868""], ""long""=>[""2.6662""], ""id""=>[""3019631""]}",3019631,Essars,"[2.6662, 50.54868]"
25,AWD0001mzp,diary,394,4,1915-10-27 00:00:00 UTC,27 Oct 1915,Essars,"[2.6662, 50.54868]","",activity,reconnoitered,{},3019631,Essars,"[2.6662, 50.54868]"
26,AWD0001mzp,diary,394,4,1915-10-28 00:00:00 UTC,28 Oct 1915,Essars,"[2.6662, 50.54868]","",diaryDate,28 Oct 1915,"{""day""=>[""28""], ""month""=>[""Oct""], ""year""=>[""1915""]}",3019631,Essars,"[2.6662, 50.54868]"
27,AWD0001mzp,diary,394,2,1915-10-28 00:00:00 UTC,28 Oct 1915,Essars,"[2.6662, 50.54868]","",place,Essars,"{""place""=>[""Essars""], ""location""=>[""true""], ""name""=>[""Essars""], ""lat""=>[""50.54868""], ""long""=>[""2.6662""], ""id""=>[""3019631""]}",3019631,Essars,"[2.6662, 50.54868]"
28,AWD0001mzp,diary,394,4,1915-10-28 00:00:00 UTC,28 Oct 1915,Essars,"[2.6662, 50.54868]","",domestic,inspections,{},3019631,Essars,"[2.6662, 50.54868]"
29,AWD0001mzp,diary,394,3,1915-10-28 00:00:00 UTC,28 Oct 1915,Essars,"[2.6662, 50.54868]","",activity,working,{},3019631,Essars,"[2.6662, 50.54868]"
30,AWD0001mzp,diary,394,3,1915-10-28 00:00:00 UTC,28 Oct 1915,Essars,"[2.6662, 50.54868]","",gridRef,E 6 a 3 8,{},3019631,Essars,"[2.6662, 50.54868]"
32,AWD0001mzp,diary,394,2,1915-10-28 00:00:00 UTC,28 Oct 1915,Essars,"[2.6662, 50.54868]","",place,"Canadian farm, Canadian Farm","{""place""=>[""Canadian farm"", ""Canadian Farm""], ""location""=>[""false""], ""name""=>[""""], ""lat""=>[""""], ""long""=>[""""], ""id""=>[""""]}",3019631,Essars,"[2.6662, 50.54868]"
34,AWD0001mzp,diary,394,4,1915-10-28 00:00:00 UTC,28 Oct 1915,Essars,"[2.6662, 50.54868]","",activity,training,{},3019631,Essars,"[2.6662, 50.54868]"
35,AWD0001mzp,diary,394,3,1915-10-28 00:00:00 UTC,28 Oct 1915,Essars,"[2.6662, 50.54868]","",place,Bethune,"{""place""=>[""Bethune""], ""location""=>[""false""], ""name""=>[""Béthune""], ""lat""=>[""50.53333""], ""long""=>[""2.63333""], ""id""=>[""3033002""]}",3019631,Essars,"[2.6662, 50.54868]"
36,AWD0001mzp,diary,394,4,1915-10-28 00:00:00 UTC,28 Oct 1915,Essars,"[2.6662, 50.54868]","",domestic,hygiene,{},3019631,Essars,"[2.6662, 50.54868]"
38,AWD0001mzp,diary,394,2,1915-10-28 00:00:00 UTC,28 Oct 1915,Essars,"[2.6662, 50.54868]","",place,Essars,"{""place""=>[""Essars""], ""location""=>[""true""], ""name""=>[""Essars""], ""lat""=>[""50.54868""], ""long""=>[""2.6662""], ""id""=>[""3019631""]}",3019631,Essars,"[2.6662, 50.54868]"
39,AWD0001mzp,diary,394,2,1915-10-28 00:00:00 UTC,28 Oct 1915,Essars,"[2.6662, 50.54868]","",gridRef,W 30 c,{},3019631,Essars,"[2.6662, 50.54868]"
40,AWD0001mzp,diary,394,4,1915-10-28 00:00:00 UTC,28 Oct 1915,Essars,"[2.6662, 50.54868]","",weather,rain,{},3019631,Essars,"[2.6662, 50.54868]"
43,AWD0001mzp,diary,394,3,1915-10-29 00:00:00 UTC,29 Oct 1915,Essars,"[2.6662, 50.54868]","",diaryDate,29 Oct 1915,"{""day""=>[""29""], ""month""=>[""Oct""], ""year""=>[""1915""]}",3019631,Essars,"[2.6662, 50.54868]"
44,AWD0001mzp,diary,394,4,1915-10-29 00:00:00 UTC,29 Oct 1915,Essars,"[2.6662, 50.54868]","",domestic,inspections,{},3019631,Essars,"[2.6662, 50.54868]"
45,AWD0001mzp,diary,394,2,1915-10-29 00:00:00 UTC,29 Oct 1915,Essars,"[2.6662, 50.54868]","",place,Essars,"{""place""=>[""Essars""], ""location""=>[""true""], ""name""=>[""Essars""], ""lat""=>[""50.54868""], ""long""=>[""2.6662""], ""id""=>[""3019631""]}",3019631,Essars,"[2.6662, 50.54868]"
48,AWD0001mzp,diary,394,4,1915-10-30 00:00:00 UTC,30 Oct 1915,Essars,"[2.6662, 50.54868]","",diaryDate,30 Oct 1915,"{""day""=>[""30""], ""month""=>[""Oct""], ""year""=>[""1915""]}",3019631,Essars,"[2.6662, 50.54868]"
49,AWD0001mzp,diary,394,4,1915-10-30 00:00:00 UTC,30 Oct 1915,Essars,"[2.6662, 50.54868]","",activity,working,{},3019631,Essars,"[2.6662, 50.54868]"
50,AWD0001mzp,diary,394,2,1915-10-30 00:00:00 UTC,30 Oct 1915,Essars,"[2.6662, 50.54868]","",place,Essars,"{""place""=>[""Essars""], ""location""=>[""true""], ""name""=>[""Essars""], ""lat""=>[""50.54868""], ""long""=>[""2.6662""], ""id""=>[""3019631""]}",3019631,Essars,"[2.6662, 50.54868]"
52,AWD0001mzp,diary,394,2,1915-10-30 00:00:00 UTC,30 Oct 1915,Essars,"[2.6662, 50.54868]","",place,Pont Hinge,"{""place""=>[""Pont Hinge""], ""location""=>[""false""], ""name""=>["""", ""Béthune""], ""lat""=>["""", ""50.53333""], ""long""=>["""", ""2.63333""], ""id""=>["""", ""3033002""]}",3019631,Essars,"[2.6662, 50.54868]"
58,AWD0001mzp,diary,394,4,1915-10-30 00:00:00 UTC,30 Oct 1915,Essars,"[2.6662, 50.54868]","",domestic,sport,{},3019631,Essars,"[2.6662, 50.54868]"
1,AWD0001n2i,diary,395,3,1915-10-31 00:00:00 UTC,31 Oct 1915,Essars,"[2.6662, 50.54868]","",diaryDate,31 Oct 1915,"{""day""=>[""31""], ""month""=>[""Oct""], ""year""=>[""1915""]}",3019631,Essars,"[2.6662, 50.54868]"
2,AWD0001n2i,diary,395,4,1915-10-31 00:00:00 UTC,31 Oct 1915,Essars,"[2.6662, 50.54868]","",domestic,religion,{},3019631,Essars,"[2.6662, 50.54868]"
3,AWD0001n2i,diary,395,2,1915-10-31 00:00:00 UTC,31 Oct 1915,Essars,"[2.6662, 50.54868]","",domestic,parades,{},3019631,Essars,"[2.6662, 50.54868]"
4,AWD0001n2i,diary,395,5,1915-10-31 00:00:00 UTC,31 Oct 1915,Essars,"[2.6662, 50.54868]","",place,Essars,"{""place""=>[""Essars""], ""location""=>[""true""], ""name""=>[""Essars""], ""lat""=>[""50.54868""], ""long""=>[""2.6662""], ""id""=>[""3019631""]}",3019631,Essars,"[2.6662, 50.54868]"
5,AWD0001n2i,diary,395,2,1915-10-31 00:00:00 UTC,31 Oct 1915,Essars,"[2.6662, 50.54868]","",diaryDate,31 Oct 1915,"{""day""=>[""31""], ""month""=>[""Oct""], ""year""=>[""1915""]}",3019631,Essars,"[2.6662, 50.54868]"
7,AWD0001n2i,diary,395,4,1915-10-31 00:00:00 UTC,31 Oct 1915,Essars,"[2.6662, 50.54868]","",activity,reconnoitered,{},3019631,Essars,"[2.6662, 50.54868]"
8,AWD0001n2i,diary,395,2,1915-10-31 00:00:00 UTC,31 Oct 1915,Essars,"[2.6662, 50.54868]","",place,"Ginchy, Cuinchy","{""place""=>[""Ginchy"", ""Cuinchy""], ""location""=>[""true"", ""false""], ""name""=>[""Ginchy"", ""Cuinchy""], ""lat""=>[""50.02337"", ""50.5175""], ""long""=>[""2.83176"", ""2.7488""], ""id""=>[""3016016"", ""3022134""]}",3019631,Essars,"[2.6662, 50.54868]"
1,AWD0001n1m,diary,397,5,1915-11-01 00:00:00 UTC,1 Nov 1915,Essars,"[2.6662, 50.54868]","",diaryDate,1 Nov 1915,"{""day""=>[""1""], ""month""=>[""Nov""], ""year""=>[""1915""]}",3019631,Essars,"[2.6662, 50.54868]"
3,AWD0001n1m,diary,397,2,1915-11-01 00:00:00 UTC,1 Nov 1915,Essars,"[2.6662, 50.54868]","",place,Pont Hings,"{""place""=>[""Pont Hings""], ""location""=>[""false"", ""true""], ""name""=>[""""], ""lat""=>[""""], ""long""=>[""""], ""id""=>[""""]}",3019631,Essars,"[2.6662, 50.54868]"
4,AWD0001n1m,diary,397,5,1915-11-01 00:00:00 UTC,1 Nov 1915,Essars,"[2.6662, 50.54868]","",place,Essars,"{""place""=>[""Essars""], ""location""=>[""true""], ""name""=>[""Essars""], ""lat""=>[""50.54868""], ""long""=>[""2.6662""], ""id""=>[""3019631""]}",3019631,Essars,"[2.6662, 50.54868]"
5,AWD0001n1m,diary,397,3,1915-11-01 11:00:00 UTC,1 Nov 1915,Essars,"[2.6662, 50.54868]",1100AM,time,1100AM,{},3019631,Essars,"[2.6662, 50.54868]"
6,AWD0001n1m,diary,397,3,1915-11-01 11:00:00 UTC,1 Nov 1915,Cuinchy,"[2.7488, 50.5175]",1100AM,place,Cuinchy,"{""place""=>[""Cuinchy""], ""location""=>[""true""], ""name""=>[""Cuinchy""], ""lat""=>[""50.5175""], ""long""=>[""2.7488""], ""id""=>[""3022134""]}",3015909,Givenchy-lès-la-Bassée,"[2.76667, 50.53333]"
7,AWD0001n1m,diary,397,5,1915-11-01 11:00:00 UTC,1 Nov 1915,Cuinchy,"[2.7488, 50.5175]",1100AM,activity,movement,{},3015909,Givenchy-lès-la-Bassée,"[2.76667, 50.53333]"
8,AWD0001n1m,diary,397,4,1915-11-02 00:00:00 UTC,2 Nov 1915,Cuinchy,"[2.7488, 50.5175]","",diaryDate,2 Nov 1915,"{""day""=>[""2""], ""month""=>[""Nov""], ""year""=>[""1915""]}",3015909,Givenchy-lès-la-Bassée,"[2.76667, 50.53333]"
10,AWD0001n1m,diary,397,4,1915-11-02 00:00:00 UTC,2 Nov 1915,Cuinchy,"[2.7488, 50.5175]","",place,Cuinchy,"{""place""=>[""Cuinchy""], ""location""=>[""true""], ""name""=>[""Cuinchy"", """"], ""lat""=>[""50.5175"", """"], ""long""=>[""2.7488"", """"], ""id""=>[""3022134"", """"]}",3015909,Givenchy-lès-la-Bassée,"[2.76667, 50.53333]"
13,AWD0001n1m,diary,397,5,1915-11-02 00:00:00 UTC,2 Nov 1915,Cuinchy,"[2.7488, 50.5175]","",weather,rain,{},3015909,Givenchy-lès-la-Bassée,"[2.76667, 50.53333]"
16,AWD0001n1m,diary,397,5,1915-11-03 00:00:00 UTC,3 Nov 1915,Cuinchy,"[2.7488, 50.5175]","",diaryDate,3 Nov 1915,"{""day""=>[""3""], ""month""=>[""Nov""], ""year""=>[""1915""]}",3015909,Givenchy-lès-la-Bassée,"[2.76667, 50.53333]"
20,AWD0001n1m,diary,397,2,1915-11-03 00:00:00 UTC,3 Nov 1915,Cuinchy,"[2.7488, 50.5175]","",activity,movement,{},3015909,Givenchy-lès-la-Bassée,"[2.76667, 50.53333]"
21,AWD0001n1m,diary,397,3,1915-11-03 00:00:00 UTC,3 Nov 1915,Pont Fixe,"[0.0, 0.0]","",place,Pont Fixe,"{""place""=>[""Pont Fixe""], ""location""=>[""true""], ""name""=>[""""], ""lat""=>[""""], ""long""=>[""""], ""id""=>[""""]}",3015909,Gorre,"[2.76667, 50.53333]"
23,AWD0001n1m,diary,397,3,1915-11-03 00:00:00 UTC,3 Nov 1915,Pont Fixe,"[0.0, 0.0]","",place,Avellete,"{""place""=>[""Avellete""], ""location""=>[""false""], ""name""=>[""""], ""lat""=>[""""], ""long""=>[""""], ""id""=>[""""]}",3015909,Gorre,"[2.76667, 50.53333]"
24,AWD0001n1m,diary,397,4,1915-11-04 00:00:00 UTC,4 Nov 1915,Pont Fixe,"[0.0, 0.0]","",diaryDate,4 Nov 1915,"{""day""=>[""4""], ""month""=>[""Nov""], ""year""=>[""1915""]}",3015909,Gorre,"[2.76667, 50.53333]"
25,AWD0001n1m,diary,397,2,1915-11-04 00:00:00 UTC,4 Nov 1915,Pont Fixe,"[0.0, 0.0]","",place,Halte,"{""place""=>[""Halte""], ""location""=>[""false"", ""true""], ""name""=>["""", ""Halte""], ""lat""=>["""", ""53.10793""], ""long""=>["""", ""7.35978""], ""id""=>["""", ""2911401""]}",3015909,Gorre,"[2.76667, 50.53333]"
26,AWD0001n1m,diary,397,2,1915-11-04 00:00:00 UTC,4 Nov 1915,Pont Fixe,"[0.0, 0.0]","",domestic,accomodation,{},3015909,Gorre,"[2.76667, 50.53333]"
27,AWD0001n1m,diary,397,4,1915-11-04 00:00:00 UTC,4 Nov 1915,Halte,"[7.35978, 53.10793]","",place,Halte,"{""place""=>[""Halte""], ""location""=>[""true""], ""name""=>[""Halte"", """"], ""lat""=>[""53.10793"", """"], ""long""=>[""7.35978"", """"], ""id""=>[""2911401"", """"]}",2911401,Halte,"[7.35978, 53.10793]"
29,AWD0001n1m,diary,397,2,1915-11-04 00:00:00 UTC,4 Nov 1915,Halte,"[7.35978, 53.10793]","",domestic,accomodation,{},2911401,Halte,"[7.35978, 53.10793]"
30,AWD0001n1m,diary,397,2,1915-11-04 00:00:00 UTC,4 Nov 1915,Halte,"[7.35978, 53.10793]","",place,Bernenchon,"{""place""=>[""Bernenchon""], ""location""=>[""false"", ""true""], ""name""=>[""Hinges"", """"], ""lat""=>[""50.56674"", """"], ""long""=>[""2.6216"", """"], ""id""=>[""3013273"", """"]}",2911401,Halte,"[7.35978, 53.10793]"
32,AWD0001n1m,diary,397,5,1915-11-04 00:00:00 UTC,4 Nov 1915,Hinges,"[0.0, 0.0]","",place,Hinges,"{""place""=>[""Hinges""], ""location""=>[""true""], ""name""=>[""""], ""lat""=>[""""], ""long""=>[""""], ""id""=>[""""]}",3013273,Hinges,"[2.6216, 50.56674]"
33,AWD0001n1m,diary,397,3,1915-11-04 00:00:00 UTC,4 Nov 1915,Hinges,"[0.0, 0.0]","",activity,movement,{},3013273,Hinges,"[2.6216, 50.56674]"
34,AWD0001n1m,diary,397,2,1915-11-04 13:00:00 UTC,4 Nov 1915,Hinges,"[0.0, 0.0]",0100PM,time,0100PM,{},3013273,Hinges,"[2.6216, 50.56674]"
37,AWD0001n1m,diary,397,5,1915-11-05 00:00:00 UTC,5 Nov 1915,Hinges,"[0.0, 0.0]","",diaryDate,5 Nov 1915,"{""day""=>[""5""], ""month""=>[""Nov""], ""year""=>[""1915""]}",3013273,Hinges,"[2.6216, 50.56674]"
38,AWD0001n1m,diary,397,4,1915-11-05 00:00:00 UTC,5 Nov 1915,Hinges,"[0.0, 0.0]","",domestic,inspections,{},3013273,Hinges,"[2.6216, 50.56674]"
41,AWD0001n1m,diary,397,4,1915-11-05 00:00:00 UTC,5 Nov 1915,Bernenchon,"[0.0, 0.0]","",place,Bernenchon,"{""place""=>[""Bernenchon""], ""location""=>[""true""], ""name""=>[""""], ""lat""=>[""""], ""long""=>[""""], ""id""=>[""""]}",2983661,Richebourg,"[5.05938, 48.02123]"
42,AWD0001n1m,diary,397,2,1915-11-05 00:00:00 UTC,5 Nov 1915,Bernenchon,"[0.0, 0.0]","",domestic,accomodation,{},2983661,Richebourg,"[5.05938, 48.02123]"
45,AWD0001n1m,diary,397,5,1915-11-06 00:00:00 UTC,6 Nov 1915,Bernenchon,"[0.0, 0.0]","",diaryDate,6 Nov 1915,"{""day""=>[""6""], ""month""=>[""Nov""], ""year""=>[""1915""]}",2983661,Richebourg,"[5.05938, 48.02123]"
47,AWD0001n1m,diary,397,2,1915-11-06 00:00:00 UTC,6 Nov 1915,"Bernenchon, Bernechon","[0.0, 0.0]","",place,"Bernenchon, Bernechon","{""place""=>[""Bernenchon"", ""Bernechon""], ""location""=>[""true""], ""name""=>[""""], ""lat""=>[""""], ""long""=>[""""], ""id""=>[""""]}",2983661,Richebourg,"[5.05938, 48.02123]"
48,AWD0001n1m,diary,397,4,1915-11-06 00:00:00 UTC,6 Nov 1915,"Bernenchon, Bernechon","[0.0, 0.0]","",domestic,religion,{},2983661,Richebourg,"[5.05938, 48.02123]"
49,AWD0001n1m,diary,397,2,1915-11-06 00:00:00 UTC,6 Nov 1915,"Bernenchon, Bernechon","[0.0, 0.0]","",domestic,uniform,{},2983661,Richebourg,"[5.05938, 48.02123]"
1,AWD0001n0m,diary,398,4,1915-11-07 00:00:00 UTC,7 Nov 1915,"Bernenchon, Bernechon","[0.0, 0.0]","",diaryDate,7 Nov 1915,"{""day""=>[""7""], ""month""=>[""Nov""], ""year""=>[""1915""]}",2983661,Richebourg,"[5.05938, 48.02123]"
2,AWD0001n0m,diary,398,4,1915-11-07 00:00:00 UTC,7 Nov 1915,"Bernenchon, Bernechon","[0.0, 0.0]","",activity,movement,{},2983661,Richebourg,"[5.05938, 48.02123]"
4,AWD0001n0m,diary,398,3,1915-11-07 00:00:00 UTC,7 Nov 1915,"Bernenchon, Bernechon","[0.0, 0.0]","",domestic,accomodation,{},2983661,Richebourg,"[5.05938, 48.02123]"
5,AWD0001n0m,diary,398,2,1915-11-07 00:00:00 UTC,7 Nov 1915,"Bernenchon, Bernechon","[0.0, 0.0]","",place,Bernenchon,"{""place""=>[""Bernenchon""], ""location""=>[""false""], ""name""=>[""Essars"", """"], ""lat""=>[""50.54868"", """"], ""long""=>[""2.6662"", """"], ""id""=>[""3019631"", """"]}",2983661,Richebourg,"[5.05938, 48.02123]"
6,AWD0001n0m,diary,398,8,1915-11-07 00:00:00 UTC,7 Nov 1915,Essars,"[2.6662, 50.54868]","",place,Essars,"{""place""=>[""Essars""], ""location""=>[""true""], ""name""=>[""Essars""], ""lat""=>[""50.54868""], ""long""=>[""2.6662""], ""id""=>[""3019631""]}",3019631,Essars,"[2.6662, 50.54868]"
8,AWD0001n0m,diary,398,4,1915-11-07 00:00:00 UTC,7 Nov 1915,Essars,"[2.6662, 50.54868]","",activity,reconnoitered,{},3019631,Essars,"[2.6662, 50.54868]"
9,AWD0001n0m,diary,398,4,1915-11-08 00:00:00 UTC,8 Nov 1915,Essars,"[2.6662, 50.54868]","",diaryDate,8 Nov 1915,"{""day""=>[""8""], ""month""=>[""Nov""], ""year""=>[""1915""]}",3019631,Essars,"[2.6662, 50.54868]"
10,AWD0001n0m,diary,398,4,1915-11-08 00:00:00 UTC,8 Nov 1915,Essars,"[2.6662, 50.54868]","",domestic,parades,{},3019631,Essars,"[2.6662, 50.54868]"
12,AWD0001n0m,diary,398,4,1915-11-08 09:00:00 UTC,8 Nov 1915,Essars,"[2.6662, 50.54868]",0900AM,time,0900AM,{},3019631,Essars,"[2.6662, 50.54868]"
14,AWD0001n0m,diary,398,2,1915-11-08 09:00:00 UTC,8 Nov 1915,Essars,"[2.6662, 50.54868]",0900AM,activity,movement,{},3019631,Essars,"[2.6662, 50.54868]"
16,AWD0001n0m,diary,398,4,1915-11-08 09:00:00 UTC,8 Nov 1915,Essars,"[2.6662, 50.54868]",0900AM,unit,2nd Queens,"{""name""=>[""2nd Queens""], ""context""=>[""relieved""]}",3019631,Essars,"[2.6662, 50.54868]"
17,AWD0001n0m,diary,398,4,1915-11-08 09:00:00 UTC,8 Nov 1915,Essars,"[2.6662, 50.54868]",0900AM,unit,Gordons,"{""name""=>[""Gordons""], ""context""=>[""right""]}",3019631,Essars,"[2.6662, 50.54868]"
19,AWD0001n0m,diary,398,5,1915-11-08 09:00:00 UTC,8 Nov 1915,Essars,"[2.6662, 50.54868]",0900AM,unit,Lancs,"{""name""=>[""Lancs""], ""context""=>[""left""]}",3019631,Essars,"[2.6662, 50.54868]"
20,AWD0001n0m,diary,398,4,1915-11-08 09:00:00 UTC,8 Nov 1915,Givenchy,"[2.76667, 50.53333]",0900AM,place,Givenchy,"{""place""=>[""Givenchy""], ""location""=>[""true""], ""name""=>[""Givenchy-lès-la-Bassée""], ""lat""=>[""50.53333""], ""long""=>[""2.76667""], ""id""=>[""3015909""]}",3015909,Givenchy-lès-la-Bassée,"[2.76667, 50.53333]"
22,AWD0001n0m,diary,398,2,1915-11-08 09:00:00 UTC,8 Nov 1915,Givenchy,"[2.76667, 50.53333]",0900AM,activity,line,{},3015909,Givenchy-lès-la-Bassée,"[2.76667, 50.53333]"
23,AWD0001n0m,diary,398,5,1915-11-09 00:00:00 UTC,9 Nov 1915,Givenchy,"[2.76667, 50.53333]","",diaryDate,9 Nov 1915,"{""day""=>[""9""], ""month""=>[""Nov""], ""year""=>[""1915""]}",3015909,Givenchy-lès-la-Bassée,"[2.76667, 50.53333]"
25,AWD0001n0m,diary,398,5,1915-11-09 00:00:00 UTC,9 Nov 1915,Givenchy,"[2.76667, 50.53333]","",weather,rain,{},3015909,Givenchy-lès-la-Bassée,"[2.76667, 50.53333]"
27,AWD0001n0m,diary,398,2,1915-11-09 00:00:00 UTC,9 Nov 1915,Givenchy,"[2.76667, 50.53333]","",activity,fire,{},3015909,Givenchy-lès-la-Bassée,"[2.76667, 50.53333]"
28,AWD0001n0m,diary,398,2,1915-11-09 00:00:00 UTC,9 Nov 1915,Givenchy,"[2.76667, 50.53333]","",place,Pont Fixe,"{""place""=>[""Pont Fixe""], ""location""=>[""false"", ""true""], ""name""=>[""""], ""lat""=>[""""], ""long""=>[""""], ""id""=>[""""]}",3015909,Givenchy-lès-la-Bassée,"[2.76667, 50.53333]"
29,AWD0001n0m,diary,398,2,1915-11-09 00:00:00 UTC,9 Nov 1915,Givenchy,"[2.76667, 50.53333]","",place,Givenchy,"{""place""=>[""Givenchy""], ""location""=>[""true""], ""name""=>[""Givenchy-lès-la-Bassée""], ""lat""=>[""50.53333""], ""long""=>[""2.76667""], ""id""=>[""3015909""]}",3015909,Givenchy-lès-la-Bassée,"[2.76667, 50.53333]"
30,AWD0001n0m,diary,398,5,1915-11-10 00:00:00 UTC,10 Nov 1915,Givenchy,"[2.76667, 50.53333]","",diaryDate,10 Nov 1915,"{""day""=>[""10""], ""month""=>[""Nov""], ""year""=>[""1915""]}",3015909,Givenchy-lès-la-Bassée,"[2.76667, 50.53333]"
32,AWD0001n0m,diary,398,4,1915-11-10 00:00:00 UTC,10 Nov 1915,Givenchy,"[2.76667, 50.53333]","",weather,rain,{},3015909,Givenchy-lès-la-Bassée,"[2.76667, 50.53333]"
34,AWD0001n0m,diary,398,4,1915-11-10 00:00:00 UTC,10 Nov 1915,Essars,"[2.6662, 50.54868]","",place,Essars,"{""place""=>[""Essars""], ""location""=>[""true""], ""name""=>[""Essars""], ""lat""=>[""50.54868""], ""long""=>[""2.6662""], ""id""=>[""3019631""]}",3019631,Essars,"[2.6662, 50.54868]"
36,AWD0001n0m,diary,398,4,1915-11-10 00:00:00 UTC,10 Nov 1915,Essars,"[2.6662, 50.54868]","",activity,repair,{},3019631,Essars,"[2.6662, 50.54868]"
37,AWD0001n0m,diary,398,4,1915-11-10 00:00:00 UTC,10 Nov 1915,Essars,"[2.6662, 50.54868]","",unit,9th Devons,"{""name""=>[""9th Devons""], ""context""=>[""relieved_by""]}",3019631,Essars,"[2.6662, 50.54868]"
38,AWD0001n0m,diary,398,4,1915-11-10 00:00:00 UTC,10 Nov 1915,Essars,"[2.6662, 50.54868]","",casualties,"killed: 2, wounded: 4",{},3019631,Essars,"[2.6662, 50.54868]"
40,AWD0001n0m,diary,398,5,1915-11-11 00:00:00 UTC,11 Nov 1915,Essars,"[2.6662, 50.54868]","",diaryDate,11 Nov 1915,"{""day""=>[""11""], ""month""=>[""Nov""], ""year""=>[""1915""]}",3019631,Essars,"[2.6662, 50.54868]"
42,AWD0001n0m,diary,398,3,1915-11-11 00:00:00 UTC,11 Nov 1915,Essars,"[2.6662, 50.54868]","",place,Essars,"{""place""=>[""Essars""], ""location""=>[""true""], ""name""=>[""Essars""], ""lat""=>[""50.54868""], ""long""=>[""2.6662""], ""id""=>[""3019631""]}",3019631,Essars,"[2.6662, 50.54868]"
44,AWD0001n0m,diary,398,4,1915-11-12 00:00:00 UTC,12 Nov 1915,Essars,"[2.6662, 50.54868]","",diaryDate,12 Nov 1915,"{""day""=>[""12""], ""month""=>[""Nov""], ""year""=>[""1915""]}",3019631,Essars,"[2.6662, 50.54868]"
46,AWD0001n0m,diary,398,3,1915-11-12 00:00:00 UTC,12 Nov 1915,Essars,"[2.6662, 50.54868]","",activity,movement,{},3019631,Essars,"[2.6662, 50.54868]"
47,AWD0001n0m,diary,398,2,1915-11-12 00:00:00 UTC,12 Nov 1915,Essars,"[2.6662, 50.54868]","",activity,line,{},3019631,Essars,"[2.6662, 50.54868]"
51,AWD0001n0m,diary,398,4,1915-11-12 00:00:00 UTC,12 Nov 1915,Essars,"[2.6662, 50.54868]","",unit,"N. LANCERS, N.  Lancs, N. Lances, N Lancs","{""name""=>[""N. LANCERS"", ""N.  Lancs"", ""N. Lances"", ""N Lancs""], ""context""=>[""right""]}",3019631,Essars,"[2.6662, 50.54868]"
52,AWD0001n0m,diary,398,4,1915-11-12 21:00:00 UTC,12 Nov 1915,Essars,"[2.6662, 50.54868]",0900PM,time,0900PM,{},3019631,Essars,"[2.6662, 50.54868]"
53,AWD0001n0m,diary,398,5,1915-11-12 21:00:00 UTC,12 Nov 1915,Essars,"[2.6662, 50.54868]",0900PM,unit,Gordon Highlanders,"{""name""=>[""Gordon Highlanders""], ""context""=>[""left""]}",3019631,Essars,"[2.6662, 50.54868]"
1,AWD0001n39,diary,399,4,1915-11-13 00:00:00 UTC,13 Nov 1915,Essars,"[2.6662, 50.54868]","",diaryDate,13 Nov 1915,"{""day""=>[""13""], ""month""=>[""Nov""], ""year""=>[""1915""]}",3019631,Essars,"[2.6662, 50.54868]"
3,AWD0001n39,diary,399,2,1915-11-13 00:00:00 UTC,13 Nov 1915,Essars,"[2.6662, 50.54868]","",activity,line,{},3019631,Essars,"[2.6662, 50.54868]"
4,AWD0001n39,diary,399,2,1915-11-13 00:00:00 UTC,13 Nov 1915,Essars,"[2.6662, 50.54868]","",activity,fire,{},3019631,Essars,"[2.6662, 50.54868]"
5,AWD0001n39,diary,399,2,1915-11-13 00:00:00 UTC,13 Nov 1915,Essars,"[2.6662, 50.54868]","",activity,enemy_activity,{},3019631,Essars,"[2.6662, 50.54868]"
6,AWD0001n39,diary,399,2,1915-11-13 00:00:00 UTC,13 Nov 1915,Essars,"[2.6662, 50.54868]","",place,Vauxhall Bridge,"{""place""=>[""Vauxhall Bridge""], ""location""=>[""false"", ""true""], ""name""=>[""""], ""lat""=>[""""], ""long""=>[""""], ""id""=>[""""]}",3019631,Essars,"[2.6662, 50.54868]"
8,AWD0001n39,diary,399,4,1915-11-14 00:00:00 UTC,14 Nov 1915,Essars,"[2.6662, 50.54868]","",diaryDate,14 Nov 1915,"{""day""=>[""14""], ""month""=>[""Nov""], ""year""=>[""1915""]}",3019631,Essars,"[2.6662, 50.54868]"
9,AWD0001n39,diary,399,5,1915-11-14 00:00:00 UTC,14 Nov 1915,Essars,"[2.6662, 50.54868]","",place,Essars,"{""place""=>[""Essars""], ""location""=>[""true""], ""name""=>[""Essars""], ""lat""=>[""50.54868""], ""long""=>[""2.6662""], ""id""=>[""3019631""]}",3019631,Essars,"[2.6662, 50.54868]"
10,AWD0001n39,diary,399,4,1915-11-14 00:00:00 UTC,14 Nov 1915,Essars,"[2.6662, 50.54868]","",unit,9th Devon Regt.,"{""name""=>[""9th Devon Regt.""], ""context""=>[""relieved_by""]}",3019631,Essars,"[2.6662, 50.54868]"
12,AWD0001n39,diary,399,3,1915-11-14 00:00:00 UTC,14 Nov 1915,Essars,"[2.6662, 50.54868]","",activity,movement,{},3019631,Essars,"[2.6662, 50.54868]"
14,AWD0001n39,diary,399,2,1915-11-14 00:00:00 UTC,14 Nov 1915,Essars,"[2.6662, 50.54868]","",place,Essars,"{""place""=>[""Essars""], ""location""=>[""true""], ""name""=>[""Essars""], ""lat""=>[""50.54868""], ""long""=>[""2.6662""], ""id""=>[""3019631""]}",3019631,Essars,"[2.6662, 50.54868]"
17,AWD0001n39,diary,399,5,1915-11-15 00:00:00 UTC,15 Nov 1915,Essars,"[2.6662, 50.54868]","",diaryDate,15 Nov 1915,"{""day""=>[""15""], ""month""=>[""Nov""], ""year""=>[""1915""]}",3019631,Essars,"[2.6662, 50.54868]"
18,AWD0001n39,diary,399,4,1915-11-15 00:00:00 UTC,15 Nov 1915,Essars,"[2.6662, 50.54868]","",activity,movement,{},3019631,Essars,"[2.6662, 50.54868]"
19,AWD0001n39,diary,399,3,1915-11-15 00:00:00 UTC,15 Nov 1915,"Mt Bernonchon, Mont-Bernanchon, Bernenchon","[0.0, 0.0]","",place,"Mt Bernonchon, Mont-Bernanchon, Bernenchon","{""place""=>[""Mt Bernonchon"", ""Mont-Bernanchon"", ""Bernenchon""], ""location""=>[""true""], ""name""=>[""""], ""lat""=>[""""], ""long""=>[""""], ""id""=>[""""]}",,,
20,AWD0001n39,diary,399,4,1915-11-15 16:00:00 UTC,15 Nov 1915,"Mt Bernonchon, Mont-Bernanchon, Bernenchon","[0.0, 0.0]",0400PM,time,0400PM,{},,,
21,AWD0001n39,diary,399,4,1915-11-15 16:00:00 UTC,15 Nov 1915,Bernenchon,"[2.6662, 50.54868]",0400PM,place,Bernenchon,"{""place""=>[""Bernenchon""], ""location""=>[""true""], ""name""=>["""", ""Essars""], ""lat""=>["""", ""50.54868""], ""long""=>["""", ""2.6662""], ""id""=>["""", ""3019631""]}",2983661,Richebourg,"[5.05938, 48.02123]"
23,AWD0001n39,diary,399,4,1915-11-16 00:00:00 UTC,16 Nov 1915,Bernenchon,"[2.6662, 50.54868]","",diaryDate,16 Nov 1915,"{""day""=>[""16""], ""month""=>[""Nov""], ""year""=>[""1915""]}",2983661,Richebourg,"[5.05938, 48.02123]"
24,AWD0001n39,diary,399,3,1915-11-16 00:00:00 UTC,16 Nov 1915,Bernenchon,"[2.6662, 50.54868]","",place,Bernenchon,"{""place""=>[""Bernenchon""], ""location""=>[""true""], ""name""=>[""Essars""], ""lat""=>[""50.54868""], ""long""=>[""2.6662""], ""id""=>[""3019631""]}",2983661,Richebourg,"[5.05938, 48.02123]"
26,AWD0001n39,diary,399,5,1915-11-16 00:00:00 UTC,16 Nov 1915,Bernenchon,"[2.6662, 50.54868]","",domestic,inspections,{},2983661,Richebourg,"[5.05938, 48.02123]"
27,AWD0001n39,diary,399,5,1915-11-16 00:00:00 UTC,16 Nov 1915,Bernenchon,"[2.6662, 50.54868]","",activity,training,{},2983661,Richebourg,"[5.05938, 48.02123]"
29,AWD0001n39,diary,399,5,1915-11-16 00:00:00 UTC,16 Nov 1915,Bernenchon,"[2.6662, 50.54868]","",person,Lieutenant  Goldsmith,"{""first""=>[""""], ""surname""=>[""Goldsmith""], ""rank""=>[""Lieutenant""], ""number""=>[""""], ""reason""=>[""other"", ""commander""], ""unit""=>[""""]}",2983661,Richebourg,"[5.05938, 48.02123]"
30,AWD0001n39,diary,399,4,1915-11-17 00:00:00 UTC,17 Nov 1915,Bernenchon,"[2.6662, 50.54868]","",diaryDate,17 Nov 1915,"{""day""=>[""17""], ""month""=>[""Nov""], ""year""=>[""1915""]}",2983661,Richebourg,"[5.05938, 48.02123]"
31,AWD0001n39,diary,399,3,1915-11-17 00:00:00 UTC,17 Nov 1915,Bernenchon,"[2.6662, 50.54868]","",place,Bernenchon,"{""place""=>[""Bernenchon""], ""location""=>[""true""], ""name""=>[""Essars""], ""lat""=>[""50.54868""], ""long""=>[""2.6662""], ""id""=>[""3019631""]}",2983661,Richebourg,"[5.05938, 48.02123]"
32,AWD0001n39,diary,399,4,1915-11-17 00:00:00 UTC,17 Nov 1915,Bernenchon,"[2.6662, 50.54868]","",domestic,hygiene,{},2983661,Richebourg,"[5.05938, 48.02123]"
34,AWD0001n39,diary,399,4,1915-11-18 00:00:00 UTC,18 Nov 1915,Bernenchon,"[2.6662, 50.54868]","",diaryDate,18 Nov 1915,"{""day""=>[""18""], ""month""=>[""Nov""], ""year""=>[""1915""]}",2983661,Richebourg,"[5.05938, 48.02123]"
35,AWD0001n39,diary,399,3,1915-11-18 00:00:00 UTC,18 Nov 1915,Bernenchon,"[2.6662, 50.54868]","",place,Bernenchon,"{""place""=>[""Bernenchon""], ""location""=>[""true""], ""name""=>[""Essars""], ""lat""=>[""50.54868""], ""long""=>[""2.6662""], ""id""=>[""3019631""]}",2983661,Richebourg,"[5.05938, 48.02123]"
36,AWD0001n39,diary,399,4,1915-11-18 00:00:00 UTC,18 Nov 1915,Bernenchon,"[2.6662, 50.54868]","",activity,training,{},2983661,Richebourg,"[5.05938, 48.02123]"
1,AWD0001n14,diary,400,4,1915-11-19 00:00:00 UTC,19 Nov 1915,Bernenchon,"[2.6662, 50.54868]","",diaryDate,19 Nov 1915,"{""day""=>[""19""], ""month""=>[""Nov""], ""year""=>[""1915""]}",2983661,Richebourg,"[5.05938, 48.02123]"
2,AWD0001n14,diary,400,2,1915-11-19 00:00:00 UTC,19 Nov 1915,"Mont-Bernanchon, Mt Bernenchon","[2.58333, 50.58333]","",place,"Mont-Bernanchon, Mt Bernenchon","{""place""=>[""Mont-Bernanchon"", ""Mt Bernenchon""], ""location""=>[""true""], ""name""=>[""Mont-Bernanchon"", """"], ""lat""=>[""50.58333"", """"], ""long""=>[""2.58333"", """"], ""id""=>[""2992927"", """"]}",2992927,"Mont-Bernanchon,","[2.58333, 50.58333]"
4,AWD0001n14,diary,400,3,1915-11-19 00:00:00 UTC,19 Nov 1915,"Mont-Bernanchon, Mt Bernenchon","[2.58333, 50.58333]","",activity,training,{},2992927,"Mont-Bernanchon,","[2.58333, 50.58333]"
5,AWD0001n14,diary,400,2,1915-11-19 00:00:00 UTC,19 Nov 1915,"BERNENCHON, Bernenchon","[0.0, 0.0]","",place,"BERNENCHON, Bernenchon","{""place""=>[""BERNENCHON"", ""Bernenchon""], ""location""=>[""true""], ""name""=>[""""], ""lat""=>[""""], ""long""=>[""""], ""id""=>[""""]}",2983661,Richebourg,"[5.05938, 48.02123]"
6,AWD0001n14,diary,400,3,1915-11-19 00:00:00 UTC,19 Nov 1915,"BERNENCHON, Bernenchon","[0.0, 0.0]","",domestic,accomodation,{},2983661,Richebourg,"[5.05938, 48.02123]"
7,AWD0001n14,diary,400,3,1915-11-19 00:00:00 UTC,19 Nov 1915,"BERNENCHON, Bernenchon","[0.0, 0.0]","",domestic,inspections,{},2983661,Richebourg,"[5.05938, 48.02123]"
8,AWD0001n14,diary,400,4,1915-11-20 00:00:00 UTC,20 Nov 1915,"BERNENCHON, Bernenchon","[0.0, 0.0]","",diaryDate,20 Nov 1915,"{""day""=>[""20""], ""month""=>[""Nov""], ""year""=>[""1915""]}",2983661,Richebourg,"[5.05938, 48.02123]"
10,AWD0001n14,diary,400,3,1915-11-20 00:00:00 UTC,20 Nov 1915,"BERNENCHON, Bernenchon","[0.0, 0.0]","",activity,training,{},2983661,Richebourg,"[5.05938, 48.02123]"
11,AWD0001n14,diary,400,2,1915-11-20 00:00:00 UTC,20 Nov 1915,"Bernenchon, Mt. Bernenchon","[0.0, 0.0]","",place,"Bernenchon, Mt. Bernenchon","{""place""=>[""Bernenchon"", ""Mt. Bernenchon""], ""location""=>[""true""], ""name""=>[""""], ""lat""=>[""""], ""long""=>[""""], ""id""=>[""""]}",2992927,"Mont-Bernanchon,","[2.58333, 50.58333]"
12,AWD0001n14,diary,400,2,1915-11-20 00:00:00 UTC,20 Nov 1915,"Bernenchon, Mt. Bernenchon","[0.0, 0.0]","",activity,other,{},2992927,"Mont-Bernanchon,","[2.58333, 50.58333]"
13,AWD0001n14,diary,400,2,1915-11-20 00:00:00 UTC,20 Nov 1915,"Bernenchon, Mt. Bernenchon","[0.0, 0.0]","",place,Halte,"{""place""=>[""Halte""], ""location""=>[""false""], ""name""=>["""", ""Halte""], ""lat""=>["""", ""53.10793""], ""long""=>["""", ""7.35978""], ""id""=>["""", ""2911401""]}",2992927,"Mont-Bernanchon,","[2.58333, 50.58333]"
14,AWD0001n14,diary,400,2,1915-11-20 00:00:00 UTC,20 Nov 1915,"Bernenchon, Mt. Bernenchon","[0.0, 0.0]","",activity,training,{},2992927,"Mont-Bernanchon,","[2.58333, 50.58333]"
17,AWD0001n14,diary,400,3,1915-11-21 00:00:00 UTC,21 Nov 1915,"Bernenchon, Mt. Bernenchon","[0.0, 0.0]","",diaryDate,21 Nov 1915,"{""day""=>[""21""], ""month""=>[""Nov""], ""year""=>[""1915""]}",2992927,"Mont-Bernanchon,","[2.58333, 50.58333]"
19,AWD0001n14,diary,400,3,1915-11-21 00:00:00 UTC,21 Nov 1915,"Bernenchon, Mt. Bernenchon","[0.0, 0.0]","",domestic,religion,{},2992927,"Mont-Bernanchon,","[2.58333, 50.58333]"
20,AWD0001n14,diary,400,2,1915-11-21 00:00:00 UTC,21 Nov 1915,"Bernenchon, Mt Bernenchon","[0.0, 0.0]","",place,"Bernenchon, Mt Bernenchon","{""place""=>[""Bernenchon"", ""Mt Bernenchon""], ""location""=>[""true""], ""name""=>[""""], ""lat""=>[""""], ""long""=>[""""], ""id""=>[""""]}",2992927,"Mont-Bernanchon,","[2.58333, 50.58333]"
21,AWD0001n14,diary,400,2,1915-11-21 14:30:00 UTC,21 Nov 1915,"Bernenchon, Mt Bernenchon","[0.0, 0.0]",0230PM,time,0230PM,{},2992927,"Mont-Bernanchon,","[2.58333, 50.58333]"
23,AWD0001n14,diary,400,3,1915-11-22 00:00:00 UTC,22 Nov 1915,"Bernenchon, Mt Bernenchon","[0.0, 0.0]","",diaryDate,22 Nov 1915,"{""day""=>[""22""], ""month""=>[""Nov""], ""year""=>[""1915""]}",2992927,"Mont-Bernanchon,","[2.58333, 50.58333]"
24,AWD0001n14,diary,400,2,1915-11-22 00:00:00 UTC,22 Nov 1915,"Mt Bernenchon, Bernenchon","[0.0, 0.0]","",place,"Mt Bernenchon, Bernenchon","{""place""=>[""Mt Bernenchon"", ""Bernenchon""], ""location""=>[""true""], ""name""=>[""""], ""lat""=>[""""], ""long""=>[""""], ""id""=>[""""]}",2983661,Richebourg,"[5.05938, 48.02123]"
25,AWD0001n14,diary,400,3,1915-11-22 08:00:00 UTC,22 Nov 1915,"Mt Bernenchon, Bernenchon","[0.0, 0.0]",0800AM,time,0800AM,{},2983661,Richebourg,"[5.05938, 48.02123]"
26,AWD0001n14,diary,400,2,1915-11-22 08:00:00 UTC,22 Nov 1915,Le Hamel,"[2.68437, 50.55285]",0800AM,place,Le Hamel,"{""place""=>[""Le Hamel""], ""location""=>[""true""], ""name""=>[""Le Hamel""], ""lat""=>[""50.55285""], ""long""=>[""2.68437""], ""id""=>[""3003839""]}",3003796,Le Havre,"[0.10767, 49.4938]"
27,AWD0001n14,diary,400,4,1915-11-22 08:00:00 UTC,22 Nov 1915,Le Hamel,"[2.68437, 50.55285]",0800AM,activity,movement,{},3003796,Le Havre,"[0.10767, 49.4938]"
28,AWD0001n14,diary,400,2,1915-11-22 08:00:00 UTC,22 Nov 1915,Le Hamel,"[2.68437, 50.55285]",0800AM,time,0800AM,{},3003796,Le Havre,"[0.10767, 49.4938]"
30,AWD0001n14,diary,400,3,1915-11-22 10:30:00 UTC,22 Nov 1915,Le Hamel,"[2.68437, 50.55285]",1030AM,time,1030AM,{},3003796,Le Havre,"[0.10767, 49.4938]"
31,AWD0001n14,diary,400,2,1915-11-22 10:30:00 UTC,22 Nov 1915,Le Hamel,"[2.68437, 50.55285]",1030AM,unit,South Lancashire Regt,"{""name""=>[""South Lancashire Regt""], ""context""=>[""other""]}",3003796,Le Havre,"[0.10767, 49.4938]"
33,AWD0001n14,diary,400,5,1915-11-22 10:30:00 UTC,22 Nov 1915,Le Hamel,"[2.68437, 50.55285]",1030AM,place,Le Hamel,"{""place""=>[""Le Hamel""], ""location""=>[""true""], ""name""=>[""Le Hamel""], ""lat""=>[""50.55285""], ""long""=>[""2.68437""], ""id""=>[""3003839""]}",3003796,Le Havre,"[0.10767, 49.4938]"
34,AWD0001n14,diary,400,2,1915-11-22 10:30:00 UTC,22 Nov 1915,Le Hamel,"[2.68437, 50.55285]",1030AM,domestic,accomodation,{},3003796,Le Havre,"[0.10767, 49.4938]"
35,AWD0001n14,diary,400,3,1915-11-23 00:00:00 UTC,23 Nov 1915,Le Hamel,"[2.68437, 50.55285]","",diaryDate,23 Nov 1915,"{""day""=>[""23""], ""month""=>[""Nov""], ""year""=>[""1915""]}",3003796,Le Havre,"[0.10767, 49.4938]"
37,AWD0001n14,diary,400,4,1915-11-23 00:00:00 UTC,23 Nov 1915,Festubert,"[2.73593, 50.5425]","",place,Festubert,"{""place""=>[""Festubert""], ""location""=>[""true""], ""name""=>[""Festubert""], ""lat""=>[""50.5425""], ""long""=>[""2.73593""], ""id""=>[""3018591""]}",3018591,Festubert,"[2.73593, 50.5425]"
39,AWD0001n14,diary,400,2,1915-11-23 00:00:00 UTC,23 Nov 1915,Festubert,"[2.73593, 50.5425]","",unit,"7th Btn North Lacashire Regt, 7th Btn North Lancashire Regt","{""name""=>[""7th Btn North Lacashire Regt"", ""7th Btn North Lancashire Regt""], ""context""=>[""relieved""]}",3018591,Festubert,"[2.73593, 50.5425]"
40,AWD0001n14,diary,400,2,1915-11-23 00:00:00 UTC,23 Nov 1915,Festubert,"[2.73593, 50.5425]","",unit,"7th Btn East Lacashire Regt, 7th Btn East Lancashire Regt","{""name""=>[""7th Btn East Lacashire Regt"", ""7th Btn East Lancashire Regt""], ""context""=>[""relieved""]}",3018591,Festubert,"[2.73593, 50.5425]"
45,AWD0001n14,diary,400,2,1915-11-24 00:00:00 UTC,24 Nov 1915,Festubert,"[2.73593, 50.5425]","",diaryDate,24 Nov 1915,"{""day""=>[""24""], ""month""=>[""Nov""], ""year""=>[""1915""]}",3018591,Festubert,"[2.73593, 50.5425]"
46,AWD0001n14,diary,400,2,1915-11-24 00:00:00 UTC,24 Nov 1915,Festubert,"[2.73593, 50.5425]","",activity,line,{},3018591,Festubert,"[2.73593, 50.5425]"
47,AWD0001n14,diary,400,2,1915-11-24 00:00:00 UTC,24 Nov 1915,Festubert,"[2.73593, 50.5425]","",activity,repair,{},3018591,Festubert,"[2.73593, 50.5425]"
49,AWD0001n14,diary,400,3,1915-11-24 00:00:00 UTC,24 Nov 1915,Festubert,"[2.73593, 50.5425]","",activity,repair,{},3018591,Festubert,"[2.73593, 50.5425]"
1,AWD0001n1q,diary,401,5,1915-11-25 00:00:00 UTC,25 Nov 1915,Festubert,"[2.73593, 50.5425]","",diaryDate,25 Nov 1915,"{""day""=>[""25""], ""month""=>[""Nov""], ""year""=>[""1915""]}",3018591,Festubert,"[2.73593, 50.5425]"
2,AWD0001n1q,diary,401,3,1915-11-25 00:00:00 UTC,25 Nov 1915,Festubert,"[2.73593, 50.5425]","",activity,line,{},3018591,Festubert,"[2.73593, 50.5425]"
3,AWD0001n1q,diary,401,2,1915-11-25 00:00:00 UTC,25 Nov 1915,Festubert,"[2.73593, 50.5425]","",activity,repair,{},3018591,Festubert,"[2.73593, 50.5425]"
4,AWD0001n1q,diary,401,2,1915-11-25 00:00:00 UTC,25 Nov 1915,Festubert,"[2.73593, 50.5425]","",place,Festubert,"{""place""=>[""Festubert""], ""location""=>[""true""], ""name""=>[""Festubert""], ""lat""=>[""50.5425""], ""long""=>[""2.73593""], ""id""=>[""3018591""]}",3018591,Festubert,"[2.73593, 50.5425]"
5,AWD0001n1q,diary,401,3,1915-11-25 00:00:00 UTC,25 Nov 1915,Festubert,"[2.73593, 50.5425]","",activity,repair,{},3018591,Festubert,"[2.73593, 50.5425]"
6,AWD0001n1q,diary,401,4,1915-11-25 00:00:00 UTC,25 Nov 1915,Festubert,"[2.73593, 50.5425]","",weather,rain,{},3018591,Festubert,"[2.73593, 50.5425]"
9,AWD0001n1q,diary,401,4,1915-11-26 00:00:00 UTC,26 Nov 1915,Festubert,"[2.73593, 50.5425]","",diaryDate,26 Nov 1915,"{""day""=>[""26""], ""month""=>[""Nov""], ""year""=>[""1915""]}",3018591,Festubert,"[2.73593, 50.5425]"
10,AWD0001n1q,diary,401,2,1915-11-26 00:00:00 UTC,26 Nov 1915,Festubert,"[2.73593, 50.5425]","",place,Festubert,"{""place""=>[""Festubert""], ""location""=>[""true""], ""name""=>[""Festubert""], ""lat""=>[""50.5425""], ""long""=>[""2.73593""], ""id""=>[""3018591""]}",3018591,Festubert,"[2.73593, 50.5425]"
12,AWD0001n1q,diary,401,5,1915-11-26 00:00:00 UTC,26 Nov 1915,Festubert,"[2.73593, 50.5425]","",activity,repair,{},3018591,Festubert,"[2.73593, 50.5425]"
13,AWD0001n1q,diary,401,5,1915-11-26 00:00:00 UTC,26 Nov 1915,Festubert,"[2.73593, 50.5425]","",unit,6th Gordons,"{""name""=>[""6th Gordons""], ""context""=>[""left""]}",3018591,Festubert,"[2.73593, 50.5425]"
14,AWD0001n1q,diary,401,3,1915-11-27 00:00:00 UTC,27 Nov 1915,Festubert,"[2.73593, 50.5425]","",diaryDate,27 Nov 1915,"{""day""=>[""27""], ""month""=>[""Nov""], ""year""=>[""1915""]}",3018591,Festubert,"[2.73593, 50.5425]"
16,AWD0001n1q,diary,401,2,1915-11-27 00:00:00 UTC,27 Nov 1915,Festubert,"[2.73593, 50.5425]","",diaryDate,27 Nov 1915,"{""day""=>[""27""], ""month""=>[""Nov""], ""year""=>[""1915""]}",3018591,Festubert,"[2.73593, 50.5425]"
17,AWD0001n1q,diary,401,5,1915-11-27 00:00:00 UTC,27 Nov 1915,Festubert,"[2.73593, 50.5425]","",unit,2nd Camerons,"{""name""=>[""2nd Camerons""], ""context""=>[""right""]}",3018591,Festubert,"[2.73593, 50.5425]"
18,AWD0001n1q,diary,401,4,1915-11-28 00:00:00 UTC,28 Nov 1915,Festubert,"[2.73593, 50.5425]","",diaryDate,28 Nov 1915,"{""day""=>[""28""], ""month""=>[""Nov""], ""year""=>[""1915""]}",3018591,Festubert,"[2.73593, 50.5425]"
20,AWD0001n1q,diary,401,4,1915-11-28 00:00:00 UTC,28 Nov 1915,Festubert,"[2.73593, 50.5425]","",activity,repair,{},3018591,Festubert,"[2.73593, 50.5425]"
22,AWD0001n1q,diary,401,5,1915-11-28 00:00:00 UTC,28 Nov 1915,Festubert,"[2.73593, 50.5425]","",activity,fire,{},3018591,Festubert,"[2.73593, 50.5425]"
25,AWD0001n1q,diary,401,4,1915-11-29 00:00:00 UTC,29 Nov 1915,Festubert,"[2.73593, 50.5425]","",diaryDate,29 Nov 1915,"{""day""=>[""29""], ""month""=>[""Nov""], ""year""=>[""1915""]}",3018591,Festubert,"[2.73593, 50.5425]"
26,AWD0001n1q,diary,401,4,1915-11-29 00:00:00 UTC,29 Nov 1915,Festubert,"[2.73593, 50.5425]","",unit,9th Devons,"{""name""=>[""9th Devons""], ""context""=>[""relieved_by""]}",3018591,Festubert,"[2.73593, 50.5425]"
28,AWD0001n1q,diary,401,3,1915-11-29 00:00:00 UTC,29 Nov 1915,Festubert,"[2.73593, 50.5425]","",activity,movement,{},3018591,Festubert,"[2.73593, 50.5425]"
31,AWD0001n1q,diary,401,2,1915-11-29 00:00:00 UTC,29 Nov 1915,"Festubert, FESTUBERT","[2.73593, 50.5425]","",place,"Festubert, FESTUBERT","{""place""=>[""Festubert"", ""FESTUBERT""], ""location""=>[""true""], ""name""=>[""Festubert""], ""lat""=>[""50.5425""], ""long""=>[""2.73593""], ""id""=>[""3018591""]}",3018591,Festubert,"[2.73593, 50.5425]"
36,AWD0001n1q,diary,401,2,1915-11-29 00:00:00 UTC,29 Nov 1915,"Festubert, FESTUBERT","[2.73593, 50.5425]","",unit,9th Devons,"{""name""=>[""9th Devons""], ""context""=>[""relieved_by""]}",3018591,Festubert,"[2.73593, 50.5425]"
37,AWD0001n1q,diary,401,2,1915-11-29 00:00:00 UTC,29 Nov 1915,"Festubert, FESTUBERT","[2.73593, 50.5425]","",activity,movement,{},3018591,Festubert,"[2.73593, 50.5425]"
38,AWD0001n1q,diary,401,3,1915-11-29 00:00:00 UTC,29 Nov 1915,Festubert,"[2.73593, 50.5425]","",place,Festubert,"{""place""=>[""Festubert""], ""location""=>[""true""], ""name""=>[""Festubert""], ""lat""=>[""50.5425""], ""long""=>[""2.73593""], ""id""=>[""3018591""]}",3018591,Festubert,"[2.73593, 50.5425]"
39,AWD0001n1q,diary,401,4,1915-11-30 00:00:00 UTC,30 Nov 1915,Festubert,"[2.73593, 50.5425]","",diaryDate,30 Nov 1915,"{""day""=>[""30""], ""month""=>[""Nov""], ""year""=>[""1915""]}",3018591,Festubert,"[2.73593, 50.5425]"
42,AWD0001n1q,diary,401,4,1915-11-30 00:00:00 UTC,30 Nov 1915,Festubert,"[2.73593, 50.5425]","",activity,reserve,{},3018591,Festubert,"[2.73593, 50.5425]"
43,AWD0001n1q,diary,401,4,1915-11-30 00:00:00 UTC,30 Nov 1915,Festubert,"[2.73593, 50.5425]","",person,"Lieutenant ,S W,E W,E M Horne","{""first""=>["""", ""S W"", ""E W"", ""E M""], ""surname""=>[""Horne""], ""rank""=>[""Lieutenant""], ""number""=>[""""], ""reason""=>[""author""], ""unit""=>[""""]}",3018591,Festubert,"[2.73593, 50.5425]"
2,AWD0001myh,diary,404,5,1915-11-30 16:00:00 UTC,30 Nov 1915,Festubert,"[2.73593, 50.5425]",0400PM,time,0400PM,{},3018591,Festubert,"[2.73593, 50.5425]"
4,AWD0001myh,diary,404,4,1915-11-30 16:00:00 UTC,30 Nov 1915,Festubert,"[2.73593, 50.5425]",0400PM,place,Festubert,"{""place""=>[""Festubert""], ""location""=>[""true""], ""name""=>[""Festubert""], ""lat""=>[""50.5425""], ""long""=>[""2.73593""], ""id""=>[""3018591""]}",3018591,Festubert,"[2.73593, 50.5425]"
5,AWD0001myh,diary,404,4,1915-12-01 00:00:00 UTC,1 Dec 1915,Festubert,"[2.73593, 50.5425]","",diaryDate,1 Dec 1915,"{""day""=>[""1""], ""month""=>[""Dec""], ""year""=>[""1915""]}",3018591,Festubert,"[2.73593, 50.5425]"
6,AWD0001myh,diary,404,4,1915-12-01 00:00:00 UTC,1 Dec 1915,Festubert,"[2.73593, 50.5425]","",unit,6th Gordon Highlanders,"{""name""=>[""6th Gordon Highlanders""], ""context""=>[""relieved_by""]}",3018591,Festubert,"[2.73593, 50.5425]"
8,AWD0001myh,diary,404,4,1915-12-01 00:00:00 UTC,1 Dec 1915,Festubert,"[2.73593, 50.5425]","",activity,movement,{},3018591,Festubert,"[2.73593, 50.5425]"
11,AWD0001myh,diary,404,5,1915-12-01 00:00:00 UTC,1 Dec 1915,Hingette,"[2.73593, 50.5425]","",place,Hingette,"{""place""=>[""Hingette""], ""location""=>[""true""], ""name""=>[""Festubert""], ""lat""=>[""50.5425""], ""long""=>[""2.73593""], ""id""=>[""3018591""]}",2798722,Épinette,"[3.3, 50.65]"
12,AWD0001myh,diary,404,3,1915-12-01 18:00:00 UTC,1 Dec 1915,Hingette,"[2.73593, 50.5425]",0600PM,time,0600PM,{},2798722,Épinette,"[3.3, 50.65]"
14,AWD0001myh,diary,404,4,1915-12-01 18:00:00 UTC,1 Dec 1915,Hingette,"[2.73593, 50.5425]",0600PM,domestic,accomodation,{},2798722,Épinette,"[3.3, 50.65]"
15,AWD0001myh,diary,404,4,1915-12-02 00:00:00 UTC,2 Dec 1915,Hingette,"[2.73593, 50.5425]","",diaryDate,2 Dec 1915,"{""day""=>[""2""], ""month""=>[""Dec""], ""year""=>[""1915""]}",2798722,Épinette,"[3.3, 50.65]"
16,AWD0001myh,diary,404,2,1915-12-02 00:00:00 UTC,2 Dec 1915,Hingette,"[2.73593, 50.5425]","",place,Hingette,"{""place""=>[""Hingette""], ""location""=>[""true""], ""name""=>["""", ""Festubert""], ""lat""=>["""", ""50.5425""], ""long""=>["""", ""2.73593""], ""id""=>["""", ""3018591""]}",2798722,Épinette,"[3.3, 50.65]"
19,AWD0001myh,diary,404,4,1915-12-02 10:00:00 UTC,2 Dec 1915,Hingette,"[2.73593, 50.5425]",1000AM,time,1000AM,{},2798722,Épinette,"[3.3, 50.65]"
21,AWD0001myh,diary,404,5,1915-12-02 10:00:00 UTC,2 Dec 1915,Hingette,"[2.73593, 50.5425]",1000AM,domestic,inspections,{},2798722,Épinette,"[3.3, 50.65]"
23,AWD0001myh,diary,404,3,1915-12-02 10:00:00 UTC,2 Dec 1915,Hingette,"[2.73593, 50.5425]",1000AM,place,Hingette,"{""place""=>[""Hingette""], ""location""=>[""true""], ""name""=>[""Festubert""], ""lat""=>[""50.5425""], ""long""=>[""2.73593""], ""id""=>[""3018591""]}",2798722,Épinette,"[3.3, 50.65]"
24,AWD0001myh,diary,404,5,1915-12-02 10:00:00 UTC,2 Dec 1915,Hingette,"[2.73593, 50.5425]",1000AM,activity,movement,{},2798722,Épinette,"[3.3, 50.65]"
25,AWD0001myh,diary,404,4,1915-12-03 00:00:00 UTC,3 Dec 1915,Hingette,"[2.73593, 50.5425]","",diaryDate,3 Dec 1915,"{""day""=>[""3""], ""month""=>[""Dec""], ""year""=>[""1915""]}",2798722,Épinette,"[3.3, 50.65]"
26,AWD0001myh,diary,404,3,1915-12-03 09:15:00 UTC,3 Dec 1915,Hingette,"[2.73593, 50.5425]",0915AM,time,0915AM,{},2798722,Épinette,"[3.3, 50.65]"
28,AWD0001myh,diary,404,2,1915-12-03 09:15:00 UTC,3 Dec 1915,Cantrainne,"[0.0, 0.0]",0915AM,place,Cantrainne,"{""place""=>[""Cantrainne""], ""location""=>[""true""], ""name""=>[""""], ""lat""=>[""""], ""long""=>[""""], ""id""=>[""""]}",3015681,"Gonnehem,","[2.57277, 50.56062]"
29,AWD0001myh,diary,404,4,1915-12-03 09:15:00 UTC,3 Dec 1915,Cantrainne,"[0.0, 0.0]",0915AM,domestic,accomodation,{},3015681,"Gonnehem,","[2.57277, 50.56062]"
31,AWD0001myh,diary,404,3,1915-12-03 12:00:00 UTC,3 Dec 1915,Cantrainne,"[0.0, 0.0]",1200PM,time,1200PM,{},3015681,"Gonnehem,","[2.57277, 50.56062]"
32,AWD0001myh,diary,404,6,1915-12-03 12:00:00 UTC,3 Dec 1915,Contrainne,"[0.0, 0.0]",1200PM,place,Contrainne,"{""place""=>[""Contrainne""], ""location""=>[""true""], ""name""=>[""""], ""lat""=>[""""], ""long""=>[""""], ""id""=>[""""]}",,,
34,AWD0001myh,diary,404,4,1915-12-03 12:00:00 UTC,3 Dec 1915,Contrainne,"[0.0, 0.0]",1200PM,domestic,inspections,{},,,
35,AWD0001myh,diary,404,4,1915-12-04 00:00:00 UTC,4 Dec 1915,Contrainne,"[0.0, 0.0]","",diaryDate,4 Dec 1915,"{""day""=>[""4""], ""month""=>[""Dec""], ""year""=>[""1915""]}",,,
36,AWD0001myh,diary,404,5,1915-12-04 00:00:00 UTC,4 Dec 1915,Contrainne,"[0.0, 0.0]","",person,Brigadier General  Deverell,"{""first""=>[""""], ""surname""=>[""Deverell""], ""rank""=>[""Brigadier General""], ""number""=>[""""], ""reason""=>[""other""], ""unit""=>[""""]}",,,
37,AWD0001myh,diary,404,3,1915-12-04 00:00:00 UTC,4 Dec 1915,Contrainne,"[0.0, 0.0]","",domestic,accomodation,{},,,
38,AWD0001myh,diary,404,2,1915-12-04 00:00:00 UTC,4 Dec 1915,Contrainne,"[0.0, 0.0]","",activity,other,{},,,
39,AWD0001myh,diary,404,2,1915-12-04 14:00:00 UTC,4 Dec 1915,Contrainne,"[0.0, 0.0]",0200PM,time,0200PM,{},,,
40,AWD0001myh,diary,404,2,1915-12-04 14:00:00 UTC,4 Dec 1915,Contrainne,"[0.0, 0.0]",0200PM,activity,training,{},,,
41,AWD0001myh,diary,404,2,1915-12-04 15:15:00 UTC,4 Dec 1915,Contrainne,"[0.0, 0.0]",0315PM,time,0315PM,{},,,
42,AWD0001myh,diary,404,2,1915-12-04 15:15:00 UTC,4 Dec 1915,Contrainne,"[0.0, 0.0]",0315PM,domestic,parades,{},,,
45,AWD0001myh,diary,404,5,1915-12-05 00:00:00 UTC,5 Dec 1915,Contrainne,"[0.0, 0.0]","",diaryDate,5 Dec 1915,"{""day""=>[""5""], ""month""=>[""Dec""], ""year""=>[""1915""]}",,,
46,AWD0001myh,diary,404,4,1915-12-05 00:00:00 UTC,5 Dec 1915,Contrainne,"[0.0, 0.0]","",activity,reconnoitered,{},,,
47,AWD0001myh,diary,404,2,1915-12-05 00:00:00 UTC,5 Dec 1915,Contrainne,"[0.0, 0.0]","",place,Lillers,"{""place""=>[""Lillers""], ""location""=>[""false"", ""true""], ""name""=>[""Lillers""], ""lat""=>[""50.56345""], ""long""=>[""2.48042""], ""id""=>[""2998320""]}",,,
48,AWD0001myh,diary,404,3,1915-12-05 00:00:00 UTC,5 Dec 1915,Contrainne,"[0.0, 0.0]","",place,Contrainne,"{""place""=>[""Contrainne""], ""location""=>[""true""], ""name""=>[""""], ""lat""=>[""""], ""long""=>[""""], ""id""=>[""""]}",,,
50,AWD0001myh,diary,404,5,1915-12-06 00:00:00 UTC,6 Dec 1915,Contrainne,"[0.0, 0.0]","",diaryDate,6 Dec 1915,"{""day""=>[""6""], ""month""=>[""Dec""], ""year""=>[""1915""]}",,,
51,AWD0001myh,diary,404,4,1915-12-06 00:00:00 UTC,6 Dec 1915,Contrainne,"[0.0, 0.0]","",activity,training,{},,,
52,AWD0001myh,diary,404,4,1915-12-06 00:00:00 UTC,6 Dec 1915,Contrainne,"[0.0, 0.0]","",place,Contrainne,"{""place""=>[""Contrainne""], ""location""=>[""true""], ""name""=>[""""], ""lat""=>[""""], ""long""=>[""""], ""id""=>[""""]}",,,
53,AWD0001myh,diary,404,5,1915-12-07 00:00:00 UTC,7 Dec 1915,Contrainne,"[0.0, 0.0]","",diaryDate,7 Dec 1915,"{""day""=>[""7""], ""month""=>[""Dec""], ""year""=>[""1915""]}",,,
56,AWD0001myh,diary,404,2,1915-12-07 00:00:00 UTC,7 Dec 1915,Contrainne,"[0.0, 0.0]","",place,Saleux,"{""place""=>[""Saleux""], ""location""=>[""true"", ""false""], ""name""=>[""Saleux""], ""lat""=>[""49.8563""], ""long""=>[""2.23698""], ""id""=>[""2976459""]}",,,
57,AWD0001myh,diary,404,2,1915-12-07 00:00:00 UTC,7 Dec 1915,Contrainne,"[0.0, 0.0]","",domestic,accomodation,{},,,
58,AWD0001myh,diary,404,4,1915-12-07 00:00:00 UTC,7 Dec 1915,Lillers,"[2.48042, 50.56345]","",place,Lillers,"{""place""=>[""Lillers""], ""location""=>[""true""], ""name""=>[""Lillers""], ""lat""=>[""50.56345""], ""long""=>[""2.48042""], ""id""=>[""2998320""]}",2990396,Nielles-lès-Bléquin,"[2.03136, 50.67422]"
59,AWD0001myh,diary,404,4,1915-12-07 00:00:00 UTC,7 Dec 1915,Lillers,"[2.48042, 50.56345]","",activity,movement,{},2990396,Nielles-lès-Bléquin,"[2.03136, 50.67422]"
61,AWD0001myh,diary,404,2,1915-12-07 00:00:00 UTC,7 Dec 1915,Lillers,"[2.48042, 50.56345]","",diaryDate,7 Dec 1915,"{""day""=>[""7""], ""month""=>[""Dec""], ""year""=>[""1915""]}",2990396,Nielles-lès-Bléquin,"[2.03136, 50.67422]"
62,AWD0001myh,diary,404,2,1915-12-07 00:00:00 UTC,7 Dec 1915,Lillers,"[2.48042, 50.56345]","",strength,"officer: 23, other: 695",{},2990396,Nielles-lès-Bléquin,"[2.03136, 50.67422]"
63,AWD0001myh,diary,404,5,1915-12-07 00:00:00 UTC,7 Dec 1915,Saleux,"[2.23698, 49.8563]","",place,Saleux,"{""place""=>[""Saleux""], ""location""=>[""true""], ""name""=>[""Saleux""], ""lat""=>[""49.8563""], ""long""=>[""2.23698""], ""id""=>[""2976459""]}",2976459,Saleux,"[2.23698, 49.8563]"
64,AWD0001myh,diary,404,2,1915-12-07 00:00:00 UTC,7 Dec 1915,Saleux,"[2.23698, 49.8563]","",strength,"officer: 25, other: 695",{},2976459,Saleux,"[2.23698, 49.8563]"
66,AWD0001myh,diary,404,4,1915-12-07 12:45:00 UTC,7 Dec 1915,Saleux,"[2.23698, 49.8563]",1245PM,time,1245PM,{},2976459,Saleux,"[2.23698, 49.8563]"
67,AWD0001myh,diary,404,4,1915-12-07 13:15:00 UTC,7 Dec 1915,Saleux,"[2.23698, 49.8563]",0115PM,time,0115PM,{},2976459,Saleux,"[2.23698, 49.8563]"
68,AWD0001myh,diary,404,2,1915-12-07 00:00:00 UTC,7 Dec 1915,Saleux,"[2.23698, 49.8563]","",diaryDate,7 Dec 1915,"{""day""=>[""7""], ""month""=>[""Dec""], ""year""=>[""1915""]}",2976459,Saleux,"[2.23698, 49.8563]"
69,AWD0001myh,diary,404,3,1915-12-07 00:00:00 UTC,7 Dec 1915,Saleux,"[2.23698, 49.8563]","",domestic,rations,{},2976459,Saleux,"[2.23698, 49.8563]"
70,AWD0001myh,diary,404,3,1915-12-07 00:00:00 UTC,7 Dec 1915,Ailly,"[2.19615, 49.92886]","",place,Ailly,"{""place""=>[""Ailly""], ""location""=>[""true""], ""name""=>[""Ailly-sur-Somme""], ""lat""=>[""49.92886""], ""long""=>[""2.19615""], ""id""=>[""3038428""]}",3038428,Ailly-sur-Somme,"[2.19615, 49.92886]"
72,AWD0001myh,diary,404,3,1915-12-07 00:00:00 UTC,7 Dec 1915,Ailly,"[2.19615, 49.92886]","",domestic,parades,{},3038428,Ailly-sur-Somme,"[2.19615, 49.92886]"
73,AWD0001myh,diary,404,3,1915-12-07 15:00:00 UTC,7 Dec 1915,Ailly,"[2.19615, 49.92886]",0300PM,time,0300PM,{},3038428,Ailly-sur-Somme,"[2.19615, 49.92886]"
74,AWD0001myh,diary,404,5,1915-12-07 15:00:00 UTC,7 Dec 1915,Ailly,"[2.19615, 49.92886]",0300PM,activity,movement,{},3038428,Ailly-sur-Somme,"[2.19615, 49.92886]"
75,AWD0001myh,diary,404,3,1915-12-07 15:00:00 UTC,7 Dec 1915,"Ailly Sur Somme, Ailly-sur-Somme, Ailly sur somme","[2.19615, 49.92886]",0300PM,place,"Ailly Sur Somme, Ailly-sur-Somme, Ailly sur somme","{""place""=>[""Ailly Sur Somme"", ""Ailly-sur-Somme"", ""Ailly sur somme""], ""location""=>[""true""], ""name""=>[""Ailly-sur-Somme""], ""lat""=>[""49.92886""], ""long""=>[""2.19615""], ""id""=>[""3038428""]}",3038428,Ailly-sur-Somme,"[2.19615, 49.92886]"
1,AWD0001mya,diary,405,5,1915-12-07 00:00:00 UTC,7 Dec 1915,"Ailly Sur Somme, Ailly-sur-Somme, Ailly sur somme","[2.19615, 49.92886]","",diaryDate,7 Dec 1915,"{""day""=>[""7""], ""month""=>[""Dec""], ""year""=>[""1915""]}",3038428,Ailly-sur-Somme,"[2.19615, 49.92886]"
2,AWD0001mya,diary,405,4,1915-12-07 00:00:00 UTC,7 Dec 1915,Ailly,"[2.19615, 49.92886]","",place,Ailly,"{""place""=>[""Ailly""], ""location""=>[""true""], ""name""=>[""Ailly-sur-Somme""], ""lat""=>[""49.92886""], ""long""=>[""2.19615""], ""id""=>[""3038428""]}",3038428,Ailly-sur-Somme,"[2.19615, 49.92886]"
8,AWD0001mya,diary,405,5,1915-12-08 00:00:00 UTC,8 Dec 1915,Ailly,"[2.19615, 49.92886]","",diaryDate,8 Dec 1915,"{""day""=>[""8""], ""month""=>[""Dec""], ""year""=>[""1915""]}",3038428,Ailly-sur-Somme,"[2.19615, 49.92886]"
9,AWD0001mya,diary,405,3,1915-12-08 00:00:00 UTC,8 Dec 1915,Ailly,"[0.0, 0.0]","",place,Ailly,"{""place""=>[""Ailly""], ""location""=>[""true""], ""name""=>[""Ailly-sur-Somme"", ""Villers-sous-Ailly"", """"], ""lat""=>[""49.92886"", ""50.06129"", """"], ""long""=>[""2.19615"", ""2.01667"", """"], ""id""=>[""3038428"", ""2968343"", """"]}",3038428,Ailly-sur-Somme,"[2.19615, 49.92886]"
10,AWD0001mya,diary,405,5,1915-12-08 00:00:00 UTC,8 Dec 1915,Ailly,"[0.0, 0.0]","",domestic,inspections,{},3038428,Ailly-sur-Somme,"[2.19615, 49.92886]"
11,AWD0001mya,diary,405,3,1915-12-08 00:00:00 UTC,8 Dec 1915,Ailly,"[0.0, 0.0]","",domestic,accomodation,{},3038428,Ailly-sur-Somme,"[2.19615, 49.92886]"
12,AWD0001mya,diary,405,4,1915-12-08 00:00:00 UTC,8 Dec 1915,Ailly,"[0.0, 0.0]","",activity,training,{},3038428,Ailly-sur-Somme,"[2.19615, 49.92886]"
13,AWD0001mya,diary,405,5,1915-12-09 00:00:00 UTC,9 Dec 1915,Ailly,"[0.0, 0.0]","",diaryDate,9 Dec 1915,"{""day""=>[""9""], ""month""=>[""Dec""], ""year""=>[""1915""]}",3038428,Ailly-sur-Somme,"[2.19615, 49.92886]"
14,AWD0001mya,diary,405,4,1915-12-09 00:00:00 UTC,9 Dec 1915,Ailly,"[0.0, 0.0]","",person,"Brigadier General  DEVERELL, Deverel","{""first""=>[""""], ""surname""=>[""DEVERELL"", ""Deverel""], ""rank""=>[""Brigadier General""], ""number""=>[""""], ""reason""=>[""other""], ""unit""=>[""""]}",3038428,Ailly-sur-Somme,"[2.19615, 49.92886]"
15,AWD0001mya,diary,405,3,1915-12-09 00:00:00 UTC,9 Dec 1915,Ailly,"[2.19615, 49.92886]","",place,Ailly,"{""place""=>[""Ailly""], ""location""=>[""true""], ""name""=>[""Ailly-sur-Somme""], ""lat""=>[""49.92886""], ""long""=>[""2.19615""], ""id""=>[""3038428""]}",3038428,Ailly-sur-Somme,"[2.19615, 49.92886]"
16,AWD0001mya,diary,405,3,1915-12-09 00:00:00 UTC,9 Dec 1915,Ailly,"[2.19615, 49.92886]","",domestic,inspections,{},3038428,Ailly-sur-Somme,"[2.19615, 49.92886]"
17,AWD0001mya,diary,405,2,1915-12-09 00:00:00 UTC,9 Dec 1915,Ailly,"[2.19615, 49.92886]","",domestic,accomodation,{},3038428,Ailly-sur-Somme,"[2.19615, 49.92886]"
21,AWD0001mya,diary,405,3,1915-12-09 00:00:00 UTC,9 Dec 1915,Ailly,"[2.19615, 49.92886]","",diaryDate,9 Dec 1915,"{""day""=>[""9""], ""month""=>[""Dec""], ""year""=>[""1915""]}",3038428,Ailly-sur-Somme,"[2.19615, 49.92886]"
22,AWD0001mya,diary,405,3,1915-12-09 00:00:00 UTC,9 Dec 1915,Ailly,"[2.19615, 49.92886]","",place,Ailly,"{""place""=>[""Ailly""], ""location""=>[""true""], ""name""=>[""Ailly-sur-Somme""], ""lat""=>[""49.92886""], ""long""=>[""2.19615""], ""id""=>[""3038428""]}",3038428,Ailly-sur-Somme,"[2.19615, 49.92886]"
23,AWD0001mya,diary,405,4,1915-12-09 00:00:00 UTC,9 Dec 1915,Ailly,"[2.19615, 49.92886]","",activity,training,{},3038428,Ailly-sur-Somme,"[2.19615, 49.92886]"
24,AWD0001mya,diary,405,5,1915-12-10 00:00:00 UTC,10 Dec 1915,Ailly,"[2.19615, 49.92886]","",diaryDate,10 Dec 1915,"{""day""=>[""10""], ""month""=>[""Dec""], ""year""=>[""1915""]}",3038428,Ailly-sur-Somme,"[2.19615, 49.92886]"
25,AWD0001mya,diary,405,3,1915-12-10 00:00:00 UTC,10 Dec 1915,Ailly,"[0.0, 0.0]","",place,Ailly,"{""place""=>[""Ailly""], ""location""=>[""true""], ""name""=>[""Ailly-sur-Somme"", ""Villers-sous-Ailly"", """"], ""lat""=>[""49.92886"", ""50.06129"", """"], ""long""=>[""2.19615"", ""2.01667"", """"], ""id""=>[""3038428"", ""2968343"", """"]}",3038428,Ailly-sur-Somme,"[2.19615, 49.92886]"
26,AWD0001mya,diary,405,4,1915-12-10 00:00:00 UTC,10 Dec 1915,Ailly,"[0.0, 0.0]","",activity,training,{},3038428,Ailly-sur-Somme,"[2.19615, 49.92886]"
29,AWD0001mya,diary,405,3,1915-12-10 00:00:00 UTC,10 Dec 1915,Ailly,"[0.0, 0.0]","",person,Major General L J BOLS,"{""first""=>[""L J""], ""surname""=>[""BOLS""], ""rank""=>[""Major General""], ""number""=>[""""], ""reason""=>[""other""], ""unit""=>[""""]}",3038428,Ailly-sur-Somme,"[2.19615, 49.92886]"
32,AWD0001mya,diary,405,4,1915-12-11 00:00:00 UTC,11 Dec 1915,Ailly,"[0.0, 0.0]","",diaryDate,11 Dec 1915,"{""day""=>[""11""], ""month""=>[""Dec""], ""year""=>[""1915""]}",3038428,Ailly-sur-Somme,"[2.19615, 49.92886]"
33,AWD0001mya,diary,405,3,1915-12-11 00:00:00 UTC,11 Dec 1915,Ailly,"[2.19615, 49.92886]","",place,Ailly,"{""place""=>[""Ailly""], ""location""=>[""true""], ""name""=>[""Ailly-sur-Somme""], ""lat""=>[""49.92886""], ""long""=>[""2.19615""], ""id""=>[""3038428""]}",3038428,Ailly-sur-Somme,"[2.19615, 49.92886]"
34,AWD0001mya,diary,405,5,1915-12-11 00:00:00 UTC,11 Dec 1915,Ailly,"[2.19615, 49.92886]","",activity,training,{},3038428,Ailly-sur-Somme,"[2.19615, 49.92886]"
36,AWD0001mya,diary,405,3,1915-12-11 00:00:00 UTC,11 Dec 1915,Ailly,"[2.19615, 49.92886]","",person,Brigadier General  DEVERELL,"{""first""=>[""""], ""surname""=>[""DEVERELL""], ""rank""=>[""Brigadier General""], ""number""=>[""""], ""reason""=>[""other""], ""unit""=>[""""]}",3038428,Ailly-sur-Somme,"[2.19615, 49.92886]"
37,AWD0001mya,diary,405,5,1915-12-12 00:00:00 UTC,12 Dec 1915,Ailly,"[2.19615, 49.92886]","",diaryDate,12 Dec 1915,"{""day""=>[""12""], ""month""=>[""Dec""], ""year""=>[""1915""]}",3038428,Ailly-sur-Somme,"[2.19615, 49.92886]"
38,AWD0001mya,diary,405,3,1915-12-12 00:00:00 UTC,12 Dec 1915,Ailly,"[2.19615, 49.92886]","",place,Ailly,"{""place""=>[""Ailly""], ""location""=>[""true""], ""name""=>[""Ailly-sur-Somme""], ""lat""=>[""49.92886""], ""long""=>[""2.19615""], ""id""=>[""3038428""]}",3038428,Ailly-sur-Somme,"[2.19615, 49.92886]"
39,AWD0001mya,diary,405,3,1915-12-12 00:00:00 UTC,12 Dec 1915,Ailly,"[2.19615, 49.92886]","",domestic,religion,{},3038428,Ailly-sur-Somme,"[2.19615, 49.92886]"
40,AWD0001mya,diary,405,2,1915-12-12 00:00:00 UTC,12 Dec 1915,Ailly,"[2.19615, 49.92886]","",unit,9th Bn Devon Regt,"{""name""=>[""9th Bn Devon Regt""], ""context""=>[""joined""]}",3038428,Ailly-sur-Somme,"[2.19615, 49.92886]"
43,AWD0001mya,diary,405,2,1915-12-12 00:00:00 UTC,12 Dec 1915,Ailly,"[2.19615, 49.92886]","",person,Brigadier General  Deverel,"{""first""=>[""""], ""surname""=>[""Deverel""], ""rank""=>[""Brigadier General""], ""number""=>[""""], ""reason""=>[""other""], ""unit""=>[""""]}",3038428,Ailly-sur-Somme,"[2.19615, 49.92886]"
2,AWD0001mxs,diary,406,2,1915-12-13 00:00:00 UTC,13 Dec 1915,Ailly,"[2.19615, 49.92886]","",diaryDate,13 Dec 1915,"{""day""=>[""13""], ""month""=>[""Dec""], ""year""=>[""1915""]}",3038428,Ailly-sur-Somme,"[2.19615, 49.92886]"
4,AWD0001mxs,diary,406,4,1915-12-13 00:00:00 UTC,13 Dec 1915,Ailly,"[2.19615, 49.92886]","",place,Ailly,"{""place""=>[""Ailly""], ""location""=>[""true""], ""name""=>[""Ailly-sur-Somme""], ""lat""=>[""49.92886""], ""long""=>[""2.19615""], ""id""=>[""3038428""]}",3038428,Ailly-sur-Somme,"[2.19615, 49.92886]"
6,AWD0001mxs,diary,406,4,1915-12-13 00:00:00 UTC,13 Dec 1915,Ailly,"[2.19615, 49.92886]","",activity,training,{},3038428,Ailly-sur-Somme,"[2.19615, 49.92886]"
7,AWD0001mxs,diary,406,2,1915-12-13 00:00:00 UTC,13 Dec 1915,Ailly,"[2.19615, 49.92886]","",place,Ailly,"{""place""=>[""Ailly""], ""location""=>[""true""], ""name""=>[""Ailly-sur-Somme""], ""lat""=>[""49.92886""], ""long""=>[""2.19615""], ""id""=>[""3038428""]}",3038428,Ailly-sur-Somme,"[2.19615, 49.92886]"
8,AWD0001mxs,diary,406,4,1915-12-13 00:00:00 UTC,13 Dec 1915,Ailly,"[2.19615, 49.92886]","",domestic,sport,{},3038428,Ailly-sur-Somme,"[2.19615, 49.92886]"
11,AWD0001mxs,diary,406,2,1915-12-13 00:00:00 UTC,13 Dec 1915,Ailly,"[2.19615, 49.92886]","",place,Ailly,"{""place""=>[""Ailly""], ""location""=>[""true""], ""name""=>[""Ailly-sur-Somme""], ""lat""=>[""49.92886""], ""long""=>[""2.19615""], ""id""=>[""3038428""]}",3038428,Ailly-sur-Somme,"[2.19615, 49.92886]"
12,AWD0001mxs,diary,406,2,1915-12-13 00:00:00 UTC,13 Dec 1915,Ailly,"[2.19615, 49.92886]","",activity,training,{},3038428,Ailly-sur-Somme,"[2.19615, 49.92886]"
13,AWD0001mxs,diary,406,4,1915-12-14 00:00:00 UTC,14 Dec 1915,Ailly,"[2.19615, 49.92886]","",diaryDate,14 Dec 1915,"{""day""=>[""14""], ""month""=>[""Dec""], ""year""=>[""1915""]}",3038428,Ailly-sur-Somme,"[2.19615, 49.92886]"
14,AWD0001mxs,diary,406,2,1915-12-14 00:00:00 UTC,14 Dec 1915,Ailly,"[2.19615, 49.92886]","",place,Ailly,"{""place""=>[""Ailly""], ""location""=>[""true""], ""name""=>[""Ailly-sur-Somme""], ""lat""=>[""49.92886""], ""long""=>[""2.19615""], ""id""=>[""3038428""]}",3038428,Ailly-sur-Somme,"[2.19615, 49.92886]"
15,AWD0001mxs,diary,406,4,1915-12-14 00:00:00 UTC,14 Dec 1915,Ailly,"[2.19615, 49.92886]","",activity,training,{},3038428,Ailly-sur-Somme,"[2.19615, 49.92886]"
16,AWD0001mxs,diary,406,2,1915-12-14 00:00:00 UTC,14 Dec 1915,Ailly,"[2.19615, 49.92886]","",place,Ailly,"{""place""=>[""Ailly""], ""location""=>[""true""], ""name""=>[""Ailly-sur-Somme""], ""lat""=>[""49.92886""], ""long""=>[""2.19615""], ""id""=>[""3038428""]}",3038428,Ailly-sur-Somme,"[2.19615, 49.92886]"
17,AWD0001mxs,diary,406,2,1915-12-14 00:00:00 UTC,14 Dec 1915,Ailly,"[2.19615, 49.92886]","",activity,training,{},3038428,Ailly-sur-Somme,"[2.19615, 49.92886]"
18,AWD0001mxs,diary,406,2,1915-12-14 00:00:00 UTC,14 Dec 1915,Ailly,"[2.19615, 49.92886]","",place,Ailly,"{""place""=>[""Ailly""], ""location""=>[""true""], ""name""=>[""Ailly-sur-Somme""], ""lat""=>[""49.92886""], ""long""=>[""2.19615""], ""id""=>[""3038428""]}",3038428,Ailly-sur-Somme,"[2.19615, 49.92886]"
19,AWD0001mxs,diary,406,4,1915-12-14 00:00:00 UTC,14 Dec 1915,Ailly,"[2.19615, 49.92886]","",domestic,inspections,{},3038428,Ailly-sur-Somme,"[2.19615, 49.92886]"
21,AWD0001mxs,diary,406,3,1915-12-15 00:00:00 UTC,15 Dec 1915,Ailly,"[2.19615, 49.92886]","",diaryDate,15 Dec 1915,"{""day""=>[""15""], ""month""=>[""Dec""], ""year""=>[""1915""]}",3038428,Ailly-sur-Somme,"[2.19615, 49.92886]"
22,AWD0001mxs,diary,406,2,1915-12-15 00:00:00 UTC,15 Dec 1915,Ailly,"[2.19615, 49.92886]","",place,Ailly,"{""place""=>[""Ailly""], ""location""=>[""true""], ""name""=>[""Ailly-sur-Somme""], ""lat""=>[""49.92886""], ""long""=>[""2.19615""], ""id""=>[""3038428""]}",3038428,Ailly-sur-Somme,"[2.19615, 49.92886]"
23,AWD0001mxs,diary,406,4,1915-12-15 00:00:00 UTC,15 Dec 1915,Ailly,"[2.19615, 49.92886]","",activity,training,{},3038428,Ailly-sur-Somme,"[2.19615, 49.92886]"
25,AWD0001mxs,diary,406,2,1915-12-15 00:00:00 UTC,15 Dec 1915,Ailly,"[2.19615, 49.92886]","",place,Ailly,"{""place""=>[""Ailly""], ""location""=>[""true""], ""name""=>[""Ailly-sur-Somme""], ""lat""=>[""49.92886""], ""long""=>[""2.19615""], ""id""=>[""3038428""]}",3038428,Ailly-sur-Somme,"[2.19615, 49.92886]"
26,AWD0001mxs,diary,406,4,1915-12-15 00:00:00 UTC,15 Dec 1915,Ailly,"[2.19615, 49.92886]","",domestic,inspections,{},3038428,Ailly-sur-Somme,"[2.19615, 49.92886]"
27,AWD0001mxs,diary,406,2,1915-12-15 00:00:00 UTC,15 Dec 1915,Ailly,"[2.19615, 49.92886]","",place,Ailly,"{""place""=>[""Ailly""], ""location""=>[""false"", ""true""], ""name""=>[""Ailly-sur-Somme""], ""lat""=>[""49.92886""], ""long""=>[""2.19615""], ""id""=>[""3038428""]}",3038428,Ailly-sur-Somme,"[2.19615, 49.92886]"
28,AWD0001mxs,diary,406,4,1915-12-15 00:00:00 UTC,15 Dec 1915,Ailly,"[2.19615, 49.92886]","",domestic,hygiene,{},3038428,Ailly-sur-Somme,"[2.19615, 49.92886]"
31,AWD0001mxs,diary,406,2,1915-12-15 00:00:00 UTC,15 Dec 1915,Ailly,"[2.19615, 49.92886]","",domestic,inspections,{},3038428,Ailly-sur-Somme,"[2.19615, 49.92886]"
33,AWD0001mxs,diary,406,2,1915-12-15 00:00:00 UTC,15 Dec 1915,Ailly,"[2.19615, 49.92886]","",place,Ailly,"{""place""=>[""Ailly""], ""location""=>[""false"", ""true""], ""name""=>[""Ailly-sur-Somme""], ""lat""=>[""49.92886""], ""long""=>[""2.19615""], ""id""=>[""3038428""]}",3038428,Ailly-sur-Somme,"[2.19615, 49.92886]"
1,AWD0001mym,diary,407,6,1915-12-16 00:00:00 UTC,16 Dec 1915,Ailly,"[2.19615, 49.92886]","",diaryDate,16 Dec 1915,"{""day""=>[""16""], ""month""=>[""Dec""], ""year""=>[""1915""]}",3038428,Ailly-sur-Somme,"[2.19615, 49.92886]"
2,AWD0001mym,diary,407,4,1915-12-16 00:00:00 UTC,16 Dec 1915,Ailly,"[2.19615, 49.92886]","",place,Ailly,"{""place""=>[""Ailly""], ""location""=>[""true""], ""name""=>[""Ailly-sur-Somme""], ""lat""=>[""49.92886""], ""long""=>[""2.19615""], ""id""=>[""3038428""]}",3038428,Ailly-sur-Somme,"[2.19615, 49.92886]"
4,AWD0001mym,diary,407,7,1915-12-16 00:00:00 UTC,16 Dec 1915,Ailly,"[2.19615, 49.92886]","",domestic,hygiene,{},3038428,Ailly-sur-Somme,"[2.19615, 49.92886]"
5,AWD0001mym,diary,407,2,1915-12-16 00:00:00 UTC,16 Dec 1915,"Ailly-sur-Somme, Ailly sur somme","[2.19615, 49.92886]","",place,"Ailly-sur-Somme, Ailly sur somme","{""place""=>[""Ailly-sur-Somme"", ""Ailly sur somme""], ""location""=>[""true""], ""name""=>[""Ailly-sur-Somme""], ""lat""=>[""49.92886""], ""long""=>[""2.19615""], ""id""=>[""3038428""]}",3038428,Ailly-sur-Somme,"[2.19615, 49.92886]"
6,AWD0001mym,diary,407,2,1915-12-16 00:00:00 UTC,16 Dec 1915,"Ailly-sur-Somme, Ailly sur somme","[2.19615, 49.92886]","",diaryDate,16 Dec 1915,"{""day""=>[""16""], ""month""=>[""Dec""], ""year""=>[""1915""]}",3038428,Ailly-sur-Somme,"[2.19615, 49.92886]"
7,AWD0001mym,diary,407,2,1915-12-16 00:00:00 UTC,16 Dec 1915,Ailly,"[2.19615, 49.92886]","",place,Ailly,"{""place""=>[""Ailly""], ""location""=>[""true""], ""name""=>[""Ailly-sur-Somme""], ""lat""=>[""49.92886""], ""long""=>[""2.19615""], ""id""=>[""3038428""]}",3038428,Ailly-sur-Somme,"[2.19615, 49.92886]"
9,AWD0001mym,diary,407,6,1915-12-17 00:00:00 UTC,17 Dec 1915,Ailly,"[2.19615, 49.92886]","",diaryDate,17 Dec 1915,"{""day""=>[""17""], ""month""=>[""Dec""], ""year""=>[""1915""]}",3038428,Ailly-sur-Somme,"[2.19615, 49.92886]"
11,AWD0001mym,diary,407,3,1915-12-17 00:00:00 UTC,17 Dec 1915,Ailly,"[0.0, 0.0]","",place,Ailly,"{""place""=>[""Ailly""], ""location""=>[""true""], ""name""=>[""""], ""lat""=>[""""], ""long""=>[""""], ""id""=>[""""]}",3038428,Ailly-sur-Somme,"[2.19615, 49.92886]"
12,AWD0001mym,diary,407,5,1915-12-17 00:00:00 UTC,17 Dec 1915,Ailly,"[0.0, 0.0]","",activity,training,{},3038428,Ailly-sur-Somme,"[2.19615, 49.92886]"
14,AWD0001mym,diary,407,2,1915-12-17 00:00:00 UTC,17 Dec 1915,Ailly,"[0.0, 0.0]","",diaryDate,17 Dec 1915,"{""day""=>[""17""], ""month""=>[""Dec""], ""year""=>[""1915""]}",3038428,Ailly-sur-Somme,"[2.19615, 49.92886]"
16,AWD0001mym,diary,407,3,1915-12-17 00:00:00 UTC,17 Dec 1915,Ailly,"[0.0, 0.0]","",domestic,hygiene,{},3038428,Ailly-sur-Somme,"[2.19615, 49.92886]"
17,AWD0001mym,diary,407,3,1915-12-17 00:00:00 UTC,17 Dec 1915,Ailly,"[0.0, 0.0]","",activity,training,{},3038428,Ailly-sur-Somme,"[2.19615, 49.92886]"
18,AWD0001mym,diary,407,7,1915-12-17 00:00:00 UTC,17 Dec 1915,Ailly,"[0.0, 0.0]","",place,"Breilly, Ailly","{""place""=>[""Breilly"", ""Ailly""], ""location""=>[""false""], ""name""=>[""Breilly""], ""lat""=>[""49.93498""], ""long""=>[""2.17994""], ""id""=>[""3030388""]}",3038428,Ailly-sur-Somme,"[2.19615, 49.92886]"
19,AWD0001mym,diary,407,6,1915-12-18 00:00:00 UTC,18 Dec 1915,Ailly,"[0.0, 0.0]","",diaryDate,18 Dec 1915,"{""day""=>[""18""], ""month""=>[""Dec""], ""year""=>[""1915""]}",3038428,Ailly-sur-Somme,"[2.19615, 49.92886]"
20,AWD0001mym,diary,407,4,1915-12-18 00:00:00 UTC,18 Dec 1915,Ailly,"[0.0, 0.0]","",place,"St. Sauveur, St Sauveur, Saint Sauveur, Saint-Sauveur","{""place""=>[""St. Sauveur"", ""St Sauveur"", ""Saint Sauveur"", ""Saint-Sauveur""], ""location""=>[""false""], ""name""=>[""""], ""lat""=>[""""], ""long""=>[""""], ""id""=>[""""]}",3038428,Ailly-sur-Somme,"[2.19615, 49.92886]"
21,AWD0001mym,diary,407,2,1915-12-18 00:00:00 UTC,18 Dec 1915,Ailly,"[2.19615, 49.92886]","",place,Ailly,"{""place""=>[""Ailly""], ""location""=>[""true""], ""name""=>["""", ""Ailly-sur-Somme""], ""lat""=>["""", ""49.92886""], ""long""=>["""", ""2.19615""], ""id""=>["""", ""3038428""]}",3038428,Ailly-sur-Somme,"[2.19615, 49.92886]"
23,AWD0001mym,diary,407,3,1915-12-18 00:00:00 UTC,18 Dec 1915,Ailly,"[2.19615, 49.92886]","",activity,training,{},3038428,Ailly-sur-Somme,"[2.19615, 49.92886]"
27,AWD0001mym,diary,407,4,1915-12-19 00:00:00 UTC,19 Dec 1915,Ailly,"[2.19615, 49.92886]","",diaryDate,19 Dec 1915,"{""day""=>[""19""], ""month""=>[""Dec""], ""year""=>[""1915""]}",3038428,Ailly-sur-Somme,"[2.19615, 49.92886]"
28,AWD0001mym,diary,407,3,1915-12-19 00:00:00 UTC,19 Dec 1915,Ailly,"[2.19615, 49.92886]","",place,"La Chausse, La Chaussee,  La Chausse","{""place""=>[""La Chausse"", ""La Chaussee"", "" La Chausse""], ""location""=>[""false""], ""name""=>[""""], ""lat""=>[""""], ""long""=>[""""], ""id""=>[""""]}",3038428,Ailly-sur-Somme,"[2.19615, 49.92886]"
29,AWD0001mym,diary,407,3,1915-12-19 00:00:00 UTC,19 Dec 1915,Ailly,"[2.19615, 49.92886]","",place,Picquigny,"{""place""=>[""Picquigny""], ""location""=>[""false""], ""name""=>[""Picquigny""], ""lat""=>[""49.94413""], ""long""=>[""2.14376""], ""id""=>[""2987356""]}",3038428,Ailly-sur-Somme,"[2.19615, 49.92886]"
30,AWD0001mym,diary,407,3,1915-12-19 00:00:00 UTC,19 Dec 1915,Ailly,"[0.0, 0.0]","",place,Ailly,"{""place""=>[""Ailly""], ""location""=>[""true""], ""name""=>["""", ""Villers-sous-Ailly"", ""Ailly-sur-Somme""], ""lat""=>["""", ""50.06129"", ""49.92886""], ""long""=>["""", ""2.01667"", ""2.19615""], ""id""=>["""", ""2968343"", ""3038428""]}",3038428,Ailly-sur-Somme,"[2.19615, 49.92886]"
31,AWD0001mym,diary,407,3,1915-12-19 00:00:00 UTC,19 Dec 1915,Ailly,"[0.0, 0.0]","",place,"Saint-Vast, St Vast, Saint Vast","{""place""=>[""Saint-Vast"", ""St Vast"", ""Saint Vast""], ""location""=>[""false""], ""name""=>[""""], ""lat""=>[""""], ""long""=>[""""], ""id""=>[""""]}",3038428,Ailly-sur-Somme,"[2.19615, 49.92886]"
33,AWD0001mym,diary,407,3,1915-12-19 00:00:00 UTC,19 Dec 1915,Ailly,"[0.0, 0.0]","",activity,training,{},3038428,Ailly-sur-Somme,"[2.19615, 49.92886]"
34,AWD0001mym,diary,407,6,1915-12-20 00:00:00 UTC,20 Dec 1915,Ailly,"[0.0, 0.0]","",diaryDate,20 Dec 1915,"{""day""=>[""20""], ""month""=>[""Dec""], ""year""=>[""1915""]}",3038428,Ailly-sur-Somme,"[2.19615, 49.92886]"
35,AWD0001mym,diary,407,3,1915-12-20 00:00:00 UTC,20 Dec 1915,Ailly,"[0.0, 0.0]","",place,Ailly,"{""place""=>[""Ailly""], ""location""=>[""true""], ""name""=>[""Villers-sous-Ailly"", """", ""Ailly-sur-Somme""], ""lat""=>[""50.06129"", """", ""49.92886""], ""long""=>[""2.01667"", """", ""2.19615""], ""id""=>[""2968343"", """", ""3038428""]}",3038428,Ailly-sur-Somme,"[2.19615, 49.92886]"
36,AWD0001mym,diary,407,6,1915-12-20 00:00:00 UTC,20 Dec 1915,Ailly,"[0.0, 0.0]","",domestic,religion,{},3038428,Ailly-sur-Somme,"[2.19615, 49.92886]"
39,AWD0001mym,diary,407,3,1915-12-20 00:00:00 UTC,20 Dec 1915,"Ailly sur somme, Ailly sur Somme, Ailly Sur Somme","[2.19615, 49.92886]","",place,"Ailly sur somme, Ailly sur Somme, Ailly Sur Somme","{""place""=>[""Ailly sur somme"", ""Ailly sur Somme"", ""Ailly Sur Somme""], ""location""=>[""true""], ""name""=>[""Ailly-sur-Somme""], ""lat""=>[""49.92886""], ""long""=>[""2.19615""], ""id""=>[""3038428""]}",3038428,Ailly-sur-Somme,"[2.19615, 49.92886]"
40,AWD0001mym,diary,407,4,1915-12-21 00:00:00 UTC,21 Dec 1915,"Ailly sur somme, Ailly sur Somme, Ailly Sur Somme","[2.19615, 49.92886]","",diaryDate,21 Dec 1915,"{""day""=>[""21""], ""month""=>[""Dec""], ""year""=>[""1915""]}",3038428,Ailly-sur-Somme,"[2.19615, 49.92886]"
43,AWD0001mym,diary,407,5,1915-12-21 00:00:00 UTC,21 Dec 1915,"Ailly sur somme, Ailly sur Somme, Ailly Sur Somme","[2.19615, 49.92886]","",activity,training,{},3038428,Ailly-sur-Somme,"[2.19615, 49.92886]"
46,AWD0001mym,diary,407,3,1915-12-21 00:00:00 UTC,21 Dec 1915,"Ailly, AILLY, Breilly","[2.19615, 49.92886]","",place,"Ailly, AILLY, Breilly","{""place""=>[""Ailly"", ""AILLY"", ""Breilly""], ""location""=>[""true""], ""name""=>[""Ailly-sur-Somme""], ""lat""=>[""49.92886""], ""long""=>[""2.19615""], ""id""=>[""3038428""]}",3030388,Breilly,"[2.17994, 49.93498]"
49,AWD0001mym,diary,407,5,1915-12-22 00:00:00 UTC,22 Dec 1915,"Ailly, AILLY, Breilly","[2.19615, 49.92886]","",diaryDate,22 Dec 1915,"{""day""=>[""22""], ""month""=>[""Dec""], ""year""=>[""1915""]}",3030388,Breilly,"[2.17994, 49.93498]"
50,AWD0001mym,diary,407,5,1915-12-22 00:00:00 UTC,22 Dec 1915,"Ailly, AILLY, Breilly","[2.19615, 49.92886]","",domestic,parades,{},3030388,Breilly,"[2.17994, 49.93498]"
53,AWD0001mym,diary,407,3,1915-12-22 00:00:00 UTC,22 Dec 1915,"Ailly sur Somme, Ailly Sur Somme, Ailly sur somme","[2.19615, 49.92886]","",place,"Ailly sur Somme, Ailly Sur Somme, Ailly sur somme","{""place""=>[""Ailly sur Somme"", ""Ailly Sur Somme"", ""Ailly sur somme""], ""location""=>[""true""], ""name""=>[""Ailly-sur-Somme""], ""lat""=>[""49.92886""], ""long""=>[""2.19615""], ""id""=>[""3038428""]}",3038428,Ailly-sur-Somme,"[2.19615, 49.92886]"
1,AWD0001mz4,diary,408,6,1915-12-23 00:00:00 UTC,23 Dec 1915,"Ailly sur Somme, Ailly Sur Somme, Ailly sur somme","[2.19615, 49.92886]","",diaryDate,23 Dec 1915,"{""day""=>[""23""], ""month""=>[""Dec""], ""year""=>[""1915""]}",3038428,Ailly-sur-Somme,"[2.19615, 49.92886]"
2,AWD0001mz4,diary,408,4,1915-12-23 00:00:00 UTC,23 Dec 1915,"Ailly sur Somme, Ailly-sur-Somme, Ailly Sur Somme, Ailly-sur-somme","[2.19615, 49.92886]","",place,"Ailly sur Somme, Ailly-sur-Somme, Ailly Sur Somme, Ailly-sur-somme","{""place""=>[""Ailly sur Somme"", ""Ailly-sur-Somme"", ""Ailly Sur Somme"", ""Ailly-sur-somme""], ""location""=>[""true""], ""name""=>[""Ailly-sur-Somme""], ""lat""=>[""49.92886""], ""long""=>[""2.19615""], ""id""=>[""3038428""]}",3038428,Ailly-sur-Somme,"[2.19615, 49.92886]"
3,AWD0001mz4,diary,408,4,1915-12-23 00:00:00 UTC,23 Dec 1915,"Ailly sur Somme, Ailly-sur-Somme, Ailly Sur Somme, Ailly-sur-somme","[2.19615, 49.92886]","",activity,training,{},3038428,Ailly-sur-Somme,"[2.19615, 49.92886]"
4,AWD0001mz4,diary,408,2,1915-12-23 00:00:00 UTC,23 Dec 1915,"AILLY, Ailly","[2.19615, 49.92886]","",place,"AILLY, Ailly","{""place""=>[""AILLY"", ""Ailly""], ""location""=>[""true""], ""name""=>[""Ailly-sur-Somme""], ""lat""=>[""49.92886""], ""long""=>[""2.19615""], ""id""=>[""3038428""]}",3038428,Ailly-sur-Somme,"[2.19615, 49.92886]"
6,AWD0001mz4,diary,408,3,1915-12-23 00:00:00 UTC,23 Dec 1915,"AILLY, Ailly","[2.19615, 49.92886]","",activity,training,{},3038428,Ailly-sur-Somme,"[2.19615, 49.92886]"
7,AWD0001mz4,diary,408,5,1915-12-24 00:00:00 UTC,24 Dec 1915,"AILLY, Ailly","[2.19615, 49.92886]","",diaryDate,24 Dec 1915,"{""day""=>[""24""], ""month""=>[""Dec""], ""year""=>[""1915""]}",3038428,Ailly-sur-Somme,"[2.19615, 49.92886]"
8,AWD0001mz4,diary,408,3,1915-12-24 00:00:00 UTC,24 Dec 1915,"AILLY, Ailly","[2.19615, 49.92886]","",activity,training,{},3038428,Ailly-sur-Somme,"[2.19615, 49.92886]"
9,AWD0001mz4,diary,408,2,1915-12-24 00:00:00 UTC,24 Dec 1915,"AILLY, Ailly","[2.19615, 49.92886]","",place,Ailly sur Somme,"{""place""=>[""Ailly sur Somme""], ""location""=>[""false""], ""name""=>[""Ailly-sur-Somme""], ""lat""=>[""49.92886""], ""long""=>[""2.19615""], ""id""=>[""3038428""]}",3038428,Ailly-sur-Somme,"[2.19615, 49.92886]"
10,AWD0001mz4,diary,408,5,1915-12-25 00:00:00 UTC,25 Dec 1915,"AILLY, Ailly","[2.19615, 49.92886]","",diaryDate,25 Dec 1915,"{""day""=>[""25""], ""month""=>[""Dec""], ""year""=>[""1915""]}",3038428,Ailly-sur-Somme,"[2.19615, 49.92886]"
13,AWD0001mz4,diary,408,4,1915-12-25 14:30:00 UTC,25 Dec 1915,"AILLY, Ailly","[2.19615, 49.92886]",0230PM,time,0230PM,{},3038428,Ailly-sur-Somme,"[2.19615, 49.92886]"
15,AWD0001mz4,diary,408,3,1915-12-25 14:30:00 UTC,25 Dec 1915,"AILLY, Ailly","[2.19615, 49.92886]",0230PM,domestic,rations,{},3038428,Ailly-sur-Somme,"[2.19615, 49.92886]"
16,AWD0001mz4,diary,408,3,1915-12-25 00:00:00 UTC,25 Dec 1915,"AILLY, Ailly","[2.19615, 49.92886]","",diaryDate,25 Dec 1915,"{""day""=>[""25""], ""month""=>[""Dec""], ""year""=>[""1915""]}",3038428,Ailly-sur-Somme,"[2.19615, 49.92886]"
17,AWD0001mz4,diary,408,2,1915-12-25 00:00:00 UTC,25 Dec 1915,Ailly Sur Somme,"[2.19615, 49.92886]","",place,Ailly Sur Somme,"{""place""=>[""Ailly Sur Somme""], ""location""=>[""true""], ""name""=>[""Ailly-sur-Somme""], ""lat""=>[""49.92886""], ""long""=>[""2.19615""], ""id""=>[""3038428""]}",3038428,Ailly-sur-Somme,"[2.19615, 49.92886]"
18,AWD0001mz4,diary,408,2,1915-12-25 00:00:00 UTC,25 Dec 1915,Ailly Sur Somme,"[2.19615, 49.92886]","",domestic,rations,{},3038428,Ailly-sur-Somme,"[2.19615, 49.92886]"
19,AWD0001mz4,diary,408,4,1915-12-25 19:00:00 UTC,25 Dec 1915,Ailly Sur Somme,"[2.19615, 49.92886]",0700PM,time,0700PM,{},3038428,Ailly-sur-Somme,"[2.19615, 49.92886]"
20,AWD0001mz4,diary,408,6,1915-12-26 00:00:00 UTC,26 Dec 1915,Ailly Sur Somme,"[2.19615, 49.92886]","",diaryDate,26 Dec 1915,"{""day""=>[""26""], ""month""=>[""Dec""], ""year""=>[""1915""]}",3038428,Ailly-sur-Somme,"[2.19615, 49.92886]"
21,AWD0001mz4,diary,408,2,1915-12-26 00:00:00 UTC,26 Dec 1915,Ailly Sur Somme,"[2.19615, 49.92886]","",place,"Ailly sur Somme, Ailly Sur Somme","{""place""=>[""Ailly sur Somme"", ""Ailly Sur Somme""], ""location""=>[""false"", ""true""], ""name""=>[""Ailly-sur-Somme""], ""lat""=>[""49.92886""], ""long""=>[""2.19615""], ""id""=>[""3038428""]}",3038428,Ailly-sur-Somme,"[2.19615, 49.92886]"
22,AWD0001mz4,diary,408,6,1915-12-26 00:00:00 UTC,26 Dec 1915,Ailly Sur Somme,"[2.19615, 49.92886]","",domestic,religion,{},3038428,Ailly-sur-Somme,"[2.19615, 49.92886]"
24,AWD0001mz4,diary,408,6,1915-12-27 00:00:00 UTC,27 Dec 1915,Ailly Sur Somme,"[2.19615, 49.92886]","",diaryDate,27 Dec 1915,"{""day""=>[""27""], ""month""=>[""Dec""], ""year""=>[""1915""]}",3038428,Ailly-sur-Somme,"[2.19615, 49.92886]"
26,AWD0001mz4,diary,408,3,1915-12-27 00:00:00 UTC,27 Dec 1915,Ailly Sur Somme,"[2.19615, 49.92886]","",place,Ailly Sur Somme,"{""place""=>[""Ailly Sur Somme""], ""location""=>[""true""], ""name""=>[""Ailly-sur-Somme""], ""lat""=>[""49.92886""], ""long""=>[""2.19615""], ""id""=>[""3038428""]}",3038428,Ailly-sur-Somme,"[2.19615, 49.92886]"
27,AWD0001mz4,diary,408,6,1915-12-27 00:00:00 UTC,27 Dec 1915,Ailly Sur Somme,"[2.19615, 49.92886]","",activity,training,{},3038428,Ailly-sur-Somme,"[2.19615, 49.92886]"
28,AWD0001mz4,diary,408,5,1915-12-28 00:00:00 UTC,28 Dec 1915,Ailly Sur Somme,"[2.19615, 49.92886]","",diaryDate,28 Dec 1915,"{""day""=>[""28""], ""month""=>[""Dec""], ""year""=>[""1915""]}",3038428,Ailly-sur-Somme,"[2.19615, 49.92886]"
32,AWD0001mz4,diary,408,6,1915-12-28 00:00:00 UTC,28 Dec 1915,Ailly Sur Somme,"[2.19615, 49.92886]","",activity,training,{},3038428,Ailly-sur-Somme,"[2.19615, 49.92886]"
33,AWD0001mz4,diary,408,5,1915-12-29 00:00:00 UTC,29 Dec 1915,Ailly Sur Somme,"[2.19615, 49.92886]","",diaryDate,29 Dec 1915,"{""day""=>[""29""], ""month""=>[""Dec""], ""year""=>[""1915""]}",3038428,Ailly-sur-Somme,"[2.19615, 49.92886]"
34,AWD0001mz4,diary,408,2,1915-12-29 00:00:00 UTC,29 Dec 1915,Ailly Sur Somme,"[2.19615, 49.92886]","",domestic,parades,{},3038428,Ailly-sur-Somme,"[2.19615, 49.92886]"
35,AWD0001mz4,diary,408,2,1915-12-29 00:00:00 UTC,29 Dec 1915,Ailly Sur Somme,"[2.19615, 49.92886]","",activity,training,{},3038428,Ailly-sur-Somme,"[2.19615, 49.92886]"
36,AWD0001mz4,diary,408,4,1915-12-29 00:00:00 UTC,29 Dec 1915,Ailly Sur Somme,"[2.19615, 49.92886]","",domestic,parades,{},3038428,Ailly-sur-Somme,"[2.19615, 49.92886]"
37,AWD0001mz4,diary,408,6,1915-12-30 00:00:00 UTC,30 Dec 1915,Ailly Sur Somme,"[2.19615, 49.92886]","",diaryDate,30 Dec 1915,"{""day""=>[""30""], ""month""=>[""Dec""], ""year""=>[""1915""]}",3038428,Ailly-sur-Somme,"[2.19615, 49.92886]"
38,AWD0001mz4,diary,408,6,1915-12-30 00:00:00 UTC,30 Dec 1915,Ailly Sur Somme,"[2.19615, 49.92886]","",activity,movement,{},3038428,Ailly-sur-Somme,"[2.19615, 49.92886]"
39,AWD0001mz4,diary,408,5,1915-12-30 00:00:00 UTC,30 Dec 1915,Fourdrinoy,"[2.10669, 49.91825]","",place,Fourdrinoy,"{""place""=>[""Fourdrinoy""], ""location""=>[""true""], ""name""=>[""Fourdrinoy""], ""lat""=>[""49.91825""], ""long""=>[""2.10669""], ""id""=>[""3017521""]}",3017521,Fourdrinoy,"[2.10669, 49.91825]"
42,AWD0001mz4,diary,408,5,1915-12-30 00:00:00 UTC,30 Dec 1915,Fourdrinoy,"[2.10669, 49.91825]","",domestic,accomodation,{},3017521,Fourdrinoy,"[2.10669, 49.91825]"
44,AWD0001mz4,diary,408,6,1915-12-31 00:00:00 UTC,31 Dec 1915,Fourdrinoy,"[2.10669, 49.91825]","",diaryDate,31 Dec 1915,"{""day""=>[""31""], ""month""=>[""Dec""], ""year""=>[""1915""]}",3017521,Fourdrinoy,"[2.10669, 49.91825]"
45,AWD0001mz4,diary,408,5,1915-12-31 00:00:00 UTC,31 Dec 1915,Fourdrinoy,"[2.10669, 49.91825]","",activity,training,{},3017521,Fourdrinoy,"[2.10669, 49.91825]"
46,AWD0001mz4,diary,408,3,1915-12-31 00:00:00 UTC,31 Dec 1915,Fourdrinoy,"[2.10669, 49.91825]","",place,Fourdrinoy,"{""place""=>[""Fourdrinoy""], ""location""=>[""true""], ""name""=>[""Fourdrinoy""], ""lat""=>[""49.91825""], ""long""=>[""2.10669""], ""id""=>[""3017521""]}",3017521,Fourdrinoy,"[2.10669, 49.91825]"
47,AWD0001mz4,diary,408,2,1915-12-31 00:00:00 UTC,31 Dec 1915,Fourdrinoy,"[2.10669, 49.91825]","",place,Breilly,"{""place""=>[""Breilly""], ""location""=>[""false""], ""name""=>[""Breilly""], ""lat""=>[""49.93498""], ""long""=>[""2.17994""], ""id""=>[""3030388""]}",3017521,Fourdrinoy,"[2.10669, 49.91825]"
50,AWD0001mz4,diary,408,4,1915-12-31 00:00:00 UTC,31 Dec 1915,Fourdrinoy,"[2.10669, 49.91825]","",domestic,inspections,{},3017521,Fourdrinoy,"[2.10669, 49.91825]"
51,AWD0001mz4,diary,408,4,1915-12-31 00:00:00 UTC,31 Dec 1915,Fourdrinoy,"[2.10669, 49.91825]","",person,"Lieutenant Colonel J D Ingles, INGLES","{""first""=>[""J D""], ""surname""=>[""Ingles"", ""INGLES""], ""rank""=>[""Lieutenant Colonel""], ""number""=>[""""], ""reason""=>[""commander""], ""unit""=>[""""]}",3017521,Fourdrinoy,"[2.10669, 49.91825]"
1,AWD0001n1i,diary,410,5,1916-01-01 00:00:00 UTC,1 Jan 1916,Fourdrinoy,"[2.10669, 49.91825]","",diaryDate,1 Jan 1916,"{""day""=>[""1""], ""month""=>[""Jan""], ""year""=>[""1916""]}",3017521,Fourdrinoy,"[2.10669, 49.91825]"
2,AWD0001n1i,diary,410,5,1916-01-01 00:00:00 UTC,1 Jan 1916,Fourdrinoy,"[2.10669, 49.91825]","",place,Fourdrinoy,"{""place""=>[""Fourdrinoy""], ""location""=>[""true""], ""name""=>[""Fourdrinoy""], ""lat""=>[""49.91825""], ""long""=>[""2.10669""], ""id""=>[""3017521""]}",3017521,Fourdrinoy,"[2.10669, 49.91825]"
5,AWD0001n1i,diary,410,4,1916-01-01 00:00:00 UTC,1 Jan 1916,Fourdrinoy,"[2.10669, 49.91825]","",domestic,inspections,{},3017521,Fourdrinoy,"[2.10669, 49.91825]"
6,AWD0001n1i,diary,410,5,1916-01-02 00:00:00 UTC,2 Jan 1916,Fourdrinoy,"[2.10669, 49.91825]","",diaryDate,2 Jan 1916,"{""day""=>[""2""], ""month""=>[""Jan""], ""year""=>[""1916""]}",3017521,Fourdrinoy,"[2.10669, 49.91825]"
7,AWD0001n1i,diary,410,3,1916-01-02 00:00:00 UTC,2 Jan 1916,Fourdrinoy,"[2.10669, 49.91825]","",place,Fourdrinoy,"{""place""=>[""Fourdrinoy""], ""location""=>[""true""], ""name""=>[""Fourdrinoy""], ""lat""=>[""49.91825""], ""long""=>[""2.10669""], ""id""=>[""3017521""]}",3017521,Fourdrinoy,"[2.10669, 49.91825]"
8,AWD0001n1i,diary,410,6,1916-01-02 00:00:00 UTC,2 Jan 1916,Fourdrinoy,"[2.10669, 49.91825]","",person,Brigadier General  Deverell,"{""first""=>[""""], ""surname""=>[""Deverell""], ""rank""=>[""Brigadier General""], ""number""=>[""""], ""reason""=>[""other""], ""unit""=>[""""]}",3017521,Fourdrinoy,"[2.10669, 49.91825]"
9,AWD0001n1i,diary,410,5,1916-01-02 00:00:00 UTC,2 Jan 1916,Fourdrinoy,"[2.10669, 49.91825]","",domestic,inspections,{},3017521,Fourdrinoy,"[2.10669, 49.91825]"
11,AWD0001n1i,diary,410,5,1916-01-03 00:00:00 UTC,3 Jan 1916,Fourdrinoy,"[2.10669, 49.91825]","",diaryDate,3 Jan 1916,"{""day""=>[""3""], ""month""=>[""Jan""], ""year""=>[""1916""]}",3017521,Fourdrinoy,"[2.10669, 49.91825]"
12,AWD0001n1i,diary,410,4,1916-01-03 00:00:00 UTC,3 Jan 1916,Fourdrinoy,"[2.10669, 49.91825]","",place,Breilly,"{""place""=>[""Breilly""], ""location""=>[""false""], ""name""=>[""Breilly""], ""lat""=>[""49.93498""], ""long""=>[""2.17994""], ""id""=>[""3030388""]}",3017521,Fourdrinoy,"[2.10669, 49.91825]"
13,AWD0001n1i,diary,410,4,1916-01-03 00:00:00 UTC,3 Jan 1916,Fourdrinoy,"[2.10669, 49.91825]","",activity,training,{},3017521,Fourdrinoy,"[2.10669, 49.91825]"
14,AWD0001n1i,diary,410,2,1916-01-03 00:00:00 UTC,3 Jan 1916,Fourdrinoy,"[2.10669, 49.91825]","",place,Fourdrinoy,"{""place""=>[""Fourdrinoy""], ""location""=>[""false"", ""true""], ""name""=>[""Fourdrinoy""], ""lat""=>[""49.91825""], ""long""=>[""2.10669""], ""id""=>[""3017521""]}",3017521,Fourdrinoy,"[2.10669, 49.91825]"
15,AWD0001n1i,diary,410,4,1916-01-03 00:00:00 UTC,3 Jan 1916,Fourdrinoy,"[2.10669, 49.91825]","",place,Picquigny,"{""place""=>[""Picquigny""], ""location""=>[""false""], ""name""=>[""Picquigny""], ""lat""=>[""49.94413""], ""long""=>[""2.14376""], ""id""=>[""2987356""]}",3017521,Fourdrinoy,"[2.10669, 49.91825]"
16,AWD0001n1i,diary,410,2,1916-01-03 00:00:00 UTC,3 Jan 1916,Fourdrinoy,"[2.10669, 49.91825]","",activity,training,{},3017521,Fourdrinoy,"[2.10669, 49.91825]"
18,AWD0001n1i,diary,410,4,1916-01-03 00:00:00 UTC,3 Jan 1916,Fourdrinoy,"[2.10669, 49.91825]","",place,Vignacourt,"{""place""=>[""Vignacourt""], ""location""=>[""false""], ""name""=>[""Vignacourt""], ""lat""=>[""50.01236""], ""long""=>[""2.19743""], ""id""=>[""2969146""]}",3017521,Fourdrinoy,"[2.10669, 49.91825]"
20,AWD0001n1i,diary,410,4,1916-01-03 00:00:00 UTC,3 Jan 1916,Fourdrinoy,"[2.10669, 49.91825]","",place,Fourdrinoy,"{""place""=>[""Fourdrinoy""], ""location""=>[""true"", ""false""], ""name""=>[""Fourdrinoy""], ""lat""=>[""49.91825""], ""long""=>[""2.10669""], ""id""=>[""3017521""]}",3017521,Fourdrinoy,"[2.10669, 49.91825]"
21,AWD0001n1i,diary,410,4,1916-01-03 09:00:00 UTC,3 Jan 1916,Fourdrinoy,"[2.10669, 49.91825]",0900AM,time,0900AM,{},3017521,Fourdrinoy,"[2.10669, 49.91825]"
22,AWD0001n1i,diary,410,3,1916-01-03 09:00:00 UTC,3 Jan 1916,Pont Remy,"[1.91667, 50.05]",0900AM,place,Pont Remy,"{""place""=>[""Pont Remy""], ""location""=>[""true""], ""name""=>[""Pont-Remy""], ""lat""=>[""50.05""], ""long""=>[""1.91667""], ""id""=>[""2986122""]}",2986122,Pont-Remy,"[1.91667, 50.05]"
23,AWD0001n1i,diary,410,6,1916-01-04 00:00:00 UTC,4 Jan 1916,Pont Remy,"[1.91667, 50.05]","",diaryDate,4 Jan 1916,"{""day""=>[""4""], ""month""=>[""Jan""], ""year""=>[""1916""]}",2986122,Pont-Remy,"[1.91667, 50.05]"
24,AWD0001n1i,diary,410,6,1916-01-04 00:00:00 UTC,4 Jan 1916,Pont Remy,"[1.91667, 50.05]","",activity,movement,{},2986122,Pont-Remy,"[1.91667, 50.05]"
26,AWD0001n1i,diary,410,8,1916-01-04 00:00:00 UTC,4 Jan 1916,Pont Remy,"[1.91667, 50.05]","",place,Pont Remy,"{""place""=>[""Pont Remy""], ""location""=>[""true""], ""name""=>[""Pont-Remy""], ""lat""=>[""50.05""], ""long""=>[""1.91667""], ""id""=>[""2986122""]}",2986122,Pont-Remy,"[1.91667, 50.05]"
27,AWD0001n1i,diary,410,3,1916-01-04 00:00:00 UTC,4 Jan 1916,Pont Remy,"[1.91667, 50.05]","",domestic,accomodation,{},2986122,Pont-Remy,"[1.91667, 50.05]"
28,AWD0001n1i,diary,410,4,1916-01-05 00:00:00 UTC,5 Jan 1916,Pont Remy,"[1.91667, 50.05]","",diaryDate,5 Jan 1916,"{""day""=>[""5""], ""month""=>[""Jan""], ""year""=>[""1916""]}",2986122,Pont-Remy,"[1.91667, 50.05]"
29,AWD0001n1i,diary,410,4,1916-01-05 00:00:00 UTC,5 Jan 1916,Pont Remy,"[1.91667, 50.05]","",domestic,inspections,{},2986122,Pont-Remy,"[1.91667, 50.05]"
31,AWD0001n1i,diary,410,2,1916-01-05 00:00:00 UTC,5 Jan 1916,Pont Remy,"[1.91667, 50.05]","",place,Pont Remy,"{""place""=>[""Pont Remy""], ""location""=>[""false"", ""true""], ""name""=>[""Pont-Remy""], ""lat""=>[""50.05""], ""long""=>[""1.91667""], ""id""=>[""2986122""]}",2986122,Pont-Remy,"[1.91667, 50.05]"
32,AWD0001n1i,diary,410,2,1916-01-05 00:00:00 UTC,5 Jan 1916,Pont Remy,"[1.91667, 50.05]","",diaryDate,5 Jan 1916,"{""day""=>[""5""], ""month""=>[""Jan""], ""year""=>[""1916""]}",2986122,Pont-Remy,"[1.91667, 50.05]"
35,AWD0001n1i,diary,410,5,1916-01-06 00:00:00 UTC,6 Jan 1916,Pont Remy,"[1.91667, 50.05]","",diaryDate,6 Jan 1916,"{""day""=>[""6""], ""month""=>[""Jan""], ""year""=>[""1916""]}",2986122,Pont-Remy,"[1.91667, 50.05]"
36,AWD0001n1i,diary,410,6,1916-01-06 00:00:00 UTC,6 Jan 1916,Pont Remy,"[1.91667, 50.05]","",activity,training,{},2986122,Pont-Remy,"[1.91667, 50.05]"
37,AWD0001n1i,diary,410,3,1916-01-06 00:00:00 UTC,6 Jan 1916,Pont Remy,"[1.91667, 50.05]","",place,Pont Remy,"{""place""=>[""Pont Remy""], ""location""=>[""true""], ""name""=>[""Pont-Remy""], ""lat""=>[""50.05""], ""long""=>[""1.91667""], ""id""=>[""2986122""]}",2986122,Pont-Remy,"[1.91667, 50.05]"
38,AWD0001n1i,diary,410,6,1916-01-07 00:00:00 UTC,7 Jan 1916,Pont Remy,"[1.91667, 50.05]","",diaryDate,7 Jan 1916,"{""day""=>[""7""], ""month""=>[""Jan""], ""year""=>[""1916""]}",2986122,Pont-Remy,"[1.91667, 50.05]"
39,AWD0001n1i,diary,410,6,1916-01-07 00:00:00 UTC,7 Jan 1916,Pont Remy,"[1.91667, 50.05]","",activity,training,{},2986122,Pont-Remy,"[1.91667, 50.05]"
40,AWD0001n1i,diary,410,3,1916-01-07 00:00:00 UTC,7 Jan 1916,Pont Remy,"[1.91667, 50.05]","",place,Pont Remy,"{""place""=>[""Pont Remy""], ""location""=>[""true""], ""name""=>[""Pont-Remy""], ""lat""=>[""50.05""], ""long""=>[""1.91667""], ""id""=>[""2986122""]}",2986122,Pont-Remy,"[1.91667, 50.05]"
41,AWD0001n1i,diary,410,6,1916-01-08 00:00:00 UTC,8 Jan 1916,Pont Remy,"[1.91667, 50.05]","",diaryDate,8 Jan 1916,"{""day""=>[""8""], ""month""=>[""Jan""], ""year""=>[""1916""]}",2986122,Pont-Remy,"[1.91667, 50.05]"
42,AWD0001n1i,diary,410,3,1916-01-08 00:00:00 UTC,8 Jan 1916,Pont Remy,"[1.91667, 50.05]","",place,Pont Remy,"{""place""=>[""Pont Remy""], ""location""=>[""true""], ""name""=>[""Pont-Remy""], ""lat""=>[""50.05""], ""long""=>[""1.91667""], ""id""=>[""2986122""]}",2986122,Pont-Remy,"[1.91667, 50.05]"
44,AWD0001n1i,diary,410,4,1916-01-08 00:00:00 UTC,8 Jan 1916,Pont Remy,"[1.91667, 50.05]","",domestic,inspections,{},2986122,Pont-Remy,"[1.91667, 50.05]"
45,AWD0001n1i,diary,410,6,1916-01-09 00:00:00 UTC,9 Jan 1916,Pont Remy,"[1.91667, 50.05]","",diaryDate,9 Jan 1916,"{""day""=>[""9""], ""month""=>[""Jan""], ""year""=>[""1916""]}",2986122,Pont-Remy,"[1.91667, 50.05]"
46,AWD0001n1i,diary,410,3,1916-01-09 00:00:00 UTC,9 Jan 1916,Pont Remy,"[1.91667, 50.05]","",place,Pont Remy,"{""place""=>[""Pont Remy""], ""location""=>[""true""], ""name""=>[""Pont-Remy""], ""lat""=>[""50.05""], ""long""=>[""1.91667""], ""id""=>[""2986122""]}",2986122,Pont-Remy,"[1.91667, 50.05]"
47,AWD0001n1i,diary,410,6,1916-01-09 00:00:00 UTC,9 Jan 1916,Pont Remy,"[1.91667, 50.05]","",domestic,religion,{},2986122,Pont-Remy,"[1.91667, 50.05]"
48,AWD0001n1i,diary,410,2,1916-01-09 09:30:00 UTC,9 Jan 1916,Pont Remy,"[1.91667, 50.05]",0930AM,time,0930AM,{},2986122,Pont-Remy,"[1.91667, 50.05]"
49,AWD0001n1i,diary,410,2,1916-01-09 10:00:00 UTC,9 Jan 1916,Pont Remy,"[1.91667, 50.05]",1000AM,time,1000AM,{},2986122,Pont-Remy,"[1.91667, 50.05]"
1,AWD0001n06,diary,411,6,1916-01-10 00:00:00 UTC,10 Jan 1916,Pont Remy,"[1.91667, 50.05]","",diaryDate,10 Jan 1916,"{""day""=>[""10""], ""month""=>[""Jan""], ""year""=>[""1916""]}",2986122,Pont-Remy,"[1.91667, 50.05]"
3,AWD0001n06,diary,411,5,1916-01-10 00:00:00 UTC,10 Jan 1916,Pont Remy,"[1.91667, 50.05]","",place,Pont Remy,"{""place""=>[""Pont Remy""], ""location""=>[""true""], ""name""=>[""Pont-Remy""], ""lat""=>[""50.05""], ""long""=>[""1.91667""], ""id""=>[""2986122""]}",2986122,Pont-Remy,"[1.91667, 50.05]"
4,AWD0001n06,diary,411,2,1916-01-10 00:00:00 UTC,10 Jan 1916,Pont Remy,"[1.91667, 50.05]","",activity,training,{},2986122,Pont-Remy,"[1.91667, 50.05]"
5,AWD0001n06,diary,411,3,1916-01-10 00:00:00 UTC,10 Jan 1916,Pont Remy,"[1.91667, 50.05]","",activity,attack,{},2986122,Pont-Remy,"[1.91667, 50.05]"
6,AWD0001n06,diary,411,4,1916-01-10 00:00:00 UTC,10 Jan 1916,Pont Remy,"[1.91667, 50.05]","",place,Sorel,"{""place""=>[""Sorel""], ""location""=>[""false""], ""name""=>[""Sorel""], ""lat""=>[""50.01667""], ""long""=>[""3.05""], ""id""=>[""2974198""]}",2986122,Pont-Remy,"[1.91667, 50.05]"
7,AWD0001n06,diary,411,6,1916-01-11 00:00:00 UTC,11 Jan 1916,Pont Remy,"[1.91667, 50.05]","",diaryDate,11 Jan 1916,"{""day""=>[""11""], ""month""=>[""Jan""], ""year""=>[""1916""]}",2986122,Pont-Remy,"[1.91667, 50.05]"
8,AWD0001n06,diary,411,3,1916-01-11 00:00:00 UTC,11 Jan 1916,Pont Remy,"[1.91667, 50.05]","",place,Buigny,"{""place""=>[""Buigny""], ""location""=>[""false""], ""name""=>[""Buigny-l’Abbé""], ""lat""=>[""50.09849""], ""long""=>[""1.93651""], ""id""=>[""3029614""]}",2986122,Pont-Remy,"[1.91667, 50.05]"
9,AWD0001n06,diary,411,2,1916-01-11 00:00:00 UTC,11 Jan 1916,Pont Remy,"[1.91667, 50.05]","",place,Pont Remy,"{""place""=>[""Pont Remy""], ""location""=>[""false"", ""true""], ""name""=>[""Pont-Remy""], ""lat""=>[""50.05""], ""long""=>[""1.91667""], ""id""=>[""2986122""]}",2986122,Pont-Remy,"[1.91667, 50.05]"
11,AWD0001n06,diary,411,3,1916-01-11 00:00:00 UTC,11 Jan 1916,Pont Remy,"[1.91667, 50.05]","",activity,attack,{},2986122,Pont-Remy,"[1.91667, 50.05]"
15,AWD0001n06,diary,411,6,1916-01-12 00:00:00 UTC,12 Jan 1916,Pont Remy,"[1.91667, 50.05]","",diaryDate,12 Jan 1916,"{""day""=>[""12""], ""month""=>[""Jan""], ""year""=>[""1916""]}",2986122,Pont-Remy,"[1.91667, 50.05]"
16,AWD0001n06,diary,411,3,1916-01-12 00:00:00 UTC,12 Jan 1916,Pont Remy,"[1.91667, 50.05]","",place,Pont Remy,"{""place""=>[""Pont Remy""], ""location""=>[""true""], ""name""=>[""Pont-Remy""], ""lat""=>[""50.05""], ""long""=>[""1.91667""], ""id""=>[""2986122""]}",2986122,Pont-Remy,"[1.91667, 50.05]"
18,AWD0001n06,diary,411,2,1916-01-13 00:00:00 UTC,13 Jan 1916,Pont Remy,"[1.91667, 50.05]","",diaryDate,13 Jan 1916,"{""day""=>[""13""], ""month""=>[""Jan""], ""year""=>[""1916""]}",2986122,Pont-Remy,"[1.91667, 50.05]"
19,AWD0001n06,diary,411,3,1916-01-13 00:00:00 UTC,13 Jan 1916,Pont Remy,"[1.91667, 50.05]","",place,Pont Remy,"{""place""=>[""Pont Remy""], ""location""=>[""true""], ""name""=>[""Pont-Remy""], ""lat""=>[""50.05""], ""long""=>[""1.91667""], ""id""=>[""2986122""]}",2986122,Pont-Remy,"[1.91667, 50.05]"
20,AWD0001n06,diary,411,4,1916-01-13 00:00:00 UTC,13 Jan 1916,Pont Remy,"[1.91667, 50.05]","",diaryDate,13 Jan 1916,"{""day""=>[""13""], ""month""=>[""Jan""], ""year""=>[""1916""]}",2986122,Pont-Remy,"[1.91667, 50.05]"
22,AWD0001n06,diary,411,5,1916-01-13 00:00:00 UTC,13 Jan 1916,Pont Remy,"[1.91667, 50.05]","",activity,training,{},2986122,Pont-Remy,"[1.91667, 50.05]"
23,AWD0001n06,diary,411,5,1916-01-14 00:00:00 UTC,14 Jan 1916,Pont Remy,"[1.91667, 50.05]","",diaryDate,14 Jan 1916,"{""day""=>[""14""], ""month""=>[""Jan""], ""year""=>[""1916""]}",2986122,Pont-Remy,"[1.91667, 50.05]"
25,AWD0001n06,diary,411,5,1916-01-14 00:00:00 UTC,14 Jan 1916,Pont Remy,"[1.91667, 50.05]","",place,Pont Remy,"{""place""=>[""Pont Remy""], ""location""=>[""true""], ""name""=>[""Pont-Remy""], ""lat""=>[""50.05""], ""long""=>[""1.91667""], ""id""=>[""2986122""]}",2986122,Pont-Remy,"[1.91667, 50.05]"
26,AWD0001n06,diary,411,2,1916-01-14 00:00:00 UTC,14 Jan 1916,Pont Remy,"[1.91667, 50.05]","",activity,training,{},2986122,Pont-Remy,"[1.91667, 50.05]"
27,AWD0001n06,diary,411,2,1916-01-14 00:00:00 UTC,14 Jan 1916,Pont Remy,"[1.91667, 50.05]","",place,Sorel,"{""place""=>[""Sorel""], ""location""=>[""false""], ""name""=>[""""], ""lat""=>[""""], ""long""=>[""""], ""id""=>[""""]}",2986122,Pont-Remy,"[1.91667, 50.05]"
28,AWD0001n06,diary,411,2,1916-01-14 00:00:00 UTC,14 Jan 1916,Pont Remy,"[1.91667, 50.05]","",place,"Long Fre, Longpre","{""place""=>[""Long Fre"", ""Longpre""], ""location""=>[""false"", ""true""], ""name""=>[""""], ""lat""=>[""""], ""long""=>[""""], ""id""=>[""""]}",2986122,Pont-Remy,"[1.91667, 50.05]"
30,AWD0001n06,diary,411,2,1916-01-14 00:00:00 UTC,14 Jan 1916,Pont Remy,"[1.91667, 50.05]","",place,"Long Cockerel, Long-Cockerel","{""place""=>[""Long Cockerel"", ""Long-Cockerel""], ""location""=>[""false""], ""name""=>[""""], ""lat""=>[""""], ""long""=>[""""], ""id""=>[""""]}",2986122,Pont-Remy,"[1.91667, 50.05]"
31,AWD0001n06,diary,411,3,1916-01-14 00:00:00 UTC,14 Jan 1916,Pont Remy,"[1.91667, 50.05]","",place,Pont Remy,"{""place""=>[""Pont Remy""], ""location""=>[""false""], ""name""=>[""Pont-Remy""], ""lat""=>[""50.05""], ""long""=>[""1.91667""], ""id""=>[""2986122""]}",2986122,Pont-Remy,"[1.91667, 50.05]"
32,AWD0001n06,diary,411,3,1916-01-14 07:00:00 UTC,14 Jan 1916,Pont Remy,"[1.91667, 50.05]",0700AM,time,0700AM,{},2986122,Pont-Remy,"[1.91667, 50.05]"
33,AWD0001n06,diary,411,6,1916-01-15 00:00:00 UTC,15 Jan 1916,Pont Remy,"[1.91667, 50.05]","",diaryDate,15 Jan 1916,"{""day""=>[""15""], ""month""=>[""Jan""], ""year""=>[""1916""]}",2986122,Pont-Remy,"[1.91667, 50.05]"
34,AWD0001n06,diary,411,6,1916-01-15 00:00:00 UTC,15 Jan 1916,Pont Remy,"[1.91667, 50.05]","",activity,training,{},2986122,Pont-Remy,"[1.91667, 50.05]"
35,AWD0001n06,diary,411,2,1916-01-15 00:00:00 UTC,15 Jan 1916,"Pont Remy, pont remy","[1.91667, 50.05]","",place,"Pont Remy, pont remy","{""place""=>[""Pont Remy"", ""pont remy""], ""location""=>[""true""], ""name""=>["""", ""Pont-Remy""], ""lat""=>["""", ""50.05""], ""long""=>["""", ""1.91667""], ""id""=>["""", ""2986122""]}",2986122,Pont-Remy,"[1.91667, 50.05]"
36,AWD0001n06,diary,411,6,1916-01-16 00:00:00 UTC,16 Jan 1916,"Pont Remy, pont remy","[1.91667, 50.05]","",diaryDate,16 Jan 1916,"{""day""=>[""16""], ""month""=>[""Jan""], ""year""=>[""1916""]}",2986122,Pont-Remy,"[1.91667, 50.05]"
37,AWD0001n06,diary,411,5,1916-01-16 00:00:00 UTC,16 Jan 1916,"Pont Remy, pont remy","[1.91667, 50.05]","",domestic,religion,{},2986122,Pont-Remy,"[1.91667, 50.05]"
38,AWD0001n06,diary,411,4,1916-01-16 09:00:00 UTC,16 Jan 1916,"Pont Remy, pont remy","[1.91667, 50.05]",0900AM,time,0900AM,{},2986122,Pont-Remy,"[1.91667, 50.05]"
39,AWD0001n06,diary,411,4,1916-01-16 10:00:00 UTC,16 Jan 1916,"Pont Remy, pont remy","[1.91667, 50.05]",1000AM,time,1000AM,{},2986122,Pont-Remy,"[1.91667, 50.05]"
40,AWD0001n06,diary,411,4,1916-01-16 10:00:00 UTC,16 Jan 1916,Pont Remy,"[1.91667, 50.05]",1000AM,place,Pont Remy,"{""place""=>[""Pont Remy""], ""location""=>[""true""], ""name""=>[""Pont-Remy"", """"], ""lat""=>[""50.05"", """"], ""long""=>[""1.91667"", """"], ""id""=>[""2986122"", """"]}",2986122,Pont-Remy,"[1.91667, 50.05]"
43,AWD0001n06,diary,411,6,1916-01-17 00:00:00 UTC,17 Jan 1916,Pont Remy,"[1.91667, 50.05]","",diaryDate,17 Jan 1916,"{""day""=>[""17""], ""month""=>[""Jan""], ""year""=>[""1916""]}",2986122,Pont-Remy,"[1.91667, 50.05]"
44,AWD0001n06,diary,411,2,1916-01-17 00:00:00 UTC,17 Jan 1916,Pont Remy,"[1.91667, 50.05]","",place,"Pont Remy, pont remy","{""place""=>[""Pont Remy"", ""pont remy""], ""location""=>[""false"", ""true""], ""name""=>[""Pont-Remy""], ""lat""=>[""50.05""], ""long""=>[""1.91667""], ""id""=>[""2986122""]}",2986122,Pont-Remy,"[1.91667, 50.05]"
45,AWD0001n06,diary,411,7,1916-01-17 00:00:00 UTC,17 Jan 1916,Pont Remy,"[1.91667, 50.05]","",activity,training,{},2986122,Pont-Remy,"[1.91667, 50.05]"
46,AWD0001n06,diary,411,3,1916-01-17 16:30:00 UTC,17 Jan 1916,Pont Remy,"[1.91667, 50.05]",0430PM,time,0430PM,{},2986122,Pont-Remy,"[1.91667, 50.05]"
47,AWD0001n06,diary,411,2,1916-01-17 08:00:00 UTC,17 Jan 1916,Pont Remy,"[1.91667, 50.05]",0800AM,time,0800AM,{},2986122,Pont-Remy,"[1.91667, 50.05]"
48,AWD0001n06,diary,411,6,1916-01-18 00:00:00 UTC,18 Jan 1916,Pont Remy,"[1.91667, 50.05]","",diaryDate,18 Jan 1916,"{""day""=>[""18""], ""month""=>[""Jan""], ""year""=>[""1916""]}",2986122,Pont-Remy,"[1.91667, 50.05]"
50,AWD0001n06,diary,411,2,1916-01-18 00:00:00 UTC,18 Jan 1916,Pont Remy,"[1.91667, 50.05]","",place,Pont Remy,"{""place""=>[""Pont Remy""], ""location""=>[""true"", ""false""], ""name""=>["""", ""Pont-Remy""], ""lat""=>["""", ""50.05""], ""long""=>["""", ""1.91667""], ""id""=>["""", ""2986122""]}",2986122,Pont-Remy,"[1.91667, 50.05]"
51,AWD0001n06,diary,411,4,1916-01-18 00:00:00 UTC,18 Jan 1916,Pont Remy,"[1.91667, 50.05]","",domestic,sport,{},2986122,Pont-Remy,"[1.91667, 50.05]"
53,AWD0001n06,diary,411,3,1916-01-18 00:00:00 UTC,18 Jan 1916,Pont Remy,"[1.91667, 50.05]","",person,Second Lieutenant  Savill,"{""first""=>[""""], ""surname""=>[""Savill""], ""rank""=>[""Second Lieutenant""], ""number""=>[""""], ""reason""=>[""other""], ""unit""=>[""""]}",2986122,Pont-Remy,"[1.91667, 50.05]"
54,AWD0001n06,diary,411,6,1916-01-19 00:00:00 UTC,19 Jan 1916,Pont Remy,"[1.91667, 50.05]","",diaryDate,19 Jan 1916,"{""day""=>[""19""], ""month""=>[""Jan""], ""year""=>[""1916""]}",2986122,Pont-Remy,"[1.91667, 50.05]"
55,AWD0001n06,diary,411,3,1916-01-19 00:00:00 UTC,19 Jan 1916,Pont Remy,"[1.91667, 50.05]","",activity,attack,{},2986122,Pont-Remy,"[1.91667, 50.05]"
57,AWD0001n06,diary,411,3,1916-01-19 00:00:00 UTC,19 Jan 1916,Pont Remy,"[1.91667, 50.05]","",place,Pont Remy,"{""place""=>[""Pont Remy""], ""location""=>[""true""], ""name""=>[""Pont-Remy""], ""lat""=>[""50.05""], ""long""=>[""1.91667""], ""id""=>[""2986122""]}",2986122,Pont-Remy,"[1.91667, 50.05]"
59,AWD0001n06,diary,411,5,1916-01-19 00:00:00 UTC,19 Jan 1916,Pont Remy,"[1.91667, 50.05]","",place,Wanel,"{""place""=>[""Wanel""], ""location""=>[""false""], ""name""=>[""Wanel""], ""lat""=>[""50.0011""], ""long""=>[""1.90652""], ""id""=>[""2967474""]}",2986122,Pont-Remy,"[1.91667, 50.05]"
1,AWD0001n11,diary,412,5,1916-01-20 00:00:00 UTC,20 Jan 1916,Pont Remy,"[1.91667, 50.05]","",diaryDate,20 Jan 1916,"{""day""=>[""20""], ""month""=>[""Jan""], ""year""=>[""1916""]}",2986122,Pont-Remy,"[1.91667, 50.05]"
2,AWD0001n11,diary,412,5,1916-01-20 00:00:00 UTC,20 Jan 1916,Pont Remy,"[1.91667, 50.05]","",activity,training,{},2986122,Pont-Remy,"[1.91667, 50.05]"
3,AWD0001n11,diary,412,5,1916-01-20 00:00:00 UTC,20 Jan 1916,Pont Remy,"[1.91667, 50.05]","",place,Pont Remy,"{""place""=>[""Pont Remy""], ""location""=>[""true""], ""name""=>[""Pont-Remy""], ""lat""=>[""50.05""], ""long""=>[""1.91667""], ""id""=>[""2986122""]}",2986122,Pont-Remy,"[1.91667, 50.05]"
4,AWD0001n11,diary,412,5,1916-01-21 00:00:00 UTC,21 Jan 1916,Pont Remy,"[1.91667, 50.05]","",diaryDate,21 Jan 1916,"{""day""=>[""21""], ""month""=>[""Jan""], ""year""=>[""1916""]}",2986122,Pont-Remy,"[1.91667, 50.05]"
5,AWD0001n11,diary,412,2,1916-01-21 00:00:00 UTC,21 Jan 1916,Pont Remy,"[1.91667, 50.05]","",place,Pont Remy,"{""place""=>[""Pont Remy""], ""location""=>[""true""], ""name""=>[""Pont-Remy""], ""lat""=>[""50.05""], ""long""=>[""1.91667""], ""id""=>[""2986122""]}",2986122,Pont-Remy,"[1.91667, 50.05]"
6,AWD0001n11,diary,412,5,1916-01-21 00:00:00 UTC,21 Jan 1916,Pont Remy,"[1.91667, 50.05]","",activity,training,{},2986122,Pont-Remy,"[1.91667, 50.05]"
7,AWD0001n11,diary,412,4,1916-01-22 00:00:00 UTC,22 Jan 1916,Pont Remy,"[1.91667, 50.05]","",diaryDate,22 Jan 1916,"{""day""=>[""22""], ""month""=>[""Jan""], ""year""=>[""1916""]}",2986122,Pont-Remy,"[1.91667, 50.05]"
8,AWD0001n11,diary,412,2,1916-01-22 00:00:00 UTC,22 Jan 1916,Pont Remy,"[1.91667, 50.05]","",place,Pont Remy,"{""place""=>[""Pont Remy""], ""location""=>[""true""], ""name""=>[""Pont-Remy"", """"], ""lat""=>[""50.05"", """"], ""long""=>[""1.91667"", """"], ""id""=>[""2986122"", """"]}",2986122,Pont-Remy,"[1.91667, 50.05]"
11,AWD0001n11,diary,412,5,1916-01-23 00:00:00 UTC,23 Jan 1916,Pont Remy,"[1.91667, 50.05]","",diaryDate,23 Jan 1916,"{""day""=>[""23""], ""month""=>[""Jan""], ""year""=>[""1916""]}",2986122,Pont-Remy,"[1.91667, 50.05]"
12,AWD0001n11,diary,412,4,1916-01-23 00:00:00 UTC,23 Jan 1916,Pont Remy,"[1.91667, 50.05]","",domestic,religion,{},2986122,Pont-Remy,"[1.91667, 50.05]"
13,AWD0001n11,diary,412,2,1916-01-23 00:00:00 UTC,23 Jan 1916,Pont Remy,"[1.91667, 50.05]","",place,Pont Remy,"{""place""=>[""Pont Remy""], ""location""=>[""true""], ""name""=>[""Pont-Remy""], ""lat""=>[""50.05""], ""long""=>[""1.91667""], ""id""=>[""2986122""]}",2986122,Pont-Remy,"[1.91667, 50.05]"
14,AWD0001n11,diary,412,5,1916-01-24 00:00:00 UTC,24 Jan 1916,Pont Remy,"[1.91667, 50.05]","",diaryDate,24 Jan 1916,"{""day""=>[""24""], ""month""=>[""Jan""], ""year""=>[""1916""]}",2986122,Pont-Remy,"[1.91667, 50.05]"
15,AWD0001n11,diary,412,2,1916-01-24 00:00:00 UTC,24 Jan 1916,Pont Remy,"[1.91667, 50.05]","",place,Pont Remy,"{""place""=>[""Pont Remy""], ""location""=>[""true""], ""name""=>[""Pont-Remy"", """"], ""lat""=>[""50.05"", """"], ""long""=>[""1.91667"", """"], ""id""=>[""2986122"", """"]}",2986122,Pont-Remy,"[1.91667, 50.05]"
16,AWD0001n11,diary,412,2,1916-01-24 00:00:00 UTC,24 Jan 1916,Pont Remy,"[1.91667, 50.05]","",activity,movement,{},2986122,Pont-Remy,"[1.91667, 50.05]"
17,AWD0001n11,diary,412,3,1916-01-24 00:00:00 UTC,24 Jan 1916,Pont Remy,"[1.91667, 50.05]","",place,Bellancourt,"{""place""=>[""Bellancourt""], ""location""=>[""false""], ""name""=>[""Bellancourt""], ""lat""=>[""50.09116""], ""long""=>[""1.9075""], ""id""=>[""3033759""]}",2986122,Pont-Remy,"[1.91667, 50.05]"
18,AWD0001n11,diary,412,4,1916-01-24 00:00:00 UTC,24 Jan 1916,Pont Remy,"[1.91667, 50.05]","",activity,training,{},2986122,Pont-Remy,"[1.91667, 50.05]"
22,AWD0001n11,diary,412,3,1916-01-25 00:00:00 UTC,25 Jan 1916,Pont Remy,"[1.91667, 50.05]","",diaryDate,25 Jan 1916,"{""day""=>[""25""], ""month""=>[""Jan""], ""year""=>[""1916""]}",2986122,Pont-Remy,"[1.91667, 50.05]"
23,AWD0001n11,diary,412,2,1916-01-25 00:00:00 UTC,25 Jan 1916,Pont Remy,"[1.91667, 50.05]","",place,Pont Remy,"{""place""=>[""Pont Remy""], ""location""=>[""true""], ""name""=>["""", ""Pont-Remy""], ""lat""=>["""", ""50.05""], ""long""=>["""", ""1.91667""], ""id""=>["""", ""2986122""]}",2986122,Pont-Remy,"[1.91667, 50.05]"
24,AWD0001n11,diary,412,2,1916-01-26 00:00:00 UTC,26 Jan 1916,Pont Remy,"[1.91667, 50.05]","",diaryDate,26 Jan 1916,"{""day""=>[""26""], ""month""=>[""Jan""], ""year""=>[""1916""]}",2986122,Pont-Remy,"[1.91667, 50.05]"
27,AWD0001n11,diary,412,3,1916-01-26 00:00:00 UTC,26 Jan 1916,Pont Remy,"[1.91667, 50.05]","",diaryDate,26 Jan 1916,"{""day""=>[""26""], ""month""=>[""Jan""], ""year""=>[""1916""]}",2986122,Pont-Remy,"[1.91667, 50.05]"
28,AWD0001n11,diary,412,2,1916-01-26 00:00:00 UTC,26 Jan 1916,Pont Remy,"[1.91667, 50.05]","",place,Pont Remy,"{""place""=>[""Pont Remy""], ""location""=>[""true""], ""name""=>[""Pont-Remy""], ""lat""=>[""50.05""], ""long""=>[""1.91667""], ""id""=>[""2986122""]}",2986122,Pont-Remy,"[1.91667, 50.05]"
30,AWD0001n11,diary,412,4,1916-01-27 00:00:00 UTC,27 Jan 1916,Pont Remy,"[1.91667, 50.05]","",diaryDate,27 Jan 1916,"{""day""=>[""27""], ""month""=>[""Jan""], ""year""=>[""1916""]}",2986122,Pont-Remy,"[1.91667, 50.05]"
31,AWD0001n11,diary,412,3,1916-01-27 00:00:00 UTC,27 Jan 1916,Pont Remy,"[1.91667, 50.05]","",place,Pont Remy,"{""place""=>[""Pont Remy""], ""location""=>[""true""], ""name""=>[""Pont-Remy""], ""lat""=>[""50.05""], ""long""=>[""1.91667""], ""id""=>[""2986122""]}",2986122,Pont-Remy,"[1.91667, 50.05]"
33,AWD0001n11,diary,412,5,1916-01-28 00:00:00 UTC,28 Jan 1916,Pont Remy,"[1.91667, 50.05]","",diaryDate,28 Jan 1916,"{""day""=>[""28""], ""month""=>[""Jan""], ""year""=>[""1916""]}",2986122,Pont-Remy,"[1.91667, 50.05]"
34,AWD0001n11,diary,412,3,1916-01-28 09:00:00 UTC,28 Jan 1916,Pont Remy,"[1.91667, 50.05]",0900AM,time,0900AM,{},2986122,Pont-Remy,"[1.91667, 50.05]"
35,AWD0001n11,diary,412,5,1916-01-28 09:00:00 UTC,28 Jan 1916,Pont Remy,"[1.91667, 50.05]",0900AM,activity,movement,{},2986122,Pont-Remy,"[1.91667, 50.05]"
36,AWD0001n11,diary,412,2,1916-01-28 09:00:00 UTC,28 Jan 1916,"Ailly sur Somme, Ailly Sur Somme","[2.19615, 49.92886]",0900AM,place,"Ailly sur Somme, Ailly Sur Somme","{""place""=>[""Ailly sur Somme"", ""Ailly Sur Somme""], ""location""=>[""true""], ""name""=>[""Ailly-sur-Somme""], ""lat""=>[""49.92886""], ""long""=>[""2.19615""], ""id""=>[""3038428""]}",3038428,Ailly-sur-Somme,"[2.19615, 49.92886]"
38,AWD0001n11,diary,412,2,1916-01-28 09:00:00 UTC,28 Jan 1916,Ailly,"[2.19615, 49.92886]",0900AM,place,Ailly,"{""place""=>[""Ailly""], ""location""=>[""true""], ""name""=>[""Ailly-sur-Somme""], ""lat""=>[""49.92886""], ""long""=>[""2.19615""], ""id""=>[""3038428""]}",3038428,Ailly-sur-Somme,"[2.19615, 49.92886]"
39,AWD0001n11,diary,412,4,1916-01-28 17:00:00 UTC,28 Jan 1916,Ailly,"[2.19615, 49.92886]",0500PM,time,0500PM,{},3038428,Ailly-sur-Somme,"[2.19615, 49.92886]"
40,AWD0001n11,diary,412,5,1916-01-29 00:00:00 UTC,29 Jan 1916,Ailly,"[2.19615, 49.92886]","",diaryDate,29 Jan 1916,"{""day""=>[""29""], ""month""=>[""Jan""], ""year""=>[""1916""]}",3038428,Ailly-sur-Somme,"[2.19615, 49.92886]"
41,AWD0001n11,diary,412,4,1916-01-29 00:00:00 UTC,29 Jan 1916,"Ailly Sur Somme, Ailly-sur-Somme, Ailly sur Somme, Ailly-sur-somme","[2.19615, 49.92886]","",place,"Ailly Sur Somme, Ailly-sur-Somme, Ailly sur Somme, Ailly-sur-somme","{""place""=>[""Ailly Sur Somme"", ""Ailly-sur-Somme"", ""Ailly sur Somme"", ""Ailly-sur-somme""], ""location""=>[""true""], ""name""=>[""Ailly-sur-Somme""], ""lat""=>[""49.92886""], ""long""=>[""2.19615""], ""id""=>[""3038428""]}",3038428,Ailly-sur-Somme,"[2.19615, 49.92886]"
43,AWD0001n11,diary,412,2,1916-01-29 00:00:00 UTC,29 Jan 1916,"Ailly Sur Somme, Ailly-sur-Somme, Ailly sur Somme, Ailly-sur-somme","[2.19615, 49.92886]","",domestic,medical,{},3038428,Ailly-sur-Somme,"[2.19615, 49.92886]"
47,AWD0001n11,diary,412,5,1916-01-30 00:00:00 UTC,30 Jan 1916,"Ailly Sur Somme, Ailly-sur-Somme, Ailly sur Somme, Ailly-sur-somme","[2.19615, 49.92886]","",diaryDate,30 Jan 1916,"{""day""=>[""30""], ""month""=>[""Jan""], ""year""=>[""1916""]}",3038428,Ailly-sur-Somme,"[2.19615, 49.92886]"
48,AWD0001n11,diary,412,5,1916-01-30 00:00:00 UTC,30 Jan 1916,"Ailly Sur Somme, Ailly-sur-Somme, Ailly sur Somme, Ailly-sur-somme","[2.19615, 49.92886]","",domestic,religion,{},3038428,Ailly-sur-Somme,"[2.19615, 49.92886]"
49,AWD0001n11,diary,412,4,1916-01-30 00:00:00 UTC,30 Jan 1916,"Ailly Sur Somme, Ailly-sur-Somme, Ailly sur Somme, Ailly-sur-somme","[2.19615, 49.92886]","",person,"Lieutenant Colonel J D Ingles, INGLES","{""first""=>[""J D""], ""surname""=>[""Ingles"", ""INGLES""], ""rank""=>[""Lieutenant Colonel""], ""number""=>[""""], ""reason""=>[""author"", ""commander""], ""unit""=>[""""]}",3038428,Ailly-sur-Somme,"[2.19615, 49.92886]"
50,AWD0001n11,diary,412,2,1916-01-30 00:00:00 UTC,30 Jan 1916,Ailly sur Somme,"[2.19615, 49.92886]","",place,Ailly sur Somme,"{""place""=>[""Ailly sur Somme""], ""location""=>[""true""], ""name""=>[""Ailly-sur-Somme"", """"], ""lat""=>[""49.92886"", """"], ""long""=>[""2.19615"", """"], ""id""=>[""3038428"", """"]}",3038428,Ailly-sur-Somme,"[2.19615, 49.92886]"
52,AWD0001n11,diary,412,5,1916-01-31 00:00:00 UTC,31 Jan 1916,Ailly sur Somme,"[2.19615, 49.92886]","",diaryDate,31 Jan 1916,"{""day""=>[""31""], ""month""=>[""Jan""], ""year""=>[""1916""]}",3038428,Ailly-sur-Somme,"[2.19615, 49.92886]"
53,AWD0001n11,diary,412,2,1916-01-31 00:00:00 UTC,31 Jan 1916,Ailly sur Somme,"[2.19615, 49.92886]","",activity,attack,{},3038428,Ailly-sur-Somme,"[2.19615, 49.92886]"
1,AWD0001n1l,diary,414,5,1916-02-01 00:00:00 UTC,1 Feb 1916,Ailly sur Somme,"[2.19615, 49.92886]","",diaryDate,1 Feb 1916,"{""day""=>[""1""], ""month""=>[""Feb""], ""year""=>[""1916""]}",3038428,Ailly-sur-Somme,"[2.19615, 49.92886]"
2,AWD0001n1l,diary,414,2,1916-02-01 00:00:00 UTC,1 Feb 1916,Ailly,"[2.19615, 49.92886]","",place,Ailly,"{""place""=>[""Ailly""], ""location""=>[""true""], ""name""=>[""Ailly-sur-Somme""], ""lat""=>[""49.92886""], ""long""=>[""2.19615""], ""id""=>[""3038428""]}",3038428,Ailly-sur-Somme,"[2.19615, 49.92886]"
3,AWD0001n1l,diary,414,5,1916-02-01 00:00:00 UTC,1 Feb 1916,Ailly,"[2.19615, 49.92886]","",activity,movement,{},3038428,Ailly-sur-Somme,"[2.19615, 49.92886]"
4,AWD0001n1l,diary,414,3,1916-02-01 00:00:00 UTC,1 Feb 1916,"Ailly-sur-Somme, Ailly sur Somme, Ailly Somme","[2.19615, 49.92886]","",place,"Ailly-sur-Somme, Ailly sur Somme, Ailly Somme","{""place""=>[""Ailly-sur-Somme"", ""Ailly sur Somme"", ""Ailly Somme""], ""location""=>[""true""], ""name""=>[""Ailly-sur-Somme""], ""lat""=>[""49.92886""], ""long""=>[""2.19615""], ""id""=>[""3038428""]}",,,
8,AWD0001n1l,diary,414,5,1916-02-01 00:00:00 UTC,1 Feb 1916,"Ailly-sur-Somme, Ailly sur Somme, Ailly Somme","[2.19615, 49.92886]","",domestic,accomodation,{},,,
9,AWD0001n1l,diary,414,8,1916-02-01 00:00:00 UTC,1 Feb 1916,Cardonnette,"[2.35917, 49.95266]","",place,Cardonnette,"{""place""=>[""Cardonnette""], ""location""=>[""true""], ""name""=>[""Cardonnette""], ""lat""=>[""49.95266""], ""long""=>[""2.35917""], ""id""=>[""3028619""]}",3024371,Coisy,"[2.32691, 49.95963]"
10,AWD0001n1l,diary,414,5,1916-02-01 00:00:00 UTC,1 Feb 1916,Cardonnette,"[2.35917, 49.95266]","",person,Lieutenant W J Bowden,"{""first""=>[""W J""], ""surname""=>[""Bowden""], ""rank""=>[""Lieutenant""], ""number""=>[""""], ""reason""=>[""commander""], ""unit""=>[""Grenade Company""]}",3024371,Coisy,"[2.32691, 49.95963]"
11,AWD0001n1l,diary,414,5,1916-02-02 00:00:00 UTC,2 Feb 1916,Cardonnette,"[2.35917, 49.95266]","",diaryDate,2 Feb 1916,"{""day""=>[""2""], ""month""=>[""Feb""], ""year""=>[""1916""]}",3024371,Coisy,"[2.32691, 49.95963]"
12,AWD0001n1l,diary,414,4,1916-02-02 00:00:00 UTC,2 Feb 1916,Cardonnette,"[2.35917, 49.95266]","",domestic,accomodation,{},3024371,Coisy,"[2.32691, 49.95963]"
13,AWD0001n1l,diary,414,8,1916-02-02 00:00:00 UTC,2 Feb 1916,La Houssoye,"[0.0, 0.0]","",place,La Houssoye,"{""place""=>[""La Houssoye""], ""location""=>[""true""], ""name""=>[""""], ""lat""=>[""""], ""long""=>[""""], ""id""=>[""""]}",3008699,Lahoussoye,"[2.48207, 49.95175]"
14,AWD0001n1l,diary,414,2,1916-02-02 00:00:00 UTC,2 Feb 1916,La Houssoye,"[0.0, 0.0]","",activity,movement,{},3008699,Lahoussoye,"[2.48207, 49.95175]"
19,AWD0001n1l,diary,414,3,1916-02-02 00:00:00 UTC,2 Feb 1916,La Houssoye,"[0.0, 0.0]","",place,Montigny,"{""place""=>[""Montigny""], ""location""=>[""false""], ""name""=>[""""], ""lat""=>[""""], ""long""=>[""""], ""id""=>[""""]}",3008699,Lahoussoye,"[2.48207, 49.95175]"
20,AWD0001n1l,diary,414,5,1916-02-03 00:00:00 UTC,3 Feb 1916,La Houssoye,"[0.0, 0.0]","",diaryDate,3 Feb 1916,"{""day""=>[""3""], ""month""=>[""Feb""], ""year""=>[""1916""]}",3008699,Lahoussoye,"[2.48207, 49.95175]"
21,AWD0001n1l,diary,414,5,1916-02-03 00:00:00 UTC,3 Feb 1916,Meaulte,"[2.66121, 49.98167]","",place,Meaulte,"{""place""=>[""Meaulte""], ""location""=>[""true""], ""name""=>[""Méaulte""], ""lat""=>[""49.98167""], ""long""=>[""2.66121""], ""id""=>[""2994803""]}",2911401,Halte,"[7.35978, 53.10793]"
22,AWD0001n1l,diary,414,5,1916-02-03 00:00:00 UTC,3 Feb 1916,Meaulte,"[2.66121, 49.98167]","",activity,movement,{},2911401,Halte,"[7.35978, 53.10793]"
23,AWD0001n1l,diary,414,4,1916-02-03 00:00:00 UTC,3 Feb 1916,Meaulte,"[2.66121, 49.98167]","",place,Meaulte,"{""place""=>[""Meaulte""], ""location""=>[""true""], ""name""=>[""Méaulte""], ""lat""=>[""49.98167""], ""long""=>[""2.66121""], ""id""=>[""2994803""]}",2911401,Halte,"[7.35978, 53.10793]"
24,AWD0001n1l,diary,414,5,1916-02-03 00:00:00 UTC,3 Feb 1916,Meaulte,"[2.66121, 49.98167]","",domestic,accomodation,{},2911401,Halte,"[7.35978, 53.10793]"
25,AWD0001n1l,diary,414,5,1916-02-04 00:00:00 UTC,4 Feb 1916,Meaulte,"[2.66121, 49.98167]","",diaryDate,4 Feb 1916,"{""day""=>[""4""], ""month""=>[""Feb""], ""year""=>[""1916""]}",2911401,Halte,"[7.35978, 53.10793]"
26,AWD0001n1l,diary,414,4,1916-02-04 00:00:00 UTC,4 Feb 1916,Meaulte,"[2.66121, 49.98167]","",activity,movement,{},2911401,Halte,"[7.35978, 53.10793]"
27,AWD0001n1l,diary,414,3,1916-02-04 00:00:00 UTC,4 Feb 1916,Meaulte,"[2.66121, 49.98167]","",place,Meaulte,"{""place""=>[""Meaulte""], ""location""=>[""false""], ""name""=>[""Méaulte""], ""lat""=>[""49.98167""], ""long""=>[""2.66121""], ""id""=>[""2994803""]}",2911401,Halte,"[7.35978, 53.10793]"
32,AWD0001n1l,diary,414,2,1916-02-04 00:00:00 UTC,4 Feb 1916,Meaulte,"[2.66121, 49.98167]","",activity,line,{},2911401,Halte,"[7.35978, 53.10793]"
33,AWD0001n1l,diary,414,5,1916-02-04 00:00:00 UTC,4 Feb 1916,Becordel,"[2.68529, 49.98689]","",place,Becordel,"{""place""=>[""Becordel""], ""location""=>[""true""], ""name""=>[""Bécordel-Bécourt""], ""lat""=>[""49.98689""], ""long""=>[""2.68529""], ""id""=>[""3033925""]}",3033925,Bécordel-Bécourt,"[2.68529, 49.98689]"
35,AWD0001n1l,diary,414,2,1916-02-04 00:00:00 UTC,4 Feb 1916,Becordel,"[2.68529, 49.98689]","",unit,"6th Btn Northhamptons, 6th Bn Northamptons","{""name""=>[""6th Btn Northhamptons"", ""6th Bn Northamptons""], ""context""=>[""relieved""]}",3033925,Bécordel-Bécourt,"[2.68529, 49.98689]"
39,AWD0001n1l,diary,414,5,1916-02-05 00:00:00 UTC,5 Feb 1916,Becordel,"[2.68529, 49.98689]","",diaryDate,5 Feb 1916,"{""day""=>[""5""], ""month""=>[""Feb""], ""year""=>[""1916""]}",3033925,Bécordel-Bécourt,"[2.68529, 49.98689]"
40,AWD0001n1l,diary,414,4,1916-02-05 00:00:00 UTC,5 Feb 1916,Becordel,"[2.68529, 49.98689]","",activity,line,{},3033925,Bécordel-Bécourt,"[2.68529, 49.98689]"
41,AWD0001n1l,diary,414,3,1916-02-05 00:00:00 UTC,5 Feb 1916,Becordel,"[2.68529, 49.98689]","",unit,"Manchester Rgmt, Manchester Regt, MANCHESTER REGT","{""name""=>[""Manchester Rgmt"", ""Manchester Regt"", ""MANCHESTER REGT""], ""context""=>[""right""]}",3033925,Bécordel-Bécourt,"[2.68529, 49.98689]"
42,AWD0001n1l,diary,414,2,1916-02-05 00:00:00 UTC,5 Feb 1916,Becordel,"[2.68529, 49.98689]","",unit,Manchester Regiment,"{""name""=>[""Manchester Regiment""], ""context""=>[""right""]}",3033925,Bécordel-Bécourt,"[2.68529, 49.98689]"
43,AWD0001n1l,diary,414,3,1916-02-05 00:00:00 UTC,5 Feb 1916,Becordel,"[2.68529, 49.98689]","",unit,"2nd Border Regt, 2/BORDER REGT, 2/ Border Rgmt","{""name""=>[""2nd Border Regt"", ""2/BORDER REGT"", ""2/ Border Rgmt""], ""context""=>[""left""]}",3033925,Bécordel-Bécourt,"[2.68529, 49.98689]"
44,AWD0001n1l,diary,414,2,1916-02-05 00:00:00 UTC,5 Feb 1916,Becordel,"[2.68529, 49.98689]","",unit,2nd Border Regiment,"{""name""=>[""2nd Border Regiment""], ""context""=>[""left""]}",3033925,Bécordel-Bécourt,"[2.68529, 49.98689]"
45,AWD0001n1l,diary,414,2,1916-02-05 00:00:00 UTC,5 Feb 1916,Becordel,"[2.68529, 49.98689]","",place,Becordel,"{""place""=>[""Becordel""], ""location""=>[""true""], ""name""=>[""Bécordel-Bécourt""], ""lat""=>[""49.98689""], ""long""=>[""2.68529""], ""id""=>[""3033925""]}",3033925,Bécordel-Bécourt,"[2.68529, 49.98689]"
46,AWD0001n1l,diary,414,5,1916-02-06 00:00:00 UTC,6 Feb 1916,Becordel,"[2.68529, 49.98689]","",diaryDate,6 Feb 1916,"{""day""=>[""6""], ""month""=>[""Feb""], ""year""=>[""1916""]}",3033925,Bécordel-Bécourt,"[2.68529, 49.98689]"
47,AWD0001n1l,diary,414,5,1916-02-06 00:00:00 UTC,6 Feb 1916,Becordel,"[2.68529, 49.98689]","",activity,line,{},3033925,Bécordel-Bécourt,"[2.68529, 49.98689]"
50,AWD0001n1l,diary,414,3,1916-02-07 00:00:00 UTC,7 Feb 1916,Becordel,"[2.68529, 49.98689]","",diaryDate,7 Feb 1916,"{""day""=>[""7""], ""month""=>[""Feb""], ""year""=>[""1916""]}",3033925,Bécordel-Bécourt,"[2.68529, 49.98689]"
51,AWD0001n1l,diary,414,4,1916-02-07 00:00:00 UTC,7 Feb 1916,Becordel,"[2.68529, 49.98689]","",activity,line,{},3033925,Bécordel-Bécourt,"[2.68529, 49.98689]"
52,AWD0001n1l,diary,414,3,1916-02-08 00:00:00 UTC,8 Feb 1916,Becordel,"[2.68529, 49.98689]","",diaryDate,8 Feb 1916,"{""day""=>[""8""], ""month""=>[""Feb""], ""year""=>[""1916""]}",3033925,Bécordel-Bécourt,"[2.68529, 49.98689]"
55,AWD0001n1l,diary,414,4,1916-02-08 00:00:00 UTC,8 Feb 1916,Becordel,"[2.68529, 49.98689]","",activity,line,{},3033925,Bécordel-Bécourt,"[2.68529, 49.98689]"
56,AWD0001n1l,diary,414,4,1916-02-09 00:00:00 UTC,9 Feb 1916,Becordel,"[2.68529, 49.98689]","",diaryDate,9 Feb 1916,"{""day""=>[""9""], ""month""=>[""Feb""], ""year""=>[""1916""]}",3033925,Bécordel-Bécourt,"[2.68529, 49.98689]"
58,AWD0001n1l,diary,414,5,1916-02-09 00:00:00 UTC,9 Feb 1916,Becordel,"[2.68529, 49.98689]","",activity,line,{},3033925,Bécordel-Bécourt,"[2.68529, 49.98689]"
3,AWD0001n2m,diary,415,4,1916-02-10 00:00:00 UTC,10 Feb 1916,Becordel,"[2.68529, 49.98689]","",diaryDate,10 Feb 1916,"{""day""=>[""10""], ""month""=>[""Feb""], ""year""=>[""1916""]}",3033925,Bécordel-Bécourt,"[2.68529, 49.98689]"
4,AWD0001n2m,diary,415,3,1916-02-10 00:00:00 UTC,10 Feb 1916,"becordel, BECOTDEL, Becordel","[0.0, 0.0]","",place,"becordel, BECOTDEL, Becordel","{""place""=>[""becordel"", ""BECOTDEL"", ""Becordel""], ""location""=>[""true""], ""name""=>[""Bécordel-Bécourt"", ""Méaulte"", """"], ""lat""=>[""49.98689"", ""49.98167"", """"], ""long""=>[""2.68529"", ""2.66121"", """"], ""id""=>[""3033925"", ""2994803"", """"]}",3033925,Bécordel-Bécourt,"[2.68529, 49.98689]"
5,AWD0001n2m,diary,415,6,1916-02-10 00:00:00 UTC,10 Feb 1916,"becordel, BECOTDEL, Becordel","[0.0, 0.0]","",activity,line,{},3033925,Bécordel-Bécourt,"[2.68529, 49.98689]"
7,AWD0001n2m,diary,415,5,1916-02-11 00:00:00 UTC,11 Feb 1916,"becordel, BECOTDEL, Becordel","[0.0, 0.0]","",diaryDate,11 Feb 1916,"{""day""=>[""11""], ""month""=>[""Feb""], ""year""=>[""1916""]}",3033925,Bécordel-Bécourt,"[2.68529, 49.98689]"
9,AWD0001n2m,diary,415,4,1916-02-11 00:00:00 UTC,11 Feb 1916,"becordel, BECOTDEL, Becordel","[0.0, 0.0]","",activity,line,{},3033925,Bécordel-Bécourt,"[2.68529, 49.98689]"
11,AWD0001n2m,diary,415,2,1916-02-11 00:00:00 UTC,11 Feb 1916,"Becordel, becordel","[2.68529, 49.98689]","",place,"Becordel, becordel","{""place""=>[""Becordel"", ""becordel""], ""location""=>[""true""], ""name""=>["""", ""Bécordel-Bécourt""], ""lat""=>["""", ""49.98689""], ""long""=>["""", ""2.68529""], ""id""=>["""", ""3033925""]}",3033925,Bécordel-Bécourt,"[2.68529, 49.98689]"
12,AWD0001n2m,diary,415,4,1916-02-11 00:00:00 UTC,11 Feb 1916,"Becordel, becordel","[2.68529, 49.98689]","",unit,2nd Borders,"{""name""=>[""2nd Borders""], ""context""=>[""left""]}",3033925,Bécordel-Bécourt,"[2.68529, 49.98689]"
14,AWD0001n2m,diary,415,2,1916-02-11 00:00:00 UTC,11 Feb 1916,"Becordel, becordel","[2.68529, 49.98689]","",unit,2nd Gordons,"{""name""=>[""2nd Gordons""], ""context""=>[""left""]}",3033925,Bécordel-Bécourt,"[2.68529, 49.98689]"
17,AWD0001n2m,diary,415,4,1916-02-11 00:00:00 UTC,11 Feb 1916,"Becordel, becordel","[2.68529, 49.98689]","",unit,6th Cheshires,"{""name""=>[""6th Cheshires""], ""context""=>[""relieved_by""]}",3033925,Bécordel-Bécourt,"[2.68529, 49.98689]"
18,AWD0001n2m,diary,415,4,1916-02-12 00:00:00 UTC,12 Feb 1916,"Becordel, becordel","[2.68529, 49.98689]","",diaryDate,12 Feb 1916,"{""day""=>[""12""], ""month""=>[""Feb""], ""year""=>[""1916""]}",3033925,Bécordel-Bécourt,"[2.68529, 49.98689]"
19,AWD0001n2m,diary,415,5,1916-02-12 00:00:00 UTC,12 Feb 1916,"Becordel, becordel","[2.68529, 49.98689]","",activity,movement,{},3033925,Bécordel-Bécourt,"[2.68529, 49.98689]"
20,AWD0001n2m,diary,415,2,1916-02-12 00:00:00 UTC,12 Feb 1916,"becordel, Becordel","[2.68529, 49.98689]","",place,"becordel, Becordel","{""place""=>[""becordel"", ""Becordel""], ""location""=>[""true""], ""name""=>[""Bécordel-Bécourt"", """"], ""lat""=>[""49.98689"", """"], ""long""=>[""2.68529"", """"], ""id""=>[""3033925"", """"]}",3033925,Bécordel-Bécourt,"[2.68529, 49.98689]"
21,AWD0001n2m,diary,415,4,1916-02-12 00:00:00 UTC,12 Feb 1916,"becordel, Becordel","[2.68529, 49.98689]","",domestic,accomodation,{},3033925,Bécordel-Bécourt,"[2.68529, 49.98689]"
22,AWD0001n2m,diary,415,4,1916-02-12 16:30:00 UTC,12 Feb 1916,"becordel, Becordel","[2.68529, 49.98689]",0430PM,time,0430PM,{},3033925,Bécordel-Bécourt,"[2.68529, 49.98689]"
23,AWD0001n2m,diary,415,4,1916-02-12 16:30:00 UTC,12 Feb 1916,"Ville-sur-Ancre, ville sur ancre, Ville Sur Ancre, Ville sur Ancre","[2.61194, 49.96194]",0430PM,place,"Ville-sur-Ancre, ville sur ancre, Ville Sur Ancre, Ville sur Ancre","{""place""=>[""Ville-sur-Ancre"", ""ville sur ancre"", ""Ville Sur Ancre"", ""Ville sur Ancre""], ""location""=>[""true""], ""name""=>[""Ville-sur-Ancre""], ""lat""=>[""49.96194""], ""long""=>[""2.61194""], ""id""=>[""2968289""]}",2968289,Ville-sur-Ancre,"[2.61194, 49.96194]"
24,AWD0001n2m,diary,415,5,1916-02-13 00:00:00 UTC,13 Feb 1916,"Ville-sur-Ancre, ville sur ancre, Ville Sur Ancre, Ville sur Ancre","[2.61194, 49.96194]","",diaryDate,13 Feb 1916,"{""day""=>[""13""], ""month""=>[""Feb""], ""year""=>[""1916""]}",2968289,Ville-sur-Ancre,"[2.61194, 49.96194]"
25,AWD0001n2m,diary,415,5,1916-02-13 00:00:00 UTC,13 Feb 1916,"Ville-sur-Ancre, ville sur ancre, Ville Sur Ancre, Ville sur Ancre","[2.61194, 49.96194]","",activity,working,{},2968289,Ville-sur-Ancre,"[2.61194, 49.96194]"
28,AWD0001n2m,diary,415,4,1916-02-13 00:00:00 UTC,13 Feb 1916,"ville sur ancre, VILLE-SUR-ANCRE, Ville sur Ancre, Ville Sur Ancre","[2.61194, 49.96194]","",place,"ville sur ancre, VILLE-SUR-ANCRE, Ville sur Ancre, Ville Sur Ancre","{""place""=>[""ville sur ancre"", ""VILLE-SUR-ANCRE"", ""Ville sur Ancre"", ""Ville Sur Ancre""], ""location""=>[""true""], ""name""=>[""Ville-sur-Ancre""], ""lat""=>[""49.96194""], ""long""=>[""2.61194""], ""id""=>[""2968289""]}",2968289,Ville-sur-Ancre,"[2.61194, 49.96194]"
29,AWD0001n2m,diary,415,4,1916-02-13 00:00:00 UTC,13 Feb 1916,"ville sur ancre, VILLE-SUR-ANCRE, Ville sur Ancre, Ville Sur Ancre","[2.61194, 49.96194]","",person,"Lieutenant Colonel J D INGLES, Ingles","{""first""=>[""J D""], ""surname""=>[""INGLES"", ""Ingles""], ""rank""=>[""Lieutenant Colonel""], ""number""=>[""""], ""reason""=>[""other""], ""unit""=>[""""]}",2968289,Ville-sur-Ancre,"[2.61194, 49.96194]"
30,AWD0001n2m,diary,415,5,1916-02-14 00:00:00 UTC,14 Feb 1916,"ville sur ancre, VILLE-SUR-ANCRE, Ville sur Ancre, Ville Sur Ancre","[2.61194, 49.96194]","",diaryDate,14 Feb 1916,"{""day""=>[""14""], ""month""=>[""Feb""], ""year""=>[""1916""]}",2968289,Ville-sur-Ancre,"[2.61194, 49.96194]"
31,AWD0001n2m,diary,415,5,1916-02-14 00:00:00 UTC,14 Feb 1916,"ville sur ancre, VILLE-SUR-ANCRE, Ville sur Ancre, Ville Sur Ancre","[2.61194, 49.96194]","",activity,working,{},2968289,Ville-sur-Ancre,"[2.61194, 49.96194]"
32,AWD0001n2m,diary,415,2,1916-02-14 00:00:00 UTC,14 Feb 1916,"ville sur ancre, VILLE-SUR-ANCRE, Ville sur Ancre, Ville Sur Ancre","[2.61194, 49.96194]","",place,"Fixecourt, Flixecourt","{""place""=>[""Fixecourt"", ""Flixecourt""], ""location""=>[""false""], ""name""=>[""Ville-sur-Ancre"", ""Flixecourt""], ""lat""=>[""49.96194"", ""50.01465""], ""long""=>[""2.61194"", ""2.08095""], ""id""=>[""2968289"", ""3018252""]}",2968289,Ville-sur-Ancre,"[2.61194, 49.96194]"
33,AWD0001n2m,diary,415,2,1916-02-14 00:00:00 UTC,14 Feb 1916,"Ville Sur Ancre, ville sur ancre","[2.61194, 49.96194]","",place,"Ville Sur Ancre, ville sur ancre","{""place""=>[""Ville Sur Ancre"", ""ville sur ancre""], ""location""=>[""true""], ""name""=>[""Ville-sur-Ancre""], ""lat""=>[""49.96194""], ""long""=>[""2.61194""], ""id""=>[""2968289""]}",2968289,Ville-sur-Ancre,"[2.61194, 49.96194]"
34,AWD0001n2m,diary,415,5,1916-02-14 00:00:00 UTC,14 Feb 1916,"Ville Sur Ancre, ville sur ancre","[2.61194, 49.96194]","",person,Captain  Roberts,"{""first""=>[""""], ""surname""=>[""Roberts""], ""rank""=>[""Captain""], ""number""=>[""""], ""reason""=>[""joined""], ""unit""=>[""""]}",2968289,Ville-sur-Ancre,"[2.61194, 49.96194]"
35,AWD0001n2m,diary,415,2,1916-02-14 00:00:00 UTC,14 Feb 1916,"Ville Sur Ancre, ville sur ancre","[2.61194, 49.96194]","",activity,repair,{},2968289,Ville-sur-Ancre,"[2.61194, 49.96194]"
36,AWD0001n2m,diary,415,7,1916-02-14 00:00:00 UTC,14 Feb 1916,"Ville Sur Ancre, ville sur ancre","[2.61194, 49.96194]","",person,"Captain ,H J Graham","{""first""=>["""", ""H J""], ""surname""=>[""Graham""], ""rank""=>[""Captain""], ""number""=>[""""], ""reason""=>[""joined""], ""unit""=>[""""]}",2968289,Ville-sur-Ancre,"[2.61194, 49.96194]"
39,AWD0001n2m,diary,415,2,1916-02-14 00:00:00 UTC,14 Feb 1916,"Ville Sur Ancre, ville sur ancre","[2.61194, 49.96194]","",person,"Captain  MAHAFFY, McHafty","{""first""=>[""""], ""surname""=>[""MAHAFFY"", ""McHafty""], ""rank""=>[""Captain""], ""number""=>[""""], ""reason""=>[""joined""], ""unit""=>["""", ""8 Battalion Devonshire Regiment""]}",2968289,Ville-sur-Ancre,"[2.61194, 49.96194]"
40,AWD0001n2m,diary,415,5,1916-02-15 00:00:00 UTC,15 Feb 1916,"Ville Sur Ancre, ville sur ancre","[2.61194, 49.96194]","",diaryDate,15 Feb 1916,"{""day""=>[""15""], ""month""=>[""Feb""], ""year""=>[""1916""]}",2968289,Ville-sur-Ancre,"[2.61194, 49.96194]"
41,AWD0001n2m,diary,415,4,1916-02-15 00:00:00 UTC,15 Feb 1916,"Ville Sur Ancre, ville sur ancre","[2.61194, 49.96194]","",activity,working,{},2968289,Ville-sur-Ancre,"[2.61194, 49.96194]"
42,AWD0001n2m,diary,415,2,1916-02-15 00:00:00 UTC,15 Feb 1916,"Ville Sur Ancre, ville sur ancre","[2.61194, 49.96194]","",person,Captain H J Graham,"{""first""=>[""H J""], ""surname""=>[""Graham""], ""rank""=>[""Captain""], ""number""=>[""""], ""reason""=>[""commander""], ""unit""=>[""3/ Dorsets"", ""Commdg. 8 Battalion Devonshire Regiment""]}",2968289,Ville-sur-Ancre,"[2.61194, 49.96194]"
43,AWD0001n2m,diary,415,2,1916-02-15 00:00:00 UTC,15 Feb 1916,"Ville Sur Ancre, ville sur ancre","[2.61194, 49.96194]","",place,"Ville Sur Ancre, ville sur ancre","{""place""=>[""Ville Sur Ancre"", ""ville sur ancre""], ""location""=>[""true""], ""name""=>[""Ville-sur-Ancre""], ""lat""=>[""49.96194""], ""long""=>[""2.61194""], ""id""=>[""2968289""]}",2968289,Ville-sur-Ancre,"[2.61194, 49.96194]"
44,AWD0001n2m,diary,415,4,1916-02-15 00:00:00 UTC,15 Feb 1916,"Ville Sur Ancre, ville sur ancre","[2.61194, 49.96194]","",person,Captain  Roberts,"{""first""=>[""""], ""surname""=>[""Roberts""], ""rank""=>[""Captain""], ""number""=>[""""], ""reason""=>[""commander""], ""unit""=>[""D Coy""]}",2968289,Ville-sur-Ancre,"[2.61194, 49.96194]"
46,AWD0001n2m,diary,415,2,1916-02-15 00:00:00 UTC,15 Feb 1916,"Ville Sur Ancre, ville sur ancre","[2.61194, 49.96194]","",person,"Captain  MAHAFFY, McHafty","{""first""=>[""""], ""surname""=>[""MAHAFFY"", ""McHafty""], ""rank""=>[""Captain""], ""number""=>[""""], ""reason""=>[""commander""], ""unit""=>[""B Coy"", ""Commdg. B Coy. 8 Battalion Devonshire Regiment""]}",2968289,Ville-sur-Ancre,"[2.61194, 49.96194]"
47,AWD0001n2m,diary,415,5,1916-02-16 00:00:00 UTC,16 Feb 1916,"Ville Sur Ancre, ville sur ancre","[2.61194, 49.96194]","",diaryDate,16 Feb 1916,"{""day""=>[""16""], ""month""=>[""Feb""], ""year""=>[""1916""]}",2968289,Ville-sur-Ancre,"[2.61194, 49.96194]"
48,AWD0001n2m,diary,415,2,1916-02-16 00:00:00 UTC,16 Feb 1916,"ville sur ancre, Ville Sur Ancre","[2.61194, 49.96194]","",place,"ville sur ancre, Ville Sur Ancre","{""place""=>[""ville sur ancre"", ""Ville Sur Ancre""], ""location""=>[""true""], ""name""=>[""Ville-sur-Ancre""], ""lat""=>[""49.96194""], ""long""=>[""2.61194""], ""id""=>[""2968289""]}",2968289,Ville-sur-Ancre,"[2.61194, 49.96194]"
49,AWD0001n2m,diary,415,4,1916-02-16 00:00:00 UTC,16 Feb 1916,"ville sur ancre, Ville Sur Ancre","[2.61194, 49.96194]","",activity,working,{},2968289,Ville-sur-Ancre,"[2.61194, 49.96194]"
51,AWD0001n2m,diary,415,4,1916-02-17 00:00:00 UTC,17 Feb 1916,"ville sur ancre, Ville Sur Ancre","[2.61194, 49.96194]","",diaryDate,17 Feb 1916,"{""day""=>[""17""], ""month""=>[""Feb""], ""year""=>[""1916""]}",2968289,Ville-sur-Ancre,"[2.61194, 49.96194]"
52,AWD0001n2m,diary,415,2,1916-02-17 00:00:00 UTC,17 Feb 1916,"ville sur ancre, Ville Sur Ancre","[2.61194, 49.96194]","",place,"ville sur ancre, Ville Sur Ancre","{""place""=>[""ville sur ancre"", ""Ville Sur Ancre""], ""location""=>[""true""], ""name""=>[""Ville-sur-Ancre""], ""lat""=>[""49.96194""], ""long""=>[""2.61194""], ""id""=>[""2968289""]}",2968289,Ville-sur-Ancre,"[2.61194, 49.96194]"
53,AWD0001n2m,diary,415,4,1916-02-17 00:00:00 UTC,17 Feb 1916,"ville sur ancre, Ville Sur Ancre","[2.61194, 49.96194]","",activity,working,{},2968289,Ville-sur-Ancre,"[2.61194, 49.96194]"
54,AWD0001n2m,diary,415,2,1916-02-17 00:00:00 UTC,17 Feb 1916,"ville sur ancre, Ville Sur Ancre","[2.61194, 49.96194]","",place,"Becordel, becordel","{""place""=>[""Becordel"", ""becordel""], ""location""=>[""false"", ""true""], ""name""=>["""", ""Bécordel-Bécourt""], ""lat""=>["""", ""49.98689""], ""long""=>["""", ""2.68529""], ""id""=>["""", ""3033925""]}",2968289,Ville-sur-Ancre,"[2.61194, 49.96194]"
57,AWD0001n2m,diary,415,5,1916-02-18 00:00:00 UTC,18 Feb 1916,"ville sur ancre, Ville Sur Ancre","[2.61194, 49.96194]","",diaryDate,18 Feb 1916,"{""day""=>[""18""], ""month""=>[""Feb""], ""year""=>[""1916""]}",2968289,Ville-sur-Ancre,"[2.61194, 49.96194]"
58,AWD0001n2m,diary,415,2,1916-02-18 00:00:00 UTC,18 Feb 1916,"Ville Sur Ancre, ville sur ancre","[2.61194, 49.96194]","",place,"Ville Sur Ancre, ville sur ancre","{""place""=>[""Ville Sur Ancre"", ""ville sur ancre""], ""location""=>[""true""], ""name""=>[""Ville-sur-Ancre""], ""lat""=>[""49.96194""], ""long""=>[""2.61194""], ""id""=>[""2968289""]}",2968289,Ville-sur-Ancre,"[2.61194, 49.96194]"
59,AWD0001n2m,diary,415,4,1916-02-18 00:00:00 UTC,18 Feb 1916,"Ville Sur Ancre, ville sur ancre","[2.61194, 49.96194]","",activity,working,{},2968289,Ville-sur-Ancre,"[2.61194, 49.96194]"
1,AWD0001n1d,diary,416,5,1916-02-19 00:00:00 UTC,19 Feb 1916,"Ville Sur Ancre, ville sur ancre","[2.61194, 49.96194]","",diaryDate,19 Feb 1916,"{""day""=>[""19""], ""month""=>[""Feb""], ""year""=>[""1916""]}",2968289,Ville-sur-Ancre,"[2.61194, 49.96194]"
2,AWD0001n1d,diary,416,5,1916-02-19 00:00:00 UTC,19 Feb 1916,"Ville Sur Ancre, ville sur ancre","[2.61194, 49.96194]","",activity,working,{},2968289,Ville-sur-Ancre,"[2.61194, 49.96194]"
3,AWD0001n1d,diary,416,7,1916-02-19 00:00:00 UTC,19 Feb 1916,"ville sur ancre, Ville Sur Ancre","[2.61194, 49.96194]","",place,"ville sur ancre, Ville Sur Ancre","{""place""=>[""ville sur ancre"", ""Ville Sur Ancre""], ""location""=>[""true""], ""name""=>[""Ville-sur-Ancre""], ""lat""=>[""49.96194""], ""long""=>[""2.61194""], ""id""=>[""2968289""]}",2968289,Ville-sur-Ancre,"[2.61194, 49.96194]"
4,AWD0001n1d,diary,416,5,1916-02-20 00:00:00 UTC,20 Feb 1916,"ville sur ancre, Ville Sur Ancre","[2.61194, 49.96194]","",diaryDate,20 Feb 1916,"{""day""=>[""20""], ""month""=>[""Feb""], ""year""=>[""1916""]}",2968289,Ville-sur-Ancre,"[2.61194, 49.96194]"
5,AWD0001n1d,diary,416,5,1916-02-20 00:00:00 UTC,20 Feb 1916,"ville sur ancre, Ville Sur Ancre","[2.61194, 49.96194]","",activity,movement,{},2968289,Ville-sur-Ancre,"[2.61194, 49.96194]"
6,AWD0001n1d,diary,416,3,1916-02-20 00:00:00 UTC,20 Feb 1916,"ville sur ancre, Ville Sur Ancre","[2.61194, 49.96194]","",place,"Ville Sur Ancre, ville sur ancre, Ville sur Ancre","{""place""=>[""Ville Sur Ancre"", ""ville sur ancre"", ""Ville sur Ancre""], ""location""=>[""false""], ""name""=>[""Ville-sur-Ancre""], ""lat""=>[""49.96194""], ""long""=>[""2.61194""], ""id""=>[""2968289""]}",2968289,Ville-sur-Ancre,"[2.61194, 49.96194]"
7,AWD0001n1d,diary,416,4,1916-02-20 00:00:00 UTC,20 Feb 1916,Becordel,"[2.68529, 49.98689]","",place,Becordel,"{""place""=>[""Becordel""], ""location""=>[""true""], ""name""=>[""Bécordel-Bécourt""], ""lat""=>[""49.98689""], ""long""=>[""2.68529""], ""id""=>[""3033925""]}",3033925,Bécordel-Bécourt,"[2.68529, 49.98689]"
10,AWD0001n1d,diary,416,2,1916-02-20 00:00:00 UTC,20 Feb 1916,Becordel,"[2.68529, 49.98689]","",unit,"6th Cheshires, 6TH CHESHIRES","{""name""=>[""6th Cheshires"", ""6TH CHESHIRES""], ""context""=>[""relieved""]}",3033925,Bécordel-Bécourt,"[2.68529, 49.98689]"
11,AWD0001n1d,diary,416,3,1916-02-20 08:30:00 UTC,20 Feb 1916,Becordel,"[2.68529, 49.98689]",0830AM,time,0830AM,{},3033925,Bécordel-Bécourt,"[2.68529, 49.98689]"
13,AWD0001n1d,diary,416,2,1916-02-20 08:30:00 UTC,20 Feb 1916,becordel,"[2.68529, 49.98689]",0830AM,place,becordel,"{""place""=>[""becordel""], ""location""=>[""true""], ""name""=>[""Bécordel-Bécourt""], ""lat""=>[""49.98689""], ""long""=>[""2.68529""], ""id""=>[""3033925""]}",3033925,Bécordel-Bécourt,"[2.68529, 49.98689]"
16,AWD0001n1d,diary,416,4,1916-02-21 00:00:00 UTC,21 Feb 1916,becordel,"[2.68529, 49.98689]","",diaryDate,21 Feb 1916,"{""day""=>[""21""], ""month""=>[""Feb""], ""year""=>[""1916""]}",3033925,Bécordel-Bécourt,"[2.68529, 49.98689]"
17,AWD0001n1d,diary,416,5,1916-02-21 00:00:00 UTC,21 Feb 1916,becordel,"[2.68529, 49.98689]","",activity,line,{},3033925,Bécordel-Bécourt,"[2.68529, 49.98689]"
18,AWD0001n1d,diary,416,5,1916-02-21 00:00:00 UTC,21 Feb 1916,becordel,"[2.68529, 49.98689]","",gridRef,E 9 a 7 8,{},3033925,Bécordel-Bécourt,"[2.68529, 49.98689]"
22,AWD0001n1d,diary,416,4,1916-02-21 00:00:00 UTC,21 Feb 1916,becordel,"[2.68529, 49.98689]","",gridRef,E 9 d 8 3,{},3033925,Bécordel-Bécourt,"[2.68529, 49.98689]"
24,AWD0001n1d,diary,416,4,1916-02-21 00:00:00 UTC,21 Feb 1916,becordel,"[2.68529, 49.98689]","",unit,20th Manchesters,"{""name""=>[""20th Manchesters""], ""context""=>[""right""]}",3033925,Bécordel-Bécourt,"[2.68529, 49.98689]"
25,AWD0001n1d,diary,416,2,1916-02-22 00:00:00 UTC,22 Feb 1916,becordel,"[2.68529, 49.98689]","",diaryDate,22 Feb 1916,"{""day""=>[""22""], ""month""=>[""Feb""], ""year""=>[""1916""]}",3033925,Bécordel-Bécourt,"[2.68529, 49.98689]"
26,AWD0001n1d,diary,416,2,1916-02-22 00:00:00 UTC,22 Feb 1916,becordel,"[2.68529, 49.98689]","",unit,"2nd Border Regt, 2/BORDER REGT","{""name""=>[""2nd Border Regt"", ""2/BORDER REGT""], ""context""=>[""left""]}",3033925,Bécordel-Bécourt,"[2.68529, 49.98689]"
27,AWD0001n1d,diary,416,2,1916-02-22 00:00:00 UTC,22 Feb 1916,becordel,"[2.68529, 49.98689]","",unit,2nd Border Regiment,"{""name""=>[""2nd Border Regiment""], ""context""=>[""left""]}",3033925,Bécordel-Bécourt,"[2.68529, 49.98689]"
29,AWD0001n1d,diary,416,4,1916-02-22 00:00:00 UTC,22 Feb 1916,becordel,"[2.68529, 49.98689]","",diaryDate,22 Feb 1916,"{""day""=>[""22""], ""month""=>[""Feb""], ""year""=>[""1916""]}",3033925,Bécordel-Bécourt,"[2.68529, 49.98689]"
32,AWD0001n1d,diary,416,3,1916-02-22 17:20:00 UTC,22 Feb 1916,becordel,"[2.68529, 49.98689]",0520PM,time,0520PM,{},3033925,Bécordel-Bécourt,"[2.68529, 49.98689]"
34,AWD0001n1d,diary,416,2,1916-02-22 17:20:00 UTC,22 Feb 1916,becordel,"[2.68529, 49.98689]",0520PM,place,Kingston Road,"{""place""=>[""Kingston Road""], ""location""=>[""true"", ""false""], ""name""=>[""""], ""lat""=>[""""], ""long""=>[""""], ""id""=>[""""]}",3033925,Bécordel-Bécourt,"[2.68529, 49.98689]"
35,AWD0001n1d,diary,416,6,1916-02-22 17:20:00 UTC,22 Feb 1916,becordel,"[2.68529, 49.98689]",0520PM,activity,fire,{},3033925,Bécordel-Bécourt,"[2.68529, 49.98689]"
36,AWD0001n1d,diary,416,4,1916-02-23 00:00:00 UTC,23 Feb 1916,becordel,"[2.68529, 49.98689]","",diaryDate,23 Feb 1916,"{""day""=>[""23""], ""month""=>[""Feb""], ""year""=>[""1916""]}",3033925,Bécordel-Bécourt,"[2.68529, 49.98689]"
37,AWD0001n1d,diary,416,4,1916-02-23 00:00:00 UTC,23 Feb 1916,becordel,"[2.68529, 49.98689]","",person,Lieutenant Colonel J D Ingles,"{""first""=>[""J D""], ""surname""=>[""Ingles""], ""rank""=>[""Lieutenant Colonel""], ""number""=>[""""], ""reason""=>[""combat""], ""unit""=>[""""]}",3033925,Bécordel-Bécourt,"[2.68529, 49.98689]"
39,AWD0001n1d,diary,416,2,1916-02-23 00:00:00 UTC,23 Feb 1916,becordel,"[2.68529, 49.98689]","",activity,line,{},3033925,Bécordel-Bécourt,"[2.68529, 49.98689]"
41,AWD0001n1d,diary,416,3,1916-02-23 00:00:00 UTC,23 Feb 1916,becordel,"[2.68529, 49.98689]","",place,Tambour,"{""place""=>[""Tambour""], ""location""=>[""false""], ""name""=>[""Tambour""], ""lat""=>[""50.59201""], ""long""=>[""3.93697""], ""id""=>[""2785842""]}",3033925,Bécordel-Bécourt,"[2.68529, 49.98689]"
42,AWD0001n1d,diary,416,2,1916-02-23 00:00:00 UTC,23 Feb 1916,becordel,"[2.68529, 49.98689]","",activity,fire,{},3033925,Bécordel-Bécourt,"[2.68529, 49.98689]"
43,AWD0001n1d,diary,416,3,1916-02-23 00:00:00 UTC,23 Feb 1916,becordel,"[2.68529, 49.98689]","",place,Rundle Avenue,"{""place""=>[""Rundle Avenue""], ""location""=>[""false""], ""name""=>[""""], ""lat""=>[""""], ""long""=>[""""], ""id""=>[""""]}",3033925,Bécordel-Bécourt,"[2.68529, 49.98689]"
44,AWD0001n1d,diary,416,4,1916-02-23 00:00:00 UTC,23 Feb 1916,becordel,"[2.68529, 49.98689]","",place,Kingston Road,"{""place""=>[""Kingston Road""], ""location""=>[""false"", ""true""], ""name""=>[""""], ""lat""=>[""""], ""long""=>[""""], ""id""=>[""""]}",3033925,Bécordel-Bécourt,"[2.68529, 49.98689]"
45,AWD0001n1d,diary,416,2,1916-02-24 00:00:00 UTC,24 Feb 1916,becordel,"[2.68529, 49.98689]","",diaryDate,24 Feb 1916,"{""day""=>[""24""], ""month""=>[""Feb""], ""year""=>[""1916""]}",3033925,Bécordel-Bécourt,"[2.68529, 49.98689]"
48,AWD0001n1d,diary,416,2,1916-02-24 00:00:00 UTC,24 Feb 1916,becordel,"[2.68529, 49.98689]","",place,Rundle Avenue,"{""place""=>[""Rundle Avenue""], ""location""=>[""false""], ""name""=>[""Tambour"", """"], ""lat""=>[""50.59201"", """"], ""long""=>[""3.93697"", """"], ""id""=>[""2785842"", """"]}",3033925,Bécordel-Bécourt,"[2.68529, 49.98689]"
50,AWD0001n1d,diary,416,5,1916-02-24 00:00:00 UTC,24 Feb 1916,becordel,"[2.68529, 49.98689]","",activity,fire,{},3033925,Bécordel-Bécourt,"[2.68529, 49.98689]"
51,AWD0001n1d,diary,416,2,1916-02-25 00:00:00 UTC,25 Feb 1916,becordel,"[2.68529, 49.98689]","",diaryDate,25 Feb 1916,"{""day""=>[""25""], ""month""=>[""Feb""], ""year""=>[""1916""]}",3033925,Bécordel-Bécourt,"[2.68529, 49.98689]"
55,AWD0001n1d,diary,416,3,1916-02-25 18:45:00 UTC,25 Feb 1916,becordel,"[2.68529, 49.98689]",0645PM,time,0645PM,{},3033925,Bécordel-Bécourt,"[2.68529, 49.98689]"
57,AWD0001n1d,diary,416,3,1916-02-25 18:45:00 UTC,25 Feb 1916,becordel,"[2.68529, 49.98689]",0645PM,activity,attack,{},3033925,Bécordel-Bécourt,"[2.68529, 49.98689]"
58,AWD0001n1d,diary,416,3,1916-02-26 00:00:00 UTC,26 Feb 1916,becordel,"[2.68529, 49.98689]","",diaryDate,26 Feb 1916,"{""day""=>[""26""], ""month""=>[""Feb""], ""year""=>[""1916""]}",3033925,Bécordel-Bécourt,"[2.68529, 49.98689]"
59,AWD0001n1d,diary,416,2,1916-02-26 00:00:00 UTC,26 Feb 1916,becordel,"[2.68529, 49.98689]","",place,Fricourt,"{""place""=>[""Fricourt""], ""location""=>[""false""], ""name""=>[""Fricourt""], ""lat""=>[""49.99811""], ""long""=>[""2.71357""], ""id""=>[""3017041""]}",3033925,Bécordel-Bécourt,"[2.68529, 49.98689]"
64,AWD0001n1d,diary,416,3,1916-02-26 18:45:00 UTC,26 Feb 1916,becordel,"[2.68529, 49.98689]",0645PM,time,0645PM,{},3033925,Bécordel-Bécourt,"[2.68529, 49.98689]"
66,AWD0001n1d,diary,416,3,1916-02-26 20:30:00 UTC,26 Feb 1916,becordel,"[2.68529, 49.98689]",0830PM,time,0830PM,{},3033925,Bécordel-Bécourt,"[2.68529, 49.98689]"
68,AWD0001n1d,diary,416,5,1916-02-26 20:30:00 UTC,26 Feb 1916,becordel,"[2.68529, 49.98689]",0830PM,casualties,"killed: 1, wounded: 6",{},3033925,Bécordel-Bécourt,"[2.68529, 49.98689]"
70,AWD0001n1d,diary,416,3,1916-02-27 00:00:00 UTC,27 Feb 1916,becordel,"[2.68529, 49.98689]","",diaryDate,27 Feb 1916,"{""day""=>[""27""], ""month""=>[""Feb""], ""year""=>[""1916""]}",3033925,Bécordel-Bécourt,"[2.68529, 49.98689]"
76,AWD0001n1d,diary,416,2,1916-02-28 00:00:00 UTC,28 Feb 1916,becordel,"[2.68529, 49.98689]","",diaryDate,28 Feb 1916,"{""day""=>[""28""], ""month""=>[""Feb""], ""year""=>[""1916""]}",3033925,Bécordel-Bécourt,"[2.68529, 49.98689]"
77,AWD0001n1d,diary,416,2,1916-02-28 00:00:00 UTC,28 Feb 1916,becordel,"[2.68529, 49.98689]","",activity,line,{},3033925,Bécordel-Bécourt,"[2.68529, 49.98689]"
79,AWD0001n1d,diary,416,3,1916-02-28 00:00:00 UTC,28 Feb 1916,becordel,"[2.68529, 49.98689]","",unit,20th Manchesters,"{""name""=>[""20th Manchesters""], ""context""=>[""relieved_by""]}",3033925,Bécordel-Bécourt,"[2.68529, 49.98689]"
80,AWD0001n1d,diary,416,3,1916-02-28 00:00:00 UTC,28 Feb 1916,becordel,"[2.68529, 49.98689]","",diaryDate,28 Feb 1916,"{""day""=>[""28""], ""month""=>[""Feb""], ""year""=>[""1916""]}",3033925,Bécordel-Bécourt,"[2.68529, 49.98689]"
82,AWD0001n1d,diary,416,2,1916-02-28 00:00:00 UTC,28 Feb 1916,becordel,"[2.68529, 49.98689]","",unit,"9th Bn Devon Regt, 9th Btn Devon Regt","{""name""=>[""9th Bn Devon Regt"", ""9th Btn Devon Regt""], ""context""=>[""relieved_by""]}",3033925,Bécordel-Bécourt,"[2.68529, 49.98689]"
87,AWD0001n1d,diary,416,2,1916-02-28 00:00:00 UTC,28 Feb 1916,becordel,"[2.68529, 49.98689]","",activity,movement,{},3033925,Bécordel-Bécourt,"[2.68529, 49.98689]"
88,AWD0001n1d,diary,416,5,1916-02-28 00:00:00 UTC,28 Feb 1916,Meaulte,"[2.66121, 49.98167]","",place,Meaulte,"{""place""=>[""Meaulte""], ""location""=>[""true""], ""name""=>[""Méaulte""], ""lat""=>[""49.98167""], ""long""=>[""2.66121""], ""id""=>[""2994803""]}",2911401,Halte,"[7.35978, 53.10793]"
89,AWD0001n1d,diary,416,2,1916-02-28 00:00:00 UTC,28 Feb 1916,Meaulte,"[2.66121, 49.98167]","",domestic,accomodation,{},2911401,Halte,"[7.35978, 53.10793]"
90,AWD0001n1d,diary,416,2,1916-02-28 00:00:00 UTC,28 Feb 1916,Meaulte,"[2.66121, 49.98167]","",activity,movement,{},2911401,Halte,"[7.35978, 53.10793]"
1,AWD0001n1n,diary,417,5,1916-02-29 00:00:00 UTC,29 Feb 1916,Meaulte,"[2.66121, 49.98167]","",diaryDate,29 Feb 1916,"{""day""=>[""29""], ""month""=>[""Feb""], ""year""=>[""1916""]}",2911401,Halte,"[7.35978, 53.10793]"
2,AWD0001n1n,diary,417,5,1916-02-29 00:00:00 UTC,29 Feb 1916,Meaulte,"[2.66121, 49.98167]","",domestic,inspections,{},2911401,Halte,"[7.35978, 53.10793]"
3,AWD0001n1n,diary,417,5,1916-02-29 00:00:00 UTC,29 Feb 1916,Meaulte,"[2.66121, 49.98167]","",place,Meaulte,"{""place""=>[""Meaulte""], ""location""=>[""true""], ""name""=>[""Méaulte""], ""lat""=>[""49.98167""], ""long""=>[""2.66121""], ""id""=>[""2994803""]}",2911401,Halte,"[7.35978, 53.10793]"
5,AWD0001n1n,diary,417,5,1916-02-29 00:00:00 UTC,29 Feb 1916,Meaulte,"[2.66121, 49.98167]","",domestic,hygiene,{},2911401,Halte,"[7.35978, 53.10793]"
6,AWD0001n1n,diary,417,5,1916-02-29 00:00:00 UTC,29 Feb 1916,Meaulte,"[2.66121, 49.98167]","",activity,movement,{},2911401,Halte,"[7.35978, 53.10793]"
7,AWD0001n1n,diary,417,4,1916-02-29 18:15:00 UTC,29 Feb 1916,Meaulte,"[2.66121, 49.98167]",0615PM,time,0615PM,{},2911401,Halte,"[7.35978, 53.10793]"
8,AWD0001n1n,diary,417,3,1916-02-29 18:15:00 UTC,29 Feb 1916,Meaulte,"[2.66121, 49.98167]",0615PM,activity,attack,{},2911401,Halte,"[7.35978, 53.10793]"
9,AWD0001n1n,diary,417,3,1916-02-29 18:15:00 UTC,29 Feb 1916,Meaulte,"[2.66121, 49.98167]",0615PM,activity,movement,{},2911401,Halte,"[7.35978, 53.10793]"
10,AWD0001n1n,diary,417,3,1916-02-29 18:15:00 UTC,29 Feb 1916,Meaulte,"[2.66121, 49.98167]",0615PM,domestic,accomodation,{},2911401,Halte,"[7.35978, 53.10793]"
11,AWD0001n1n,diary,417,4,1916-02-29 20:15:00 UTC,29 Feb 1916,Meaulte,"[2.66121, 49.98167]",0815PM,time,0815PM,{},2911401,Halte,"[7.35978, 53.10793]"
12,AWD0001n1n,diary,417,4,1916-02-29 20:15:00 UTC,29 Feb 1916,Meaulte,"[2.66121, 49.98167]",0815PM,person,"Lieutenant ,E W,S W,E M Horne, HORNE","{""first""=>["""", ""E W"", ""S W"", ""E M""], ""surname""=>[""Horne"", ""HORNE""], ""rank""=>[""Lieutenant""], ""number""=>[""""], ""reason""=>[""author""], ""unit""=>[""""]}",2911401,Halte,"[7.35978, 53.10793]"
1,AWD0001n30,diary,419,5,1916-03-01 00:00:00 UTC,1 Mar 1916,Meaulte,"[2.66121, 49.98167]","",diaryDate,1 Mar 1916,"{""day""=>[""1""], ""month""=>[""Mar""], ""year""=>[""1916""]}",2911401,Halte,"[7.35978, 53.10793]"
2,AWD0001n30,diary,419,5,1916-03-01 00:00:00 UTC,1 Mar 1916,Meaulte,"[2.66121, 49.98167]","",place,Meaulte,"{""place""=>[""Meaulte""], ""location""=>[""true""], ""name""=>[""Méaulte""], ""lat""=>[""49.98167""], ""long""=>[""2.66121""], ""id""=>[""2994803""]}",2911401,Halte,"[7.35978, 53.10793]"
3,AWD0001n30,diary,419,5,1916-03-01 00:00:00 UTC,1 Mar 1916,Meaulte,"[2.66121, 49.98167]","",domestic,accomodation,{},2911401,Halte,"[7.35978, 53.10793]"
4,AWD0001n30,diary,419,3,1916-03-01 00:00:00 UTC,1 Mar 1916,meaulte,"[2.66121, 49.98167]","",place,meaulte,"{""place""=>[""meaulte""], ""location""=>[""true""], ""name""=>[""Méaulte""], ""lat""=>[""49.98167""], ""long""=>[""2.66121""], ""id""=>[""2994803""]}",2994803,Méaulte,"[2.66121, 49.98167]"
5,AWD0001n30,diary,419,2,1916-03-01 00:00:00 UTC,1 Mar 1916,meaulte,"[2.66121, 49.98167]","",diaryDate,1 Mar 1916,"{""day""=>[""1""], ""month""=>[""Mar""], ""year""=>[""1916""]}",2994803,Méaulte,"[2.66121, 49.98167]"
6,AWD0001n30,diary,419,3,1916-03-01 00:00:00 UTC,1 Mar 1916,Becordel,"[2.68529, 49.98689]","",place,Becordel,"{""place""=>[""Becordel""], ""location""=>[""true""], ""name""=>[""Bécordel-Bécourt""], ""lat""=>[""49.98689""], ""long""=>[""2.68529""], ""id""=>[""3033925""]}",3033925,Bécordel-Bécourt,"[2.68529, 49.98689]"
7,AWD0001n30,diary,419,3,1916-03-01 00:00:00 UTC,1 Mar 1916,Becordel,"[2.68529, 49.98689]","",domestic,accomodation,{},3033925,Bécordel-Bécourt,"[2.68529, 49.98689]"
8,AWD0001n30,diary,419,6,1916-03-01 00:00:00 UTC,1 Mar 1916,Becordel,"[2.68529, 49.98689]","",place,Becordel,"{""place""=>[""Becordel""], ""location""=>[""true""], ""name""=>[""Bécordel-Bécourt""], ""lat""=>[""49.98689""], ""long""=>[""2.68529""], ""id""=>[""3033925""]}",3033925,Bécordel-Bécourt,"[2.68529, 49.98689]"
9,AWD0001n30,diary,419,3,1916-03-01 00:00:00 UTC,1 Mar 1916,Becordel,"[2.68529, 49.98689]","",activity,movement,{},3033925,Bécordel-Bécourt,"[2.68529, 49.98689]"
12,AWD0001n30,diary,419,2,1916-03-02 00:00:00 UTC,2 Mar 1916,Becordel,"[2.68529, 49.98689]","",diaryDate,2 Mar 1916,"{""day""=>[""2""], ""month""=>[""Mar""], ""year""=>[""1916""]}",3033925,Bécordel-Bécourt,"[2.68529, 49.98689]"
13,AWD0001n30,diary,419,6,1916-03-02 00:00:00 UTC,2 Mar 1916,Becordel,"[2.68529, 49.98689]","",activity,working,{},3033925,Bécordel-Bécourt,"[2.68529, 49.98689]"
14,AWD0001n30,diary,419,3,1916-03-02 00:00:00 UTC,2 Mar 1916,Becordel,"[2.68529, 49.98689]","",diaryDate,2 Mar 1916,"{""day""=>[""2""], ""month""=>[""Mar""], ""year""=>[""1916""]}",3033925,Bécordel-Bécourt,"[2.68529, 49.98689]"
16,AWD0001n30,diary,419,2,1916-03-02 00:00:00 UTC,2 Mar 1916,Becordel,"[2.68529, 49.98689]","",diaryDate,2 Mar 1916,"{""day""=>[""2""], ""month""=>[""Mar""], ""year""=>[""1916""]}",3033925,Bécordel-Bécourt,"[2.68529, 49.98689]"
17,AWD0001n30,diary,419,3,1916-03-02 00:00:00 UTC,2 Mar 1916,Meaulte,"[2.66121, 49.98167]","",place,Meaulte,"{""place""=>[""Meaulte""], ""location""=>[""true""], ""name""=>[""Méaulte""], ""lat""=>[""49.98167""], ""long""=>[""2.66121""], ""id""=>[""2994803""]}",2911401,Halte,"[7.35978, 53.10793]"
18,AWD0001n30,diary,419,2,1916-03-02 00:00:00 UTC,2 Mar 1916,Meaulte,"[2.66121, 49.98167]","",activity,working,{},2911401,Halte,"[7.35978, 53.10793]"
19,AWD0001n30,diary,419,4,1916-03-03 00:00:00 UTC,3 Mar 1916,Meaulte,"[2.66121, 49.98167]","",diaryDate,3 Mar 1916,"{""day""=>[""3""], ""month""=>[""Mar""], ""year""=>[""1916""]}",2911401,Halte,"[7.35978, 53.10793]"
20,AWD0001n30,diary,419,2,1916-03-03 00:00:00 UTC,3 Mar 1916,"Meaulte, meaulte","[2.66121, 49.98167]","",place,"Meaulte, meaulte","{""place""=>[""Meaulte"", ""meaulte""], ""location""=>[""true""], ""name""=>[""Méaulte""], ""lat""=>[""49.98167""], ""long""=>[""2.66121""], ""id""=>[""2994803""]}",2994803,Méaulte,"[2.66121, 49.98167]"
22,AWD0001n30,diary,419,4,1916-03-03 00:00:00 UTC,3 Mar 1916,"Meaulte, meaulte","[2.66121, 49.98167]","",domestic,inspections,{},2994803,Méaulte,"[2.66121, 49.98167]"
24,AWD0001n30,diary,419,3,1916-03-03 00:00:00 UTC,3 Mar 1916,"Meaulte, meaulte","[2.66121, 49.98167]","",diaryDate,3 Mar 1916,"{""day""=>[""3""], ""month""=>[""Mar""], ""year""=>[""1916""]}",2994803,Méaulte,"[2.66121, 49.98167]"
25,AWD0001n30,diary,419,3,1916-03-03 00:00:00 UTC,3 Mar 1916,Becordel,"[2.68529, 49.98689]","",place,Becordel,"{""place""=>[""Becordel""], ""location""=>[""true""], ""name""=>[""Bécordel-Bécourt""], ""lat""=>[""49.98689""], ""long""=>[""2.68529""], ""id""=>[""3033925""]}",3033925,Bécordel-Bécourt,"[2.68529, 49.98689]"
27,AWD0001n30,diary,419,6,1916-03-03 00:00:00 UTC,3 Mar 1916,Becordel,"[2.68529, 49.98689]","",activity,working,{},3033925,Bécordel-Bécourt,"[2.68529, 49.98689]"
28,AWD0001n30,diary,419,4,1916-03-04 00:00:00 UTC,4 Mar 1916,Becordel,"[2.68529, 49.98689]","",diaryDate,4 Mar 1916,"{""day""=>[""4""], ""month""=>[""Mar""], ""year""=>[""1916""]}",3033925,Bécordel-Bécourt,"[2.68529, 49.98689]"
29,AWD0001n30,diary,419,2,1916-03-04 00:00:00 UTC,4 Mar 1916,"becordel, Becordel","[2.68529, 49.98689]","",place,"becordel, Becordel","{""place""=>[""becordel"", ""Becordel""], ""location""=>[""true""], ""name""=>[""Bécordel-Bécourt""], ""lat""=>[""49.98689""], ""long""=>[""2.68529""], ""id""=>[""3033925""]}",3033925,Bécordel-Bécourt,"[2.68529, 49.98689]"
30,AWD0001n30,diary,419,3,1916-03-04 00:00:00 UTC,4 Mar 1916,"becordel, Becordel","[2.68529, 49.98689]","",activity,movement,{},3033925,Bécordel-Bécourt,"[2.68529, 49.98689]"
31,AWD0001n30,diary,419,2,1916-03-04 00:00:00 UTC,4 Mar 1916,"meaulte, Meaulte","[2.66121, 49.98167]","",place,"meaulte, Meaulte","{""place""=>[""meaulte"", ""Meaulte""], ""location""=>[""true""], ""name""=>[""Méaulte""], ""lat""=>[""49.98167""], ""long""=>[""2.66121""], ""id""=>[""2994803""]}",2994803,Méaulte,"[2.66121, 49.98167]"
34,AWD0001n30,diary,419,3,1916-03-04 00:00:00 UTC,4 Mar 1916,"meaulte, Meaulte","[2.66121, 49.98167]","",diaryDate,4 Mar 1916,"{""day""=>[""4""], ""month""=>[""Mar""], ""year""=>[""1916""]}",2994803,Méaulte,"[2.66121, 49.98167]"
35,AWD0001n30,diary,419,3,1916-03-04 00:00:00 UTC,4 Mar 1916,Meaulte,"[2.66121, 49.98167]","",place,Meaulte,"{""place""=>[""Meaulte""], ""location""=>[""true""], ""name""=>[""Méaulte""], ""lat""=>[""49.98167""], ""long""=>[""2.66121""], ""id""=>[""2994803""]}",2911401,Halte,"[7.35978, 53.10793]"
36,AWD0001n30,diary,419,4,1916-03-04 00:00:00 UTC,4 Mar 1916,Meaulte,"[2.66121, 49.98167]","",activity,working,{},2911401,Halte,"[7.35978, 53.10793]"
39,AWD0001n30,diary,419,5,1916-03-05 00:00:00 UTC,5 Mar 1916,Meaulte,"[2.66121, 49.98167]","",diaryDate,5 Mar 1916,"{""day""=>[""5""], ""month""=>[""Mar""], ""year""=>[""1916""]}",2911401,Halte,"[7.35978, 53.10793]"
40,AWD0001n30,diary,419,5,1916-03-05 00:00:00 UTC,5 Mar 1916,Meaulte,"[2.66121, 49.98167]","",activity,movement,{},2911401,Halte,"[7.35978, 53.10793]"
41,AWD0001n30,diary,419,2,1916-03-05 00:00:00 UTC,5 Mar 1916,Meaulte,"[2.66121, 49.98167]","",place,"meaulte, Meaulte","{""place""=>[""meaulte"", ""Meaulte""], ""location""=>[""true"", ""false""], ""name""=>[""Méaulte""], ""lat""=>[""49.98167""], ""long""=>[""2.66121""], ""id""=>[""2994803""]}",2911401,Halte,"[7.35978, 53.10793]"
42,AWD0001n30,diary,419,4,1916-03-05 00:00:00 UTC,5 Mar 1916,Meaulte,"[2.66121, 49.98167]","",activity,line,{},2911401,Halte,"[7.35978, 53.10793]"
43,AWD0001n30,diary,419,3,1916-03-05 00:00:00 UTC,5 Mar 1916,Fricourt,"[2.71357, 49.99811]","",place,Fricourt,"{""place""=>[""Fricourt""], ""location""=>[""true""], ""name""=>[""Fricourt""], ""lat""=>[""49.99811""], ""long""=>[""2.71357""], ""id""=>[""3017041""]}",3017041,Fricourt,"[2.71357, 49.99811]"
45,AWD0001n30,diary,419,2,1916-03-05 00:00:00 UTC,5 Mar 1916,Fricourt,"[2.71357, 49.99811]","",unit,9th Devonshire Regiment,"{""name""=>[""9th Devonshire Regiment""], ""context""=>[""relieved""]}",3017041,Fricourt,"[2.71357, 49.99811]"
46,AWD0001n30,diary,419,2,1916-03-05 00:00:00 UTC,5 Mar 1916,Fricourt,"[2.71357, 49.99811]","",unit,24th Manchesters,"{""name""=>[""24th Manchesters""], ""context""=>[""right""]}",3017041,Fricourt,"[2.71357, 49.99811]"
49,AWD0001n30,diary,419,2,1916-03-05 00:00:00 UTC,5 Mar 1916,Fricourt,"[2.71357, 49.99811]","",unit,9th Devonshire Regt,"{""name""=>[""9th Devonshire Regt""], ""context""=>[""relieved""]}",3017041,Fricourt,"[2.71357, 49.99811]"
51,AWD0001n30,diary,419,2,1916-03-05 00:00:00 UTC,5 Mar 1916,Fricourt,"[2.71357, 49.99811]","",unit,"2nd Border Regt, 2/ Border Regt","{""name""=>[""2nd Border Regt"", ""2/ Border Regt""], ""context""=>[""left""]}",3017041,Fricourt,"[2.71357, 49.99811]"
52,AWD0001n30,diary,419,2,1916-03-05 00:00:00 UTC,5 Mar 1916,Fricourt,"[2.71357, 49.99811]","",unit,2nd Border Regiment,"{""name""=>[""2nd Border Regiment""], ""context""=>[""left""]}",3017041,Fricourt,"[2.71357, 49.99811]"
56,AWD0001n30,diary,419,5,1916-03-06 00:00:00 UTC,6 Mar 1916,Fricourt,"[2.71357, 49.99811]","",diaryDate,6 Mar 1916,"{""day""=>[""6""], ""month""=>[""Mar""], ""year""=>[""1916""]}",3017041,Fricourt,"[2.71357, 49.99811]"
57,AWD0001n30,diary,419,5,1916-03-06 00:00:00 UTC,6 Mar 1916,Fricourt,"[2.71357, 49.99811]","",activity,line,{},3017041,Fricourt,"[2.71357, 49.99811]"
3,AWD0001n18,diary,420,4,1916-03-07 00:00:00 UTC,7 Mar 1916,Fricourt,"[2.71357, 49.99811]","",diaryDate,7 Mar 1916,"{""day""=>[""7""], ""month""=>[""Mar""], ""year""=>[""1916""]}",3017041,Fricourt,"[2.71357, 49.99811]"
5,AWD0001n18,diary,420,6,1916-03-07 00:00:00 UTC,7 Mar 1916,Fricourt,"[2.71357, 49.99811]","",activity,line,{},3017041,Fricourt,"[2.71357, 49.99811]"
6,AWD0001n18,diary,420,4,1916-03-08 00:00:00 UTC,8 Mar 1916,Fricourt,"[2.71357, 49.99811]","",diaryDate,8 Mar 1916,"{""day""=>[""8""], ""month""=>[""Mar""], ""year""=>[""1916""]}",3017041,Fricourt,"[2.71357, 49.99811]"
7,AWD0001n18,diary,420,4,1916-03-08 00:00:00 UTC,8 Mar 1916,Fricourt,"[2.71357, 49.99811]","",activity,line,{},3017041,Fricourt,"[2.71357, 49.99811]"
8,AWD0001n18,diary,420,5,1916-03-08 00:00:00 UTC,8 Mar 1916,Fricourt,"[2.71357, 49.99811]","",person,Lieutenant F R Bradford,"{""first""=>[""F R""], ""surname""=>[""Bradford""], ""rank""=>[""Lieutenant""], ""number""=>[""""], ""reason""=>[""casualty_wounded""], ""unit""=>[""""]}",3017041,Fricourt,"[2.71357, 49.99811]"
9,AWD0001n18,diary,420,4,1916-03-08 00:00:00 UTC,8 Mar 1916,"Becorde, Becordel, BECORDEL, becordel","[2.68529, 49.98689]","",place,"Becorde, Becordel, BECORDEL, becordel","{""place""=>[""Becorde"", ""Becordel"", ""BECORDEL"", ""becordel""], ""location""=>[""true""], ""name""=>[""Bécordel-Bécourt""], ""lat""=>[""49.98689""], ""long""=>[""2.68529""], ""id""=>[""3033925""]}",,,
12,AWD0001n18,diary,420,2,1916-03-08 00:00:00 UTC,8 Mar 1916,Fricourt,"[2.71357, 49.99811]","",place,Fricourt,"{""place""=>[""Fricourt""], ""location""=>[""true""], ""name""=>[""Fricourt""], ""lat""=>[""49.99811""], ""long""=>[""2.71357""], ""id""=>[""3017041""]}",3017041,Fricourt,"[2.71357, 49.99811]"
13,AWD0001n18,diary,420,5,1916-03-09 00:00:00 UTC,9 Mar 1916,Fricourt,"[2.71357, 49.99811]","",diaryDate,9 Mar 1916,"{""day""=>[""9""], ""month""=>[""Mar""], ""year""=>[""1916""]}",3017041,Fricourt,"[2.71357, 49.99811]"
14,AWD0001n18,diary,420,5,1916-03-09 00:00:00 UTC,9 Mar 1916,Fricourt,"[2.71357, 49.99811]","",activity,line,{},3017041,Fricourt,"[2.71357, 49.99811]"
17,AWD0001n18,diary,420,5,1916-03-10 00:00:00 UTC,10 Mar 1916,Fricourt,"[2.71357, 49.99811]","",diaryDate,10 Mar 1916,"{""day""=>[""10""], ""month""=>[""Mar""], ""year""=>[""1916""]}",3017041,Fricourt,"[2.71357, 49.99811]"
21,AWD0001n18,diary,420,4,1916-03-10 00:00:00 UTC,10 Mar 1916,Fricourt,"[2.71357, 49.99811]","",activity,line,{},3017041,Fricourt,"[2.71357, 49.99811]"
22,AWD0001n18,diary,420,5,1916-03-11 00:00:00 UTC,11 Mar 1916,Fricourt,"[2.71357, 49.99811]","",diaryDate,11 Mar 1916,"{""day""=>[""11""], ""month""=>[""Mar""], ""year""=>[""1916""]}",3017041,Fricourt,"[2.71357, 49.99811]"
25,AWD0001n18,diary,420,4,1916-03-11 00:00:00 UTC,11 Mar 1916,Fricourt,"[2.71357, 49.99811]","",activity,line,{},3017041,Fricourt,"[2.71357, 49.99811]"
26,AWD0001n18,diary,420,2,1916-03-11 00:00:00 UTC,11 Mar 1916,Fricourt,"[2.71357, 49.99811]","",unit,"9th Bb Devon Regt, 9th Devon Regt","{""name""=>[""9th Bb Devon Regt"", ""9th Devon Regt""], ""context""=>[""relieved_by""]}",3017041,Fricourt,"[2.71357, 49.99811]"
29,AWD0001n18,diary,420,4,1916-03-11 00:00:00 UTC,11 Mar 1916,Fricourt,"[2.71357, 49.99811]","",unit,Gordon Highlanders,"{""name""=>[""Gordon Highlanders""], ""context""=>[""left""]}",3017041,Fricourt,"[2.71357, 49.99811]"
31,AWD0001n18,diary,420,4,1916-03-11 00:00:00 UTC,11 Mar 1916,Fricourt,"[2.71357, 49.99811]","",unit,24th Manchesters,"{""name""=>[""24th Manchesters""], ""context""=>[""right""]}",3017041,Fricourt,"[2.71357, 49.99811]"
32,AWD0001n18,diary,420,2,1916-03-11 00:00:00 UTC,11 Mar 1916,Fricourt,"[2.71357, 49.99811]","",diaryDate,11 Mar 1916,"{""day""=>[""11""], ""month""=>[""Mar""], ""year""=>[""1916""]}",3017041,Fricourt,"[2.71357, 49.99811]"
35,AWD0001n18,diary,420,5,1916-03-11 00:00:00 UTC,11 Mar 1916,Meaulte,"[2.66121, 49.98167]","",place,Meaulte,"{""place""=>[""Meaulte""], ""location""=>[""true""], ""name""=>[""Méaulte""], ""lat""=>[""49.98167""], ""long""=>[""2.66121""], ""id""=>[""2994803""]}",2911401,Halte,"[7.35978, 53.10793]"
36,AWD0001n18,diary,420,3,1916-03-11 00:00:00 UTC,11 Mar 1916,Meaulte,"[2.66121, 49.98167]","",activity,movement,{},2911401,Halte,"[7.35978, 53.10793]"
37,AWD0001n18,diary,420,5,1916-03-11 00:00:00 UTC,11 Mar 1916,Meaulte,"[2.66121, 49.98167]","",domestic,accomodation,{},2911401,Halte,"[7.35978, 53.10793]"
38,AWD0001n18,diary,420,4,1916-03-11 00:00:00 UTC,11 Mar 1916,Meaulte,"[2.66121, 49.98167]","",place,Meaulte,"{""place""=>[""Meaulte""], ""location""=>[""true""], ""name""=>[""Méaulte""], ""lat""=>[""49.98167""], ""long""=>[""2.66121""], ""id""=>[""2994803""]}",2911401,Halte,"[7.35978, 53.10793]"
39,AWD0001n18,diary,420,4,1916-03-12 00:00:00 UTC,12 Mar 1916,Meaulte,"[2.66121, 49.98167]","",diaryDate,12 Mar 1916,"{""day""=>[""12""], ""month""=>[""Mar""], ""year""=>[""1916""]}",2911401,Halte,"[7.35978, 53.10793]"
40,AWD0001n18,diary,420,2,1916-03-12 00:00:00 UTC,12 Mar 1916,"meaulte, Meaulte","[2.66121, 49.98167]","",place,"meaulte, Meaulte","{""place""=>[""meaulte"", ""Meaulte""], ""location""=>[""true""], ""name""=>[""Méaulte""], ""lat""=>[""49.98167""], ""long""=>[""2.66121""], ""id""=>[""2994803""]}",2994803,Méaulte,"[2.66121, 49.98167]"
41,AWD0001n18,diary,420,5,1916-03-13 00:00:00 UTC,13 Mar 1916,"meaulte, Meaulte","[2.66121, 49.98167]","",diaryDate,13 Mar 1916,"{""day""=>[""13""], ""month""=>[""Mar""], ""year""=>[""1916""]}",2994803,Méaulte,"[2.66121, 49.98167]"
42,AWD0001n18,diary,420,3,1916-03-13 00:00:00 UTC,13 Mar 1916,"meaulte, Meaulte","[2.66121, 49.98167]","",place,Becordel,"{""place""=>[""Becordel""], ""location""=>[""false""], ""name""=>[""Bécordel-Bécourt""], ""lat""=>[""49.98689""], ""long""=>[""2.68529""], ""id""=>[""3033925""]}",2994803,Méaulte,"[2.66121, 49.98167]"
43,AWD0001n18,diary,420,5,1916-03-13 00:00:00 UTC,13 Mar 1916,"meaulte, Meaulte","[2.66121, 49.98167]","",activity,working,{},2994803,Méaulte,"[2.66121, 49.98167]"
44,AWD0001n18,diary,420,3,1916-03-13 00:00:00 UTC,13 Mar 1916,Meaulte,"[2.66121, 49.98167]","",place,Meaulte,"{""place""=>[""Meaulte""], ""location""=>[""true""], ""name""=>[""Méaulte""], ""lat""=>[""49.98167""], ""long""=>[""2.66121""], ""id""=>[""2994803""]}",2911401,Halte,"[7.35978, 53.10793]"
45,AWD0001n18,diary,420,4,1916-03-14 00:00:00 UTC,14 Mar 1916,Meaulte,"[2.66121, 49.98167]","",diaryDate,14 Mar 1916,"{""day""=>[""14""], ""month""=>[""Mar""], ""year""=>[""1916""]}",2911401,Halte,"[7.35978, 53.10793]"
46,AWD0001n18,diary,420,4,1916-03-14 00:00:00 UTC,14 Mar 1916,Meaulte,"[2.66121, 49.98167]","",activity,working,{},2911401,Halte,"[7.35978, 53.10793]"
47,AWD0001n18,diary,420,5,1916-03-15 00:00:00 UTC,15 Mar 1916,Meaulte,"[2.66121, 49.98167]","",diaryDate,15 Mar 1916,"{""day""=>[""15""], ""month""=>[""Mar""], ""year""=>[""1916""]}",2911401,Halte,"[7.35978, 53.10793]"
48,AWD0001n18,diary,420,3,1916-03-15 00:00:00 UTC,15 Mar 1916,meaulte,"[2.66121, 49.98167]","",place,meaulte,"{""place""=>[""meaulte""], ""location""=>[""true""], ""name""=>[""Méaulte""], ""lat""=>[""49.98167""], ""long""=>[""2.66121""], ""id""=>[""2994803""]}",2994803,Méaulte,"[2.66121, 49.98167]"
49,AWD0001n18,diary,420,4,1916-03-15 00:00:00 UTC,15 Mar 1916,meaulte,"[2.66121, 49.98167]","",activity,working,{},2994803,Méaulte,"[2.66121, 49.98167]"
1,AWD0001mxn,diary,421,3,1916-03-16 00:00:00 UTC,16 Mar 1916,meaulte,"[2.66121, 49.98167]","",diaryDate,16 Mar 1916,"{""day""=>[""16""], ""month""=>[""Mar""], ""year""=>[""1916""]}",2994803,Méaulte,"[2.66121, 49.98167]"
2,AWD0001mxn,diary,421,3,1916-03-16 00:00:00 UTC,16 Mar 1916,meaulte,"[2.66121, 49.98167]","",activity,movement,{},2994803,Méaulte,"[2.66121, 49.98167]"
3,AWD0001mxn,diary,421,4,1916-03-16 00:00:00 UTC,16 Mar 1916,Meaulte,"[2.66121, 49.98167]","",place,Meaulte,"{""place""=>[""Meaulte""], ""location""=>[""true""], ""name""=>[""Méaulte""], ""lat""=>[""49.98167""], ""long""=>[""2.66121""], ""id""=>[""2994803""]}",2911401,Halte,"[7.35978, 53.10793]"
7,AWD0001mxn,diary,421,2,1916-03-16 00:00:00 UTC,16 Mar 1916,Meaulte,"[2.66121, 49.98167]","",unit,9th Devonshire Regt,"{""name""=>[""9th Devonshire Regt""], ""context""=>[""relieved""]}",2911401,Halte,"[7.35978, 53.10793]"
11,AWD0001mxn,diary,421,3,1916-03-17 00:00:00 UTC,17 Mar 1916,Meaulte,"[2.66121, 49.98167]","",diaryDate,17 Mar 1916,"{""day""=>[""17""], ""month""=>[""Mar""], ""year""=>[""1916""]}",2911401,Halte,"[7.35978, 53.10793]"
15,AWD0001mxn,diary,421,4,1916-03-17 00:00:00 UTC,17 Mar 1916,Meaulte,"[2.66121, 49.98167]","",unit,24th Manchesters,"{""name""=>[""24th Manchesters""], ""context""=>[""right""]}",2911401,Halte,"[7.35978, 53.10793]"
16,AWD0001mxn,diary,421,2,1916-03-17 00:00:00 UTC,17 Mar 1916,Meaulte,"[2.66121, 49.98167]","",unit,"2/ Border Regt, 2nd Border Regt","{""name""=>[""2/ Border Regt"", ""2nd Border Regt""], ""context""=>[""left""]}",2911401,Halte,"[7.35978, 53.10793]"
18,AWD0001mxn,diary,421,4,1916-03-17 00:00:00 UTC,17 Mar 1916,Meaulte,"[2.66121, 49.98167]","",person,Lieutenant  Sheepshanks,"{""first""=>[""""], ""surname""=>[""Sheepshanks""], ""rank""=>[""Lieutenant""], ""number""=>[""""], ""reason""=>[""casualty_kia""], ""unit""=>[""""]}",2911401,Halte,"[7.35978, 53.10793]"
19,AWD0001mxn,diary,421,4,1916-03-18 00:00:00 UTC,18 Mar 1916,Meaulte,"[2.66121, 49.98167]","",diaryDate,18 Mar 1916,"{""day""=>[""18""], ""month""=>[""Mar""], ""year""=>[""1916""]}",2911401,Halte,"[7.35978, 53.10793]"
20,AWD0001mxn,diary,421,4,1916-03-18 00:00:00 UTC,18 Mar 1916,Meaulte,"[2.66121, 49.98167]","",activity,line,{},2911401,Halte,"[7.35978, 53.10793]"
23,AWD0001mxn,diary,421,4,1916-03-19 00:00:00 UTC,19 Mar 1916,Meaulte,"[2.66121, 49.98167]","",diaryDate,19 Mar 1916,"{""day""=>[""19""], ""month""=>[""Mar""], ""year""=>[""1916""]}",2911401,Halte,"[7.35978, 53.10793]"
24,AWD0001mxn,diary,421,5,1916-03-19 00:00:00 UTC,19 Mar 1916,Meaulte,"[2.66121, 49.98167]","",activity,line,{},2911401,Halte,"[7.35978, 53.10793]"
29,AWD0001mxn,diary,421,3,1916-03-20 00:00:00 UTC,20 Mar 1916,Meaulte,"[2.66121, 49.98167]","",diaryDate,20 Mar 1916,"{""day""=>[""20""], ""month""=>[""Mar""], ""year""=>[""1916""]}",2911401,Halte,"[7.35978, 53.10793]"
31,AWD0001mxn,diary,421,5,1916-03-20 00:00:00 UTC,20 Mar 1916,Meaulte,"[2.66121, 49.98167]","",activity,line,{},2911401,Halte,"[7.35978, 53.10793]"
33,AWD0001mxn,diary,421,4,1916-03-21 00:00:00 UTC,21 Mar 1916,Meaulte,"[2.66121, 49.98167]","",diaryDate,21 Mar 1916,"{""day""=>[""21""], ""month""=>[""Mar""], ""year""=>[""1916""]}",2911401,Halte,"[7.35978, 53.10793]"
34,AWD0001mxn,diary,421,6,1916-03-21 00:00:00 UTC,21 Mar 1916,Meaulte,"[2.66121, 49.98167]","",activity,line,{},2911401,Halte,"[7.35978, 53.10793]"
35,AWD0001mxn,diary,421,4,1916-03-22 00:00:00 UTC,22 Mar 1916,Meaulte,"[2.66121, 49.98167]","",diaryDate,22 Mar 1916,"{""day""=>[""22""], ""month""=>[""Mar""], ""year""=>[""1916""]}",2911401,Halte,"[7.35978, 53.10793]"
36,AWD0001mxn,diary,421,3,1916-03-22 00:00:00 UTC,22 Mar 1916,Meaulte,"[2.66121, 49.98167]","",unit,"2nd Btn Gordon Highlanders, 2nd Bn Gordon Highlanders, 2nd Gordon Highlanders","{""name""=>[""2nd Btn Gordon Highlanders"", ""2nd Bn Gordon Highlanders"", ""2nd Gordon Highlanders""], ""context""=>[""left""]}",2911401,Halte,"[7.35978, 53.10793]"
39,AWD0001mxn,diary,421,4,1916-03-22 00:00:00 UTC,22 Mar 1916,Meaulte,"[2.66121, 49.98167]","",person,Captain G H GRAHAM,"{""first""=>[""G H""], ""surname""=>[""GRAHAM""], ""rank""=>[""Captain""], ""number""=>[""""], ""reason""=>[""commander""], ""unit""=>[""""]}",2911401,Halte,"[7.35978, 53.10793]"
40,AWD0001mxn,diary,421,2,1916-03-22 00:00:00 UTC,22 Mar 1916,Meaulte,"[2.66121, 49.98167]","",person,"Lieutenant Colonel J D INGELES, INGLES","{""first""=>[""J D""], ""surname""=>[""INGELES"", ""INGLES""], ""rank""=>[""Lieutenant Colonel""], ""number""=>[""""], ""reason""=>[""departed_leave""], ""unit""=>[""""]}",2911401,Halte,"[7.35978, 53.10793]"
41,AWD0001mxn,diary,421,4,1916-03-23 00:00:00 UTC,23 Mar 1916,Meaulte,"[2.66121, 49.98167]","",diaryDate,23 Mar 1916,"{""day""=>[""23""], ""month""=>[""Mar""], ""year""=>[""1916""]}",2911401,Halte,"[7.35978, 53.10793]"
42,AWD0001mxn,diary,421,7,1916-03-23 00:00:00 UTC,23 Mar 1916,Meaulte,"[2.66121, 49.98167]","",place,Meaulte,"{""place""=>[""Meaulte""], ""location""=>[""true""], ""name""=>[""Méaulte""], ""lat""=>[""49.98167""], ""long""=>[""2.66121""], ""id""=>[""2994803""]}",2911401,Halte,"[7.35978, 53.10793]"
43,AWD0001mxn,diary,421,4,1916-03-23 00:00:00 UTC,23 Mar 1916,Meaulte,"[2.66121, 49.98167]","",domestic,accomodation,{},2911401,Halte,"[7.35978, 53.10793]"
44,AWD0001mxn,diary,421,2,1916-03-23 00:00:00 UTC,23 Mar 1916,Meaulte,"[2.66121, 49.98167]","",unit,"9th Devons, 9TH DEVONS","{""name""=>[""9th Devons"", ""9TH DEVONS""], ""context""=>[""relieved_by""]}",2911401,Halte,"[7.35978, 53.10793]"
45,AWD0001mxn,diary,421,3,1916-03-23 00:00:00 UTC,23 Mar 1916,Meaulte,"[2.66121, 49.98167]","",activity,movement,{},2911401,Halte,"[7.35978, 53.10793]"
48,AWD0001mxn,diary,421,4,1916-03-24 00:00:00 UTC,24 Mar 1916,Meaulte,"[2.66121, 49.98167]","",diaryDate,24 Mar 1916,"{""day""=>[""24""], ""month""=>[""Mar""], ""year""=>[""1916""]}",2911401,Halte,"[7.35978, 53.10793]"
49,AWD0001mxn,diary,421,2,1916-03-24 00:00:00 UTC,24 Mar 1916,Meaulte,"[2.66121, 49.98167]","",place,Meaulte,"{""place""=>[""Meaulte""], ""location""=>[""true""], ""name""=>[""Méaulte""], ""lat""=>[""49.98167""], ""long""=>[""2.66121""], ""id""=>[""2994803""]}",2911401,Halte,"[7.35978, 53.10793]"
51,AWD0001mxn,diary,421,2,1916-03-24 00:00:00 UTC,24 Mar 1916,Meaulte,"[2.66121, 49.98167]","",activity,working,{},2911401,Halte,"[7.35978, 53.10793]"
53,AWD0001mxn,diary,421,4,1916-03-25 00:00:00 UTC,25 Mar 1916,Meaulte,"[2.66121, 49.98167]","",diaryDate,25 Mar 1916,"{""day""=>[""25""], ""month""=>[""Mar""], ""year""=>[""1916""]}",2911401,Halte,"[7.35978, 53.10793]"
55,AWD0001mxn,diary,421,2,1916-03-25 00:00:00 UTC,25 Mar 1916,Meaulte,"[2.66121, 49.98167]","",activity,movement,{},2911401,Halte,"[7.35978, 53.10793]"
56,AWD0001mxn,diary,421,2,1916-03-25 00:00:00 UTC,25 Mar 1916,Becordel,"[2.68529, 49.98689]","",place,Becordel,"{""place""=>[""Becordel""], ""location""=>[""true""], ""name""=>[""Bécordel-Bécourt""], ""lat""=>[""49.98689""], ""long""=>[""2.68529""], ""id""=>[""3033925""]}",3033925,Bécordel-Bécourt,"[2.68529, 49.98689]"
59,AWD0001mxn,diary,421,3,1916-03-25 00:00:00 UTC,25 Mar 1916,Becordel,"[2.68529, 49.98689]","",activity,working,{},3033925,Bécordel-Bécourt,"[2.68529, 49.98689]"
61,AWD0001mxn,diary,421,3,1916-03-25 00:00:00 UTC,25 Mar 1916,Becordel,"[2.68529, 49.98689]","",place,Becordel,"{""place""=>[""Becordel""], ""location""=>[""true""], ""name""=>[""Bécordel-Bécourt""], ""lat""=>[""49.98689""], ""long""=>[""2.68529""], ""id""=>[""3033925""]}",3033925,Bécordel-Bécourt,"[2.68529, 49.98689]"
62,AWD0001mxn,diary,421,3,1916-03-26 00:00:00 UTC,26 Mar 1916,Becordel,"[2.68529, 49.98689]","",diaryDate,26 Mar 1916,"{""day""=>[""26""], ""month""=>[""Mar""], ""year""=>[""1916""]}",3033925,Bécordel-Bécourt,"[2.68529, 49.98689]"
63,AWD0001mxn,diary,421,4,1916-03-26 00:00:00 UTC,26 Mar 1916,Becordel,"[2.68529, 49.98689]","",activity,working,{},3033925,Bécordel-Bécourt,"[2.68529, 49.98689]"
1,AWD0001mzg,diary,422,4,1916-03-27 00:00:00 UTC,27 Mar 1916,Becordel,"[2.68529, 49.98689]","",diaryDate,27 Mar 1916,"{""day""=>[""27""], ""month""=>[""Mar""], ""year""=>[""1916""]}",3033925,Bécordel-Bécourt,"[2.68529, 49.98689]"
2,AWD0001mzg,diary,422,5,1916-03-27 00:00:00 UTC,27 Mar 1916,Meaulte,"[2.66121, 49.98167]","",place,Meaulte,"{""place""=>[""Meaulte""], ""location""=>[""true""], ""name""=>[""Méaulte""], ""lat""=>[""49.98167""], ""long""=>[""2.66121""], ""id""=>[""2994803""]}",2911401,Halte,"[7.35978, 53.10793]"
5,AWD0001mzg,diary,422,4,1916-03-27 00:00:00 UTC,27 Mar 1916,Becordel,"[2.68529, 49.98689]","",place,Becordel,"{""place""=>[""Becordel""], ""location""=>[""true""], ""name""=>[""Bécordel-Bécourt""], ""lat""=>[""49.98689""], ""long""=>[""2.68529""], ""id""=>[""3033925""]}",3033925,Bécordel-Bécourt,"[2.68529, 49.98689]"
6,AWD0001mzg,diary,422,2,1916-03-28 00:00:00 UTC,28 Mar 1916,Becordel,"[2.68529, 49.98689]","",diaryDate,28 Mar 1916,"{""day""=>[""28""], ""month""=>[""Mar""], ""year""=>[""1916""]}",3033925,Bécordel-Bécourt,"[2.68529, 49.98689]"
7,AWD0001mzg,diary,422,3,1916-03-28 00:00:00 UTC,28 Mar 1916,Becordel,"[2.68529, 49.98689]","",activity,movement,{},3033925,Bécordel-Bécourt,"[2.68529, 49.98689]"
8,AWD0001mzg,diary,422,2,1916-03-28 00:00:00 UTC,28 Mar 1916,Becordel,"[2.68529, 49.98689]","",place,Becordel,"{""place""=>[""Becordel""], ""location""=>[""false""], ""name""=>[""Bécordel-Bécourt""], ""lat""=>[""49.98689""], ""long""=>[""2.68529""], ""id""=>[""3033925""]}",3033925,Bécordel-Bécourt,"[2.68529, 49.98689]"
9,AWD0001mzg,diary,422,3,1916-03-28 00:00:00 UTC,28 Mar 1916,Becordel,"[2.68529, 49.98689]","",diaryDate,28 Mar 1916,"{""day""=>[""28""], ""month""=>[""Mar""], ""year""=>[""1916""]}",3033925,Bécordel-Bécourt,"[2.68529, 49.98689]"
10,AWD0001mzg,diary,422,4,1916-03-28 00:00:00 UTC,28 Mar 1916,Meaulte,"[2.66121, 49.98167]","",place,Meaulte,"{""place""=>[""Meaulte""], ""location""=>[""true""], ""name""=>[""Méaulte""], ""lat""=>[""49.98167""], ""long""=>[""2.66121""], ""id""=>[""2994803""]}",2911401,Halte,"[7.35978, 53.10793]"
12,AWD0001mzg,diary,422,3,1916-03-28 00:00:00 UTC,28 Mar 1916,Meaulte,"[2.66121, 49.98167]","",activity,line,{},2911401,Halte,"[7.35978, 53.10793]"
13,AWD0001mzg,diary,422,4,1916-03-29 00:00:00 UTC,29 Mar 1916,Meaulte,"[2.66121, 49.98167]","",diaryDate,29 Mar 1916,"{""day""=>[""29""], ""month""=>[""Mar""], ""year""=>[""1916""]}",2911401,Halte,"[7.35978, 53.10793]"
14,AWD0001mzg,diary,422,2,1916-03-29 00:00:00 UTC,29 Mar 1916,Meaulte,"[2.66121, 49.98167]","",unit,"9th Devon Regt, 9th Devon Regt.","{""name""=>[""9th Devon Regt"", ""9th Devon Regt.""], ""context""=>[""relieved""]}",2911401,Halte,"[7.35978, 53.10793]"
15,AWD0001mzg,diary,422,2,1916-03-29 00:00:00 UTC,29 Mar 1916,Meaulte,"[2.66121, 49.98167]","",unit,"9TH DEVONS, 9th Devons","{""name""=>[""9TH DEVONS"", ""9th Devons""], ""context""=>[""relieved""]}",2911401,Halte,"[7.35978, 53.10793]"
16,AWD0001mzg,diary,422,5,1916-03-29 00:00:00 UTC,29 Mar 1916,Meaulte,"[2.66121, 49.98167]","",unit,20th Manchesters,"{""name""=>[""20th Manchesters""], ""context""=>[""right""]}",2911401,Halte,"[7.35978, 53.10793]"
21,AWD0001mzg,diary,422,5,1916-03-29 00:00:00 UTC,29 Mar 1916,Meaulte,"[2.66121, 49.98167]","",unit,2nd Borders,"{""name""=>[""2nd Borders""], ""context""=>[""left""]}",2911401,Halte,"[7.35978, 53.10793]"
22,AWD0001mzg,diary,422,2,1916-03-30 00:00:00 UTC,30 Mar 1916,Meaulte,"[2.66121, 49.98167]","",diaryDate,30 Mar 1916,"{""day""=>[""30""], ""month""=>[""Mar""], ""year""=>[""1916""]}",2911401,Halte,"[7.35978, 53.10793]"
23,AWD0001mzg,diary,422,3,1916-03-30 00:00:00 UTC,30 Mar 1916,Meaulte,"[2.66121, 49.98167]","",activity,line,{},2911401,Halte,"[7.35978, 53.10793]"
24,AWD0001mzg,diary,422,3,1916-03-30 00:00:00 UTC,30 Mar 1916,Meaulte,"[2.66121, 49.98167]","",diaryDate,30 Mar 1916,"{""day""=>[""30""], ""month""=>[""Mar""], ""year""=>[""1916""]}",2911401,Halte,"[7.35978, 53.10793]"
25,AWD0001mzg,diary,422,6,1916-03-30 00:00:00 UTC,30 Mar 1916,Meaulte,"[2.66121, 49.98167]","",activity,line,{},2911401,Halte,"[7.35978, 53.10793]"
26,AWD0001mzg,diary,422,5,1916-03-31 00:00:00 UTC,31 Mar 1916,Meaulte,"[2.66121, 49.98167]","",diaryDate,31 Mar 1916,"{""day""=>[""31""], ""month""=>[""Mar""], ""year""=>[""1916""]}",2911401,Halte,"[7.35978, 53.10793]"
27,AWD0001mzg,diary,422,2,1916-03-31 00:00:00 UTC,31 Mar 1916,Meaulte,"[2.66121, 49.98167]","",activity,line,{},2911401,Halte,"[7.35978, 53.10793]"
28,AWD0001mzg,diary,422,4,1916-03-31 00:00:00 UTC,31 Mar 1916,Meaulte,"[2.66121, 49.98167]","",person,"Lieutenant E,E M,E W,E N Horne, HORNE","{""first""=>[""E"", ""E M"", ""E W"", ""E N""], ""surname""=>[""Horne"", ""HORNE""], ""rank""=>[""Lieutenant""], ""number""=>[""""], ""reason""=>[""author""], ""unit""=>[""""]}",2911401,Halte,"[7.35978, 53.10793]"
1,AWD0001n36,diary,424,2,1916-04-01 00:00:00 UTC,1 Apr 1916,Meaulte,"[2.66121, 49.98167]","",diaryDate,1 Apr 1916,"{""day""=>[""1""], ""month""=>[""Apr""], ""year""=>[""1916""]}",2911401,Halte,"[7.35978, 53.10793]"
2,AWD0001n36,diary,424,3,1916-04-01 00:00:00 UTC,1 Apr 1916,Meaulte,"[2.66121, 49.98167]","",unit,20th Manchesters,"{""name""=>[""20th Manchesters""], ""context""=>[""right""]}",2911401,Halte,"[7.35978, 53.10793]"
4,AWD0001n36,diary,424,3,1916-04-01 00:00:00 UTC,1 Apr 1916,Meaulte,"[2.66121, 49.98167]","",diaryDate,1 Apr 1916,"{""day""=>[""1""], ""month""=>[""Apr""], ""year""=>[""1916""]}",2911401,Halte,"[7.35978, 53.10793]"
5,AWD0001n36,diary,424,2,1916-04-01 00:00:00 UTC,1 Apr 1916,Meaulte,"[2.66121, 49.98167]","",unit,"2/Borders, 2nd Borders","{""name""=>[""2/Borders"", ""2nd Borders""], ""context""=>[""left""]}",2911401,Halte,"[7.35978, 53.10793]"
6,AWD0001n36,diary,424,5,1916-04-01 00:00:00 UTC,1 Apr 1916,Meaulte,"[2.66121, 49.98167]","",activity,line,{},2911401,Halte,"[7.35978, 53.10793]"
9,AWD0001n36,diary,424,5,1916-04-02 00:00:00 UTC,2 Apr 1916,Meaulte,"[2.66121, 49.98167]","",diaryDate,2 Apr 1916,"{""day""=>[""2""], ""month""=>[""Apr""], ""year""=>[""1916""]}",2911401,Halte,"[7.35978, 53.10793]"
10,AWD0001n36,diary,424,6,1916-04-02 00:00:00 UTC,2 Apr 1916,Meaulte,"[2.66121, 49.98167]","",activity,line,{},2911401,Halte,"[7.35978, 53.10793]"
11,AWD0001n36,diary,424,5,1916-04-03 00:00:00 UTC,3 Apr 1916,Meaulte,"[2.66121, 49.98167]","",diaryDate,3 Apr 1916,"{""day""=>[""3""], ""month""=>[""Apr""], ""year""=>[""1916""]}",2911401,Halte,"[7.35978, 53.10793]"
12,AWD0001n36,diary,424,8,1916-04-03 00:00:00 UTC,3 Apr 1916,Meaulte,"[2.66121, 49.98167]","",activity,line,{},2911401,Halte,"[7.35978, 53.10793]"
13,AWD0001n36,diary,424,5,1916-04-04 00:00:00 UTC,4 Apr 1916,Meaulte,"[2.66121, 49.98167]","",diaryDate,4 Apr 1916,"{""day""=>[""4""], ""month""=>[""Apr""], ""year""=>[""1916""]}",2911401,Halte,"[7.35978, 53.10793]"
14,AWD0001n36,diary,424,5,1916-04-05 00:00:00 UTC,5 Apr 1916,Meaulte,"[2.66121, 49.98167]","",diaryDate,5 Apr 1916,"{""day""=>[""5""], ""month""=>[""Apr""], ""year""=>[""1916""]}",2911401,Halte,"[7.35978, 53.10793]"
15,AWD0001n36,diary,424,6,1916-04-05 00:00:00 UTC,5 Apr 1916,Meaulte,"[2.66121, 49.98167]","",activity,line,{},2911401,Halte,"[7.35978, 53.10793]"
16,AWD0001n36,diary,424,5,1916-04-06 00:00:00 UTC,6 Apr 1916,Meaulte,"[2.66121, 49.98167]","",diaryDate,6 Apr 1916,"{""day""=>[""6""], ""month""=>[""Apr""], ""year""=>[""1916""]}",2911401,Halte,"[7.35978, 53.10793]"
17,AWD0001n36,diary,424,5,1916-04-06 00:00:00 UTC,6 Apr 1916,Meaulte,"[2.66121, 49.98167]","",activity,line,{},2911401,Halte,"[7.35978, 53.10793]"
18,AWD0001n36,diary,424,4,1916-04-07 00:00:00 UTC,7 Apr 1916,Meaulte,"[2.66121, 49.98167]","",diaryDate,7 Apr 1916,"{""day""=>[""7""], ""month""=>[""Apr""], ""year""=>[""1916""]}",2911401,Halte,"[7.35978, 53.10793]"
20,AWD0001n36,diary,424,3,1916-04-07 00:00:00 UTC,7 Apr 1916,Meaulte,"[2.66121, 49.98167]","",unit,9th Kings Own Yorkshire Light Infantry,"{""name""=>[""9th Kings Own Yorkshire Light Infantry""], ""context""=>[""relieved_by""]}",2911401,Halte,"[7.35978, 53.10793]"
23,AWD0001n36,diary,424,4,1916-04-07 00:00:00 UTC,7 Apr 1916,Meaulte,"[2.66121, 49.98167]","",place,Meaulte,"{""place""=>[""Meaulte""], ""location""=>[""true""], ""name""=>[""Méaulte""], ""lat""=>[""49.98167""], ""long""=>[""2.66121""], ""id""=>[""2994803""]}",2911401,Halte,"[7.35978, 53.10793]"
24,AWD0001n36,diary,424,4,1916-04-07 00:00:00 UTC,7 Apr 1916,Meaulte,"[2.66121, 49.98167]","",domestic,accomodation,{},2911401,Halte,"[7.35978, 53.10793]"
26,AWD0001n36,diary,424,5,1916-04-07 00:00:00 UTC,7 Apr 1916,Meaulte,"[2.66121, 49.98167]","",activity,movement,{},2911401,Halte,"[7.35978, 53.10793]"
27,AWD0001n36,diary,424,2,1916-04-07 00:00:00 UTC,7 Apr 1916,"Meaulte, MEAULTE","[2.66121, 49.98167]","",place,"Meaulte, MEAULTE","{""place""=>[""Meaulte"", ""MEAULTE""], ""location""=>[""true""], ""name""=>[""Méaulte""], ""lat""=>[""49.98167""], ""long""=>[""2.66121""], ""id""=>[""2994803""]}",2994803,Méaulte,"[2.66121, 49.98167]"
28,AWD0001n36,diary,424,5,1916-04-08 00:00:00 UTC,8 Apr 1916,"Meaulte, MEAULTE","[2.66121, 49.98167]","",diaryDate,8 Apr 1916,"{""day""=>[""8""], ""month""=>[""Apr""], ""year""=>[""1916""]}",2994803,Méaulte,"[2.66121, 49.98167]"
29,AWD0001n36,diary,424,5,1916-04-08 00:00:00 UTC,8 Apr 1916,"Meaulte, MEAULTE","[2.66121, 49.98167]","",activity,training,{},2994803,Méaulte,"[2.66121, 49.98167]"
30,AWD0001n36,diary,424,2,1916-04-08 00:00:00 UTC,8 Apr 1916,"Vaux Sur Somme, VAUX-SUR-SOMME","[2.54952, 49.92206]","",place,"Vaux Sur Somme, VAUX-SUR-SOMME","{""place""=>[""Vaux Sur Somme"", ""VAUX-SUR-SOMME""], ""location""=>[""true""], ""name""=>[""Vaux-sur-Somme""], ""lat""=>[""49.92206""], ""long""=>[""2.54952"", ""2.54953""], ""id""=>[""2970311""]}",2970311,Vaux-sur-Somme,"[2.54952, 49.92206]"
32,AWD0001n36,diary,424,2,1916-04-08 00:00:00 UTC,8 Apr 1916,Vaux,"[1.83695, 43.45599]","",place,Vaux,"{""place""=>[""Vaux""], ""location""=>[""true""], ""name""=>[""Vaux""], ""lat""=>[""43.45599""], ""long""=>[""1.83695""], ""id""=>[""2970391""]}",2970391,Vaux,"[1.83695, 43.45599]"
33,AWD0001n36,diary,424,3,1916-04-08 00:00:00 UTC,8 Apr 1916,Vaux Sur Somme,"[2.54952, 49.92206]","",place,Vaux Sur Somme,"{""place""=>[""Vaux Sur Somme""], ""location""=>[""true""], ""name""=>[""Vaux-sur-Somme""], ""lat""=>[""49.92206""], ""long""=>[""2.54952""], ""id""=>[""2970311""]}",2970311,Vaux-sur-Somme,"[2.54952, 49.92206]"
34,AWD0001n36,diary,424,5,1916-04-09 00:00:00 UTC,9 Apr 1916,Vaux Sur Somme,"[2.54952, 49.92206]","",diaryDate,9 Apr 1916,"{""day""=>[""9""], ""month""=>[""Apr""], ""year""=>[""1916""]}",2970311,Vaux-sur-Somme,"[2.54952, 49.92206]"
35,AWD0001n36,diary,424,5,1916-04-09 00:00:00 UTC,9 Apr 1916,Vaux Sur Somme,"[2.54952, 49.92206]","",domestic,religion,{},2970311,Vaux-sur-Somme,"[2.54952, 49.92206]"
36,AWD0001n36,diary,424,4,1916-04-09 00:00:00 UTC,9 Apr 1916,Vaux Sur Somme,"[2.54952, 49.92206]","",activity,training,{},2970311,Vaux-sur-Somme,"[2.54952, 49.92206]"
37,AWD0001n36,diary,424,2,1916-04-09 00:00:00 UTC,9 Apr 1916,Vaux Sur Somme,"[2.54952, 49.92206]","",activity,movement,{},2970311,Vaux-sur-Somme,"[2.54952, 49.92206]"
38,AWD0001n36,diary,424,5,1916-04-10 00:00:00 UTC,10 Apr 1916,Vaux Sur Somme,"[2.54952, 49.92206]","",diaryDate,10 Apr 1916,"{""day""=>[""10""], ""month""=>[""Apr""], ""year""=>[""1916""]}",2970311,Vaux-sur-Somme,"[2.54952, 49.92206]"
41,AWD0001n36,diary,424,5,1916-04-10 00:00:00 UTC,10 Apr 1916,Vaux Sur Somme,"[2.54952, 49.92206]","",activity,training,{},2970311,Vaux-sur-Somme,"[2.54952, 49.92206]"
42,AWD0001n36,diary,424,5,1916-04-11 00:00:00 UTC,11 Apr 1916,Vaux Sur Somme,"[2.54952, 49.92206]","",diaryDate,11 Apr 1916,"{""day""=>[""11""], ""month""=>[""Apr""], ""year""=>[""1916""]}",2970311,Vaux-sur-Somme,"[2.54952, 49.92206]"
43,AWD0001n36,diary,424,2,1916-04-11 00:00:00 UTC,11 Apr 1916,Vaux,"[1.83695, 43.45599]","",place,Vaux,"{""place""=>[""Vaux""], ""location""=>[""true""], ""name""=>[""Vaux""], ""lat""=>[""43.45599""], ""long""=>[""1.83695""], ""id""=>[""2970391""]}",2970391,Vaux,"[1.83695, 43.45599]"
45,AWD0001n36,diary,424,2,1916-04-11 00:00:00 UTC,11 Apr 1916,Vaux,"[1.83695, 43.45599]","",activity,movement,{},2970391,Vaux,"[1.83695, 43.45599]"
46,AWD0001n36,diary,424,4,1916-04-12 00:00:00 UTC,12 Apr 1916,Vaux,"[1.83695, 43.45599]","",diaryDate,12 Apr 1916,"{""day""=>[""12""], ""month""=>[""Apr""], ""year""=>[""1916""]}",2970391,Vaux,"[1.83695, 43.45599]"
47,AWD0001n36,diary,424,2,1916-04-12 00:00:00 UTC,12 Apr 1916,Vaux Sur Somme,"[2.54952, 49.92206]","",place,Vaux Sur Somme,"{""place""=>[""Vaux Sur Somme""], ""location""=>[""true""], ""name""=>[""Vaux-sur-Somme""], ""lat""=>[""49.92206""], ""long""=>[""2.54952""], ""id""=>[""2970311""]}",2970311,Vaux-sur-Somme,"[2.54952, 49.92206]"
48,AWD0001n36,diary,424,7,1916-04-12 00:00:00 UTC,12 Apr 1916,Vaux Sur Somme,"[2.54952, 49.92206]","",activity,training,{},2970311,Vaux-sur-Somme,"[2.54952, 49.92206]"
49,AWD0001n36,diary,424,5,1916-04-13 00:00:00 UTC,13 Apr 1916,Vaux Sur Somme,"[2.54952, 49.92206]","",diaryDate,13 Apr 1916,"{""day""=>[""13""], ""month""=>[""Apr""], ""year""=>[""1916""]}",2970311,Vaux-sur-Somme,"[2.54952, 49.92206]"
53,AWD0001n36,diary,424,4,1916-04-13 00:00:00 UTC,13 Apr 1916,Vaux Sur Somme,"[2.54952, 49.92206]","",activity,training,{},2970311,Vaux-sur-Somme,"[2.54952, 49.92206]"
1,AWD0001n13,diary,425,5,1916-04-14 00:00:00 UTC,14 Apr 1916,Vaux Sur Somme,"[2.54952, 49.92206]","",diaryDate,14 Apr 1916,"{""day""=>[""14""], ""month""=>[""Apr""], ""year""=>[""1916""]}",2970311,Vaux-sur-Somme,"[2.54952, 49.92206]"
2,AWD0001n13,diary,425,4,1916-04-14 00:00:00 UTC,14 Apr 1916,"Vaux-sur-Somme, VAUX-SUR-SOMME, Vaux sur Somme, Vaux sue Somme","[2.54952, 49.92206]","",place,"Vaux-sur-Somme, VAUX-SUR-SOMME, Vaux sur Somme, Vaux sue Somme","{""place""=>[""Vaux-sur-Somme"", ""VAUX-SUR-SOMME"", ""Vaux sur Somme"", ""Vaux sue Somme""], ""location""=>[""true""], ""name""=>[""Vaux-sur-Somme""], ""lat""=>[""49.92206""], ""long""=>[""2.54952""], ""id""=>[""2970311""]}",2970311,Vaux-sur-Somme,"[2.54952, 49.92206]"
4,AWD0001n13,diary,425,4,1916-04-14 00:00:00 UTC,14 Apr 1916,"Vaux-sur-Somme, VAUX-SUR-SOMME, Vaux sur Somme, Vaux sue Somme","[2.54952, 49.92206]","",activity,training,{},2970311,Vaux-sur-Somme,"[2.54952, 49.92206]"
5,AWD0001n13,diary,425,4,1916-04-15 00:00:00 UTC,15 Apr 1916,"Vaux-sur-Somme, VAUX-SUR-SOMME, Vaux sur Somme, Vaux sue Somme","[2.54952, 49.92206]","",diaryDate,15 Apr 1916,"{""day""=>[""15""], ""month""=>[""Apr""], ""year""=>[""1916""]}",2970311,Vaux-sur-Somme,"[2.54952, 49.92206]"
6,AWD0001n13,diary,425,4,1916-04-15 00:00:00 UTC,15 Apr 1916,"Vaux-sur-Somme, VAUX-SUR-SOMME, Vaux sur Somme, Vaux sue Somme","[2.54952, 49.92206]","",activity,training,{},2970311,Vaux-sur-Somme,"[2.54952, 49.92206]"
8,AWD0001n13,diary,425,2,1916-04-15 00:00:00 UTC,15 Apr 1916,Vaux,"[1.83695, 43.45599]","",place,Vaux,"{""place""=>[""Vaux""], ""location""=>[""true""], ""name""=>[""Vaux""], ""lat""=>[""43.45599""], ""long""=>[""1.83695""], ""id""=>[""2970391""]}",2970391,Vaux,"[1.83695, 43.45599]"
10,AWD0001n13,diary,425,3,1916-04-15 00:00:00 UTC,15 Apr 1916,Vaux,"[1.83695, 43.45599]","",activity,training,{},2970391,Vaux,"[1.83695, 43.45599]"
11,AWD0001n13,diary,425,4,1916-04-16 00:00:00 UTC,16 Apr 1916,Vaux,"[1.83695, 43.45599]","",diaryDate,16 Apr 1916,"{""day""=>[""16""], ""month""=>[""Apr""], ""year""=>[""1916""]}",2970391,Vaux,"[1.83695, 43.45599]"
12,AWD0001n13,diary,425,5,1916-04-16 00:00:00 UTC,16 Apr 1916,Vaux,"[1.83695, 43.45599]","",domestic,religion,{},2970391,Vaux,"[1.83695, 43.45599]"
14,AWD0001n13,diary,425,2,1916-04-16 00:00:00 UTC,16 Apr 1916,Vaux,"[1.83695, 43.45599]","",place,Vaux sur Somme,"{""place""=>[""Vaux sur Somme""], ""location""=>[""false"", ""true""], ""name""=>["""", ""Vaux-sur-Somme""], ""lat""=>["""", ""49.92206""], ""long""=>["""", ""2.54952""], ""id""=>["""", ""2970311""]}",2970391,Vaux,"[1.83695, 43.45599]"
15,AWD0001n13,diary,425,4,1916-04-17 00:00:00 UTC,17 Apr 1916,Vaux,"[1.83695, 43.45599]","",diaryDate,17 Apr 1916,"{""day""=>[""17""], ""month""=>[""Apr""], ""year""=>[""1916""]}",2970391,Vaux,"[1.83695, 43.45599]"
18,AWD0001n13,diary,425,9,1916-04-17 00:00:00 UTC,17 Apr 1916,Vaux,"[1.83695, 43.45599]","",activity,training,{},2970391,Vaux,"[1.83695, 43.45599]"
19,AWD0001n13,diary,425,3,1916-04-18 00:00:00 UTC,18 Apr 1916,Vaux,"[1.83695, 43.45599]","",diaryDate,18 Apr 1916,"{""day""=>[""18""], ""month""=>[""Apr""], ""year""=>[""1916""]}",2970391,Vaux,"[1.83695, 43.45599]"
21,AWD0001n13,diary,425,2,1916-04-18 00:00:00 UTC,18 Apr 1916,Vaux,"[1.83695, 43.45599]","",place,Vaux,"{""place""=>[""Vaux""], ""location""=>[""true""], ""name""=>[""Vaux""], ""lat""=>[""43.45599""], ""long""=>[""1.83695""], ""id""=>[""2970391""]}",2970391,Vaux,"[1.83695, 43.45599]"
22,AWD0001n13,diary,425,4,1916-04-19 00:00:00 UTC,19 Apr 1916,Vaux,"[1.83695, 43.45599]","",diaryDate,19 Apr 1916,"{""day""=>[""19""], ""month""=>[""Apr""], ""year""=>[""1916""]}",2970391,Vaux,"[1.83695, 43.45599]"
23,AWD0001n13,diary,425,6,1916-04-19 00:00:00 UTC,19 Apr 1916,Vaux,"[1.83695, 43.45599]","",activity,training,{},2970391,Vaux,"[1.83695, 43.45599]"
24,AWD0001n13,diary,425,4,1916-04-20 00:00:00 UTC,20 Apr 1916,Vaux,"[1.83695, 43.45599]","",diaryDate,20 Apr 1916,"{""day""=>[""20""], ""month""=>[""Apr""], ""year""=>[""1916""]}",2970391,Vaux,"[1.83695, 43.45599]"
25,AWD0001n13,diary,425,2,1916-04-20 00:00:00 UTC,20 Apr 1916,Vaux sur Somme,"[2.54952, 49.92206]","",place,Vaux sur Somme,"{""place""=>[""Vaux sur Somme""], ""location""=>[""true""], ""name""=>[""Vaux-sur-Somme"", """"], ""lat""=>[""49.92206"", """"], ""long""=>[""2.54952"", """"], ""id""=>[""2970311"", """"]}",2970311,Vaux-sur-Somme,"[2.54952, 49.92206]"
27,AWD0001n13,diary,425,5,1916-04-20 00:00:00 UTC,20 Apr 1916,Vaux sur Somme,"[2.54952, 49.92206]","",activity,training,{},2970311,Vaux-sur-Somme,"[2.54952, 49.92206]"
28,AWD0001n13,diary,425,5,1916-04-21 00:00:00 UTC,21 Apr 1916,Vaux sur Somme,"[2.54952, 49.92206]","",diaryDate,21 Apr 1916,"{""day""=>[""21""], ""month""=>[""Apr""], ""year""=>[""1916""]}",2970311,Vaux-sur-Somme,"[2.54952, 49.92206]"
29,AWD0001n13,diary,425,3,1916-04-21 00:00:00 UTC,21 Apr 1916,Grove Town Camp,"[0.0, 0.0]","",place,Grove Town Camp,"{""place""=>[""Grove Town Camp""], ""location""=>[""true""], ""name""=>[""""], ""lat""=>[""""], ""long""=>[""""], ""id""=>[""""]}",3030459,Bray-sur-Somme,"[2.71847, 49.94085]"
30,AWD0001n13,diary,425,4,1916-04-21 00:00:00 UTC,21 Apr 1916,Grove Town Camp,"[0.0, 0.0]","",activity,movement,{},3030459,Bray-sur-Somme,"[2.71847, 49.94085]"
32,AWD0001n13,diary,425,2,1916-04-21 00:00:00 UTC,21 Apr 1916,Vaux,"[1.83695, 43.45599]","",place,Vaux,"{""place""=>[""Vaux""], ""location""=>[""true""], ""name""=>[""Vaux""], ""lat""=>[""43.45599""], ""long""=>[""1.83695""], ""id""=>[""2970391""]}",2970391,Vaux,"[1.83695, 43.45599]"
33,AWD0001n13,diary,425,2,1916-04-21 00:00:00 UTC,21 Apr 1916,Vaux,"[1.83695, 43.45599]","",activity,other,{},2970391,Vaux,"[1.83695, 43.45599]"
34,AWD0001n13,diary,425,4,1916-04-22 00:00:00 UTC,22 Apr 1916,Vaux,"[1.83695, 43.45599]","",diaryDate,22 Apr 1916,"{""day""=>[""22""], ""month""=>[""Apr""], ""year""=>[""1916""]}",2970391,Vaux,"[1.83695, 43.45599]"
35,AWD0001n13,diary,425,2,1916-04-22 00:00:00 UTC,22 Apr 1916,Vaux sur Somme,"[2.54952, 49.92206]","",place,Vaux sur Somme,"{""place""=>[""Vaux sur Somme""], ""location""=>[""true""], ""name""=>[""Vaux-sur-Somme""], ""lat""=>[""49.92206""], ""long""=>[""2.54952""], ""id""=>[""2970311""]}",2970311,Vaux-sur-Somme,"[2.54952, 49.92206]"
41,AWD0001n13,diary,425,4,1916-04-23 00:00:00 UTC,23 Apr 1916,Vaux sur Somme,"[2.54952, 49.92206]","",diaryDate,23 Apr 1916,"{""day""=>[""23""], ""month""=>[""Apr""], ""year""=>[""1916""]}",2970311,Vaux-sur-Somme,"[2.54952, 49.92206]"
43,AWD0001n13,diary,425,2,1916-04-23 00:00:00 UTC,23 Apr 1916,Vaux,"[1.83695, 43.45599]","",place,Vaux,"{""place""=>[""Vaux""], ""location""=>[""true""], ""name""=>[""Vaux""], ""lat""=>[""43.45599""], ""long""=>[""1.83695""], ""id""=>[""2970391""]}",2970391,Vaux,"[1.83695, 43.45599]"
44,AWD0001n13,diary,425,6,1916-04-23 00:00:00 UTC,23 Apr 1916,Vaux,"[1.83695, 43.45599]","",activity,training,{},2970391,Vaux,"[1.83695, 43.45599]"
45,AWD0001n13,diary,425,2,1916-04-24 00:00:00 UTC,24 Apr 1916,Vaux,"[1.83695, 43.45599]","",diaryDate,24 Apr 1916,"{""day""=>[""24""], ""month""=>[""Apr""], ""year""=>[""1916""]}",2970391,Vaux,"[1.83695, 43.45599]"
46,AWD0001n13,diary,425,2,1916-04-24 00:00:00 UTC,24 Apr 1916,Vaux sur Somme,"[2.54952, 49.92206]","",place,Vaux sur Somme,"{""place""=>[""Vaux sur Somme""], ""location""=>[""true""], ""name""=>[""Vaux-sur-Somme""], ""lat""=>[""49.92206""], ""long""=>[""2.54952""], ""id""=>[""2970311""]}",2970311,Vaux-sur-Somme,"[2.54952, 49.92206]"
47,AWD0001n13,diary,425,2,1916-04-24 00:00:00 UTC,24 Apr 1916,Vaux sur Somme,"[2.54952, 49.92206]","",diaryDate,24 Apr 1916,"{""day""=>[""24""], ""month""=>[""Apr""], ""year""=>[""1916""]}",2970311,Vaux-sur-Somme,"[2.54952, 49.92206]"
49,AWD0001n13,diary,425,5,1916-04-25 00:00:00 UTC,25 Apr 1916,Vaux sur Somme,"[2.54952, 49.92206]","",diaryDate,25 Apr 1916,"{""day""=>[""25""], ""month""=>[""Apr""], ""year""=>[""1916""]}",2970311,Vaux-sur-Somme,"[2.54952, 49.92206]"
50,AWD0001n13,diary,425,4,1916-04-25 00:00:00 UTC,25 Apr 1916,Vaux sur Somme,"[2.54952, 49.92206]","",activity,movement,{},2970311,Vaux-sur-Somme,"[2.54952, 49.92206]"
51,AWD0001n13,diary,425,4,1916-04-25 00:00:00 UTC,25 Apr 1916,Bois des Tailles,"[1.18406, 46.56723]","",place,Bois des Tailles,"{""place""=>[""Bois des Tailles""], ""location""=>[""true""], ""name""=>["""", ""Bois des Tailles""], ""lat""=>["""", ""46.56723""], ""long""=>["""", ""1.18406""], ""id""=>["""", ""2973544""]}",2973544,Bois des Tailles,"[1.18406, 46.56723]"
53,AWD0001n13,diary,425,3,1916-04-25 00:00:00 UTC,25 Apr 1916,Bois des Tailles,"[1.18406, 46.56723]","",place,Bois des Tailles,"{""place""=>[""Bois des Tailles""], ""location""=>[""true""], ""name""=>[""Bois des Tailles""], ""lat""=>[""46.56723""], ""long""=>[""1.18406""], ""id""=>[""2973544""]}",2973544,Bois des Tailles,"[1.18406, 46.56723]"
1,AWD0001mzu,diary,426,5,1916-04-26 00:00:00 UTC,26 Apr 1916,Bois des Tailles,"[1.18406, 46.56723]","",diaryDate,26 Apr 1916,"{""day""=>[""26""], ""month""=>[""Apr""], ""year""=>[""1916""]}",2973544,Bois des Tailles,"[1.18406, 46.56723]"
2,AWD0001mzu,diary,426,5,1916-04-26 00:00:00 UTC,26 Apr 1916,Bois des Tailles,"[1.18406, 46.56723]","",place,Bois des Tailles,"{""place""=>[""Bois des Tailles""], ""location""=>[""true""], ""name""=>[""Bois des Tailles""], ""lat""=>[""46.56723""], ""long""=>[""1.18406""], ""id""=>[""2973544""]}",2973544,Bois des Tailles,"[1.18406, 46.56723]"
3,AWD0001mzu,diary,426,2,1916-04-26 00:00:00 UTC,26 Apr 1916,Bois des Tailles,"[1.18406, 46.56723]","",activity,other,{},2973544,Bois des Tailles,"[1.18406, 46.56723]"
4,AWD0001mzu,diary,426,3,1916-04-26 00:00:00 UTC,26 Apr 1916,Grovetown,"[0.0, 0.0]","",place,Grovetown,"{""place""=>[""Grovetown""], ""location""=>[""true""], ""name""=>[""""], ""lat""=>[""""], ""long""=>[""""], ""id""=>[""""]}",3030478,Bray,"[1.28272, 49.9086]"
5,AWD0001mzu,diary,426,5,1916-04-27 00:00:00 UTC,27 Apr 1916,Grovetown,"[0.0, 0.0]","",diaryDate,27 Apr 1916,"{""day""=>[""27""], ""month""=>[""Apr""], ""year""=>[""1916""]}",3030478,Bray,"[1.28272, 49.9086]"
7,AWD0001mzu,diary,426,5,1916-04-27 00:00:00 UTC,27 Apr 1916,Grovetown,"[0.0, 0.0]","",activity,movement,{},3030478,Bray,"[1.28272, 49.9086]"
8,AWD0001mzu,diary,426,3,1916-04-27 00:00:00 UTC,27 Apr 1916,"La Bray, Bray, BRAY","[0.0, 0.0]","",place,"La Bray, Bray, BRAY","{""place""=>[""La Bray"", ""Bray"", ""BRAY""], ""location""=>[""true""], ""name""=>[""""], ""lat""=>[""""], ""long""=>[""""], ""id""=>[""""]}",,,
12,AWD0001mzu,diary,426,5,1916-04-28 00:00:00 UTC,28 Apr 1916,"La Bray, Bray, BRAY","[0.0, 0.0]","",diaryDate,28 Apr 1916,"{""day""=>[""28""], ""month""=>[""Apr""], ""year""=>[""1916""]}",,,
13,AWD0001mzu,diary,426,2,1916-04-28 00:00:00 UTC,28 Apr 1916,Grantown,"[0.0, 0.0]","",place,Grantown,"{""place""=>[""Grantown""], ""location""=>[""true""], ""name""=>[""""], ""lat""=>[""""], ""long""=>[""""], ""id""=>[""""]}",2991769,Morlancourt,"[2.6304, 49.95113]"
14,AWD0001mzu,diary,426,5,1916-04-28 00:00:00 UTC,28 Apr 1916,Grantown,"[0.0, 0.0]","",activity,working,{},2991769,Morlancourt,"[2.6304, 49.95113]"
16,AWD0001mzu,diary,426,5,1916-04-29 00:00:00 UTC,29 Apr 1916,Grantown,"[0.0, 0.0]","",diaryDate,29 Apr 1916,"{""day""=>[""29""], ""month""=>[""Apr""], ""year""=>[""1916""]}",2991769,Morlancourt,"[2.6304, 49.95113]"
18,AWD0001mzu,diary,426,5,1916-04-29 00:00:00 UTC,29 Apr 1916,Grantown,"[0.0, 0.0]","",activity,working,{},2991769,Morlancourt,"[2.6304, 49.95113]"
19,AWD0001mzu,diary,426,5,1916-04-30 00:00:00 UTC,30 Apr 1916,Grantown,"[0.0, 0.0]","",diaryDate,30 Apr 1916,"{""day""=>[""30""], ""month""=>[""Apr""], ""year""=>[""1916""]}",2991769,Morlancourt,"[2.6304, 49.95113]"
21,AWD0001mzu,diary,426,5,1916-04-30 00:00:00 UTC,30 Apr 1916,Grantown,"[0.0, 0.0]","",activity,working,{},2991769,Morlancourt,"[2.6304, 49.95113]"
22,AWD0001mzu,diary,426,5,1916-04-30 00:00:00 UTC,30 Apr 1916,Grantown,"[0.0, 0.0]","",person,Major A J Graham,"{""first""=>[""A J""], ""surname""=>[""Graham""], ""rank""=>[""Major""], ""number""=>[""""], ""reason""=>[""author""], ""unit""=>[""""]}",2991769,Morlancourt,"[2.6304, 49.95113]"
1,AWD0001mzn,diary,428,6,1916-05-01 00:00:00 UTC,1 May 1916,Grantown,"[0.0, 0.0]","",diaryDate,1 May 1916,"{""day""=>[""1""], ""month""=>[""May""], ""year""=>[""1916""]}",2991769,Morlancourt,"[2.6304, 49.95113]"
2,AWD0001mzn,diary,428,2,1916-05-01 00:00:00 UTC,1 May 1916,Grantown,"[0.0, 0.0]","",place,"Le Bray, Bray","{""place""=>[""Le Bray"", ""Bray""], ""location""=>[""false"", ""true""], ""name""=>["""", ""Bray-sur-Somme""], ""lat""=>["""", ""49.94085""], ""long""=>["""", ""2.71847""], ""id""=>["""", ""3030459""]}",2991769,Morlancourt,"[2.6304, 49.95113]"
3,AWD0001mzn,diary,428,2,1916-05-01 00:00:00 UTC,1 May 1916,"Bray-sur-somme, Bray sur Somme","[2.71847, 49.94085]","",place,"Bray-sur-somme, Bray sur Somme","{""place""=>[""Bray-sur-somme"", ""Bray sur Somme""], ""location""=>[""true""], ""name""=>[""Bray-sur-Somme""], ""lat""=>[""49.94085""], ""long""=>[""2.71847""], ""id""=>[""3030459""]}",3030459,Bray-sur-Somme,"[2.71847, 49.94085]"
4,AWD0001mzn,diary,428,5,1916-05-01 00:00:00 UTC,1 May 1916,Bray,"[2.71847, 49.94085]","",place,Bray,"{""place""=>[""Bray""], ""location""=>[""true""], ""name""=>["""", ""Bray-sur-Somme""], ""lat""=>["""", ""49.94085""], ""long""=>["""", ""2.71847""], ""id""=>["""", ""3030459""]}",3024793,Clairy-Saulchoix,"[2.17938, 49.85587]"
5,AWD0001mzn,diary,428,3,1916-05-01 00:00:00 UTC,1 May 1916,Bray,"[2.71847, 49.94085]","",domestic,accomodation,{},3024793,Clairy-Saulchoix,"[2.17938, 49.85587]"
6,AWD0001mzn,diary,428,4,1916-05-01 00:00:00 UTC,1 May 1916,Bray,"[2.71847, 49.94085]","",activity,working,{},3024793,Clairy-Saulchoix,"[2.17938, 49.85587]"
8,AWD0001mzn,diary,428,3,1916-05-01 00:00:00 UTC,1 May 1916,Bray,"[2.71847, 49.94085]","",activity,working,{},3024793,Clairy-Saulchoix,"[2.17938, 49.85587]"
9,AWD0001mzn,diary,428,6,1916-05-01 00:00:00 UTC,1 May 1916,"Gran Town, Grantown","[0.0, 0.0]","",place,"Gran Town, Grantown","{""place""=>[""Gran Town"", ""Grantown""], ""location""=>[""true""], ""name""=>[""""], ""lat""=>[""""], ""long""=>[""""], ""id""=>[""""]}",3030478,Bray,"[1.28272, 49.9086]"
10,AWD0001mzn,diary,428,5,1916-05-02 00:00:00 UTC,2 May 1916,"Gran Town, Grantown","[0.0, 0.0]","",diaryDate,2 May 1916,"{""day""=>[""2""], ""month""=>[""May""], ""year""=>[""1916""]}",3030478,Bray,"[1.28272, 49.9086]"
11,AWD0001mzn,diary,428,2,1916-05-02 00:00:00 UTC,2 May 1916,Bray,"[0.0, 0.0]","",place,Bray,"{""place""=>[""Bray""], ""location""=>[""true""], ""name""=>[""Bray-sur-Somme"", ""Bray""], ""lat""=>[""49.94085"", ""49.9086""], ""long""=>[""2.71847"", ""1.28272""], ""id""=>[""3030459"", ""3030478""]}",3024793,Clairy-Saulchoix,"[2.17938, 49.85587]"
12,AWD0001mzn,diary,428,3,1916-05-02 00:00:00 UTC,2 May 1916,Bray,"[0.0, 0.0]","",activity,working,{},3024793,Clairy-Saulchoix,"[2.17938, 49.85587]"
13,AWD0001mzn,diary,428,6,1916-05-03 00:00:00 UTC,3 May 1916,Bray,"[0.0, 0.0]","",diaryDate,3 May 1916,"{""day""=>[""3""], ""month""=>[""May""], ""year""=>[""1916""]}",3024793,Clairy-Saulchoix,"[2.17938, 49.85587]"
14,AWD0001mzn,diary,428,3,1916-05-03 00:00:00 UTC,3 May 1916,Bray,"[0.0, 0.0]","",activity,working,{},3024793,Clairy-Saulchoix,"[2.17938, 49.85587]"
15,AWD0001mzn,diary,428,2,1916-05-03 00:00:00 UTC,3 May 1916,Bray,"[0.0, 0.0]","",place,Bray,"{""place""=>[""Bray""], ""location""=>[""true""], ""name""=>[""Bray-sur-Somme"", ""Bray""], ""lat""=>[""49.94085"", ""49.9086""], ""long""=>[""2.71847"", ""1.28272""], ""id""=>[""3030459"", ""3030478""]}",3024793,Clairy-Saulchoix,"[2.17938, 49.85587]"
18,AWD0001mzn,diary,428,6,1916-05-04 00:00:00 UTC,4 May 1916,Bray,"[0.0, 0.0]","",diaryDate,4 May 1916,"{""day""=>[""4""], ""month""=>[""May""], ""year""=>[""1916""]}",3024793,Clairy-Saulchoix,"[2.17938, 49.85587]"
19,AWD0001mzn,diary,428,6,1916-05-04 00:00:00 UTC,4 May 1916,Bray,"[0.0, 0.0]","",unit,2nd Gordons,"{""name""=>[""2nd Gordons""], ""context""=>[""relieved""]}",3024793,Clairy-Saulchoix,"[2.17938, 49.85587]"
21,AWD0001mzn,diary,428,2,1916-05-04 00:00:00 UTC,4 May 1916,Bray,"[0.0, 0.0]","",unit,"21st Manchester Regt., 21st Manchester Regt","{""name""=>[""21st Manchester Regt."", ""21st Manchester Regt""], ""context""=>[""left""]}",3024793,Clairy-Saulchoix,"[2.17938, 49.85587]"
22,AWD0001mzn,diary,428,2,1916-05-04 00:00:00 UTC,4 May 1916,Bray,"[0.0, 0.0]","",unit,"20th Manchester, 21ST MANCHESTER","{""name""=>[""20th Manchester"", ""21ST MANCHESTER""], ""context""=>[""left""]}",3024793,Clairy-Saulchoix,"[2.17938, 49.85587]"
23,AWD0001mzn,diary,428,4,1916-05-04 00:00:00 UTC,4 May 1916,Bray,"[0.0, 0.0]","",activity,line,{},3024793,Clairy-Saulchoix,"[2.17938, 49.85587]"
28,AWD0001mzn,diary,428,2,1916-05-04 00:00:00 UTC,4 May 1916,Bray,"[0.0, 0.0]","",unit,"Soth Staffords, S. Staffords","{""name""=>[""Soth Staffords"", ""S. Staffords""], ""context""=>[""right""]}",3024793,Clairy-Saulchoix,"[2.17938, 49.85587]"
30,AWD0001mzn,diary,428,2,1916-05-04 00:00:00 UTC,4 May 1916,Bray,"[0.0, 0.0]","",unit,"1/S. STAFFORDS, 1 S. Staffords","{""name""=>[""1/S. STAFFORDS"", ""1 S. Staffords""], ""context""=>[""right""]}",3024793,Clairy-Saulchoix,"[2.17938, 49.85587]"
31,AWD0001mzn,diary,428,5,1916-05-05 00:00:00 UTC,5 May 1916,Bray,"[0.0, 0.0]","",diaryDate,5 May 1916,"{""day""=>[""5""], ""month""=>[""May""], ""year""=>[""1916""]}",3024793,Clairy-Saulchoix,"[2.17938, 49.85587]"
33,AWD0001mzn,diary,428,4,1916-05-05 00:00:00 UTC,5 May 1916,Bray,"[0.0, 0.0]","",activity,line,{},3024793,Clairy-Saulchoix,"[2.17938, 49.85587]"
37,AWD0001mzn,diary,428,4,1916-05-06 00:00:00 UTC,6 May 1916,Bray,"[0.0, 0.0]","",diaryDate,6 May 1916,"{""day""=>[""6""], ""month""=>[""May""], ""year""=>[""1916""]}",3024793,Clairy-Saulchoix,"[2.17938, 49.85587]"
38,AWD0001mzn,diary,428,4,1916-05-06 00:00:00 UTC,6 May 1916,Bray,"[0.0, 0.0]","",activity,line,{},3024793,Clairy-Saulchoix,"[2.17938, 49.85587]"
39,AWD0001mzn,diary,428,4,1916-05-07 00:00:00 UTC,7 May 1916,Bray,"[0.0, 0.0]","",diaryDate,7 May 1916,"{""day""=>[""7""], ""month""=>[""May""], ""year""=>[""1916""]}",3024793,Clairy-Saulchoix,"[2.17938, 49.85587]"
40,AWD0001mzn,diary,428,4,1916-05-07 00:00:00 UTC,7 May 1916,Bray,"[0.0, 0.0]","",activity,line,{},3024793,Clairy-Saulchoix,"[2.17938, 49.85587]"
41,AWD0001mzn,diary,428,4,1916-05-08 00:00:00 UTC,8 May 1916,Bray,"[0.0, 0.0]","",diaryDate,8 May 1916,"{""day""=>[""8""], ""month""=>[""May""], ""year""=>[""1916""]}",3024793,Clairy-Saulchoix,"[2.17938, 49.85587]"
42,AWD0001mzn,diary,428,4,1916-05-08 00:00:00 UTC,8 May 1916,Bray,"[0.0, 0.0]","",activity,line,{},3024793,Clairy-Saulchoix,"[2.17938, 49.85587]"
43,AWD0001mzn,diary,428,4,1916-05-09 00:00:00 UTC,9 May 1916,Bray,"[0.0, 0.0]","",diaryDate,9 May 1916,"{""day""=>[""9""], ""month""=>[""May""], ""year""=>[""1916""]}",3024793,Clairy-Saulchoix,"[2.17938, 49.85587]"
44,AWD0001mzn,diary,428,6,1916-05-09 00:00:00 UTC,9 May 1916,Bray,"[0.0, 0.0]","",activity,line,{},3024793,Clairy-Saulchoix,"[2.17938, 49.85587]"
45,AWD0001mzn,diary,428,5,1916-05-10 00:00:00 UTC,10 May 1916,Bray,"[0.0, 0.0]","",diaryDate,10 May 1916,"{""day""=>[""10""], ""month""=>[""May""], ""year""=>[""1916""]}",3024793,Clairy-Saulchoix,"[2.17938, 49.85587]"
46,AWD0001mzn,diary,428,5,1916-05-10 00:00:00 UTC,10 May 1916,Bray,"[0.0, 0.0]","",unit,2nd Queens,"{""name""=>[""2nd Queens""], ""context""=>[""right""]}",3024793,Clairy-Saulchoix,"[2.17938, 49.85587]"
47,AWD0001mzn,diary,428,4,1916-05-10 00:00:00 UTC,10 May 1916,Bray,"[0.0, 0.0]","",unit,1st W. Fusiliers,"{""name""=>[""1st W. Fusiliers""], ""context""=>[""left""]}",3024793,Clairy-Saulchoix,"[2.17938, 49.85587]"
49,AWD0001mzn,diary,428,5,1916-05-11 00:00:00 UTC,11 May 1916,Bray,"[0.0, 0.0]","",diaryDate,11 May 1916,"{""day""=>[""11""], ""month""=>[""May""], ""year""=>[""1916""]}",3024793,Clairy-Saulchoix,"[2.17938, 49.85587]"
50,AWD0001mzn,diary,428,5,1916-05-11 00:00:00 UTC,11 May 1916,Bray,"[0.0, 0.0]","",activity,line,{},3024793,Clairy-Saulchoix,"[2.17938, 49.85587]"
51,AWD0001mzn,diary,428,6,1916-05-12 00:00:00 UTC,12 May 1916,Bray,"[0.0, 0.0]","",diaryDate,12 May 1916,"{""day""=>[""12""], ""month""=>[""May""], ""year""=>[""1916""]}",3024793,Clairy-Saulchoix,"[2.17938, 49.85587]"
52,AWD0001mzn,diary,428,2,1916-05-12 00:00:00 UTC,12 May 1916,Bray,"[0.0, 0.0]","",activity,line,{},3024793,Clairy-Saulchoix,"[2.17938, 49.85587]"
53,AWD0001mzn,diary,428,4,1916-05-12 00:00:00 UTC,12 May 1916,Bray,"[0.0, 0.0]","",unit,Gordon Highlanders,"{""name""=>[""Gordon Highlanders""], ""context""=>[""relieved_by""]}",3024793,Clairy-Saulchoix,"[2.17938, 49.85587]"
55,AWD0001mzn,diary,428,3,1916-05-12 00:00:00 UTC,12 May 1916,Grantown,"[0.0, 0.0]","",place,Grantown,"{""place""=>[""Grantown""], ""location""=>[""true""], ""name""=>[""""], ""lat""=>[""""], ""long""=>[""""], ""id""=>[""""]}",2991769,Morlancourt,"[2.6304, 49.95113]"
58,AWD0001mzn,diary,428,7,1916-05-12 00:00:00 UTC,12 May 1916,Grovetown,"[0.0, 0.0]","",place,Grovetown,"{""place""=>[""Grovetown""], ""location""=>[""true""], ""name""=>[""""], ""lat""=>[""""], ""long""=>[""""], ""id""=>[""""]}",3030478,Bray,"[1.28272, 49.9086]"
1,AWD0001myw,diary,429,6,1916-05-13 00:00:00 UTC,13 May 1916,Grovetown,"[0.0, 0.0]","",diaryDate,13 May 1916,"{""day""=>[""13""], ""month""=>[""May""], ""year""=>[""1916""]}",3030478,Bray,"[1.28272, 49.9086]"
3,AWD0001myw,diary,429,4,1916-05-13 00:00:00 UTC,13 May 1916,Grovetown,"[0.0, 0.0]","",domestic,accomodation,{},3030478,Bray,"[1.28272, 49.9086]"
4,AWD0001myw,diary,429,5,1916-05-13 00:00:00 UTC,13 May 1916,"Grovetown, Grantown","[0.0, 0.0]","",place,"Grovetown, Grantown","{""place""=>[""Grovetown"", ""Grantown""], ""location""=>[""true""], ""name""=>[""""], ""lat""=>[""""], ""long""=>[""""], ""id""=>[""""]}",2991769,Morlancourt,"[2.6304, 49.95113]"
6,AWD0001myw,diary,429,5,1916-05-13 00:00:00 UTC,13 May 1916,"Grovetown, Grantown","[0.0, 0.0]","",weather,rain,{},2991769,Morlancourt,"[2.6304, 49.95113]"
8,AWD0001myw,diary,429,2,1916-05-13 00:00:00 UTC,13 May 1916,"Grovetown, Grantown","[0.0, 0.0]","",activity,other,{},2991769,Morlancourt,"[2.6304, 49.95113]"
9,AWD0001myw,diary,429,3,1916-05-14 00:00:00 UTC,14 May 1916,"Grovetown, Grantown","[0.0, 0.0]","",diaryDate,14 May 1916,"{""day""=>[""14""], ""month""=>[""May""], ""year""=>[""1916""]}",2991769,Morlancourt,"[2.6304, 49.95113]"
10,AWD0001myw,diary,429,3,1916-05-14 00:00:00 UTC,14 May 1916,Gran Town,"[0.0, 0.0]","",place,Gran Town,"{""place""=>[""Gran Town""], ""location""=>[""true""], ""name""=>[""""], ""lat""=>[""""], ""long""=>[""""], ""id""=>[""""]}",2991769,Morlancourt,"[2.6304, 49.95113]"
12,AWD0001myw,diary,429,2,1916-05-14 00:00:00 UTC,14 May 1916,Gran Town,"[0.0, 0.0]","",activity,resting,{},2991769,Morlancourt,"[2.6304, 49.95113]"
13,AWD0001myw,diary,429,2,1916-05-14 00:00:00 UTC,14 May 1916,Gran Town,"[0.0, 0.0]","",activity,reserve,{},2991769,Morlancourt,"[2.6304, 49.95113]"
14,AWD0001myw,diary,429,5,1916-05-15 00:00:00 UTC,15 May 1916,Gran Town,"[0.0, 0.0]","",diaryDate,15 May 1916,"{""day""=>[""15""], ""month""=>[""May""], ""year""=>[""1916""]}",2991769,Morlancourt,"[2.6304, 49.95113]"
15,AWD0001myw,diary,429,2,1916-05-15 00:00:00 UTC,15 May 1916,"Grove Town, Grean Town","[0.0, 0.0]","",place,"Grove Town, Grean Town","{""place""=>[""Grove Town"", ""Grean Town""], ""location""=>[""true""], ""name""=>[""""], ""lat""=>[""""], ""long""=>[""""], ""id""=>[""""]}",2991769,Morlancourt,"[2.6304, 49.95113]"
17,AWD0001myw,diary,429,6,1916-05-16 00:00:00 UTC,16 May 1916,"Grove Town, Grean Town","[0.0, 0.0]","",diaryDate,16 May 1916,"{""day""=>[""16""], ""month""=>[""May""], ""year""=>[""1916""]}",2991769,Morlancourt,"[2.6304, 49.95113]"
18,AWD0001myw,diary,429,2,1916-05-16 00:00:00 UTC,16 May 1916,"Grove Town, Gran Town","[0.0, 0.0]","",place,"Grove Town, Gran Town","{""place""=>[""Grove Town"", ""Gran Town""], ""location""=>[""true""], ""name""=>[""""], ""lat""=>[""""], ""long""=>[""""], ""id""=>[""""]}",3030478,Bray,"[1.28272, 49.9086]"
19,AWD0001myw,diary,429,6,1916-05-16 00:00:00 UTC,16 May 1916,"Grove Town, Gran Town","[0.0, 0.0]","",person,Lieutenant Colonel J D Ingles,"{""first""=>[""J D""], ""surname""=>[""Ingles""], ""rank""=>[""Lieutenant Colonel""], ""number""=>[""""], ""reason""=>[""promotion""], ""unit""=>["""", ""93RD BDE,31ST DIV"", ""93rd Brigade 34th Division"", ""93rd Brigade"", ""Temp Brig.Gen. Commd. 93 Bde 31 Div."", ""93rd Bde 31st Division""]}",3030478,Bray,"[1.28272, 49.9086]"
20,AWD0001myw,diary,429,2,1916-05-17 00:00:00 UTC,17 May 1916,"Grove Town, Gran Town","[0.0, 0.0]","",diaryDate,17 May 1916,"{""day""=>[""17""], ""month""=>[""May""], ""year""=>[""1916""]}",3030478,Bray,"[1.28272, 49.9086]"
21,AWD0001myw,diary,429,3,1916-05-17 00:00:00 UTC,17 May 1916,"Grove Town, Gran Town","[0.0, 0.0]","",person,Captain B C James,"{""first""=>[""B C""], ""surname""=>[""James""], ""rank""=>[""Captain""], ""number""=>[""""], ""reason""=>[""commander"", ""other"", ""promotion""], ""unit""=>[""8th Devonshires"", """", ""8th Devons""]}",3030478,Bray,"[1.28272, 49.9086]"
22,AWD0001myw,diary,429,2,1916-05-17 00:00:00 UTC,17 May 1916,"Grove Town, Gran Town","[0.0, 0.0]","",activity,reserve,{},3030478,Bray,"[1.28272, 49.9086]"
23,AWD0001myw,diary,429,4,1916-05-17 00:00:00 UTC,17 May 1916,"Grove Town, Gran Town","[0.0, 0.0]","",diaryDate,17 May 1916,"{""day""=>[""17""], ""month""=>[""May""], ""year""=>[""1916""]}",3030478,Bray,"[1.28272, 49.9086]"
25,AWD0001myw,diary,429,2,1916-05-17 00:00:00 UTC,17 May 1916,"Gran Town, Grove Town","[0.0, 0.0]","",place,"Gran Town, Grove Town","{""place""=>[""Gran Town"", ""Grove Town""], ""location""=>[""true""], ""name""=>[""""], ""lat""=>[""""], ""long""=>[""""], ""id""=>[""""]}",2991769,Morlancourt,"[2.6304, 49.95113]"
26,AWD0001myw,diary,429,3,1916-05-17 00:00:00 UTC,17 May 1916,"Gran Town, Grove Town","[0.0, 0.0]","",person,Major B C James,"{""first""=>[""B C""], ""surname""=>[""James""], ""rank""=>[""Major""], ""number""=>[""""], ""reason""=>[""commander""], ""unit""=>[""COMMDG 8TH DEVONS"", ""Town Major & Commdg. 8 Battalion Devonshire Regiment."", """"]}",2991769,Morlancourt,"[2.6304, 49.95113]"
27,AWD0001myw,diary,429,6,1916-05-18 00:00:00 UTC,18 May 1916,"Gran Town, Grove Town","[0.0, 0.0]","",diaryDate,18 May 1916,"{""day""=>[""18""], ""month""=>[""May""], ""year""=>[""1916""]}",2991769,Morlancourt,"[2.6304, 49.95113]"
28,AWD0001myw,diary,429,3,1916-05-18 00:00:00 UTC,18 May 1916,"Gran Town, Grove Town","[0.0, 0.0]","",unit,2nd Gordon Highlanders,"{""name""=>[""2nd Gordon Highlanders""], ""context""=>[""relieved""]}",2991769,Morlancourt,"[2.6304, 49.95113]"
31,AWD0001myw,diary,429,2,1916-05-18 00:00:00 UTC,18 May 1916,"Gran Town, Grove Town","[0.0, 0.0]","",unit,"2/ Gordon Highlanders, 2nd Gordon Highlanders","{""name""=>[""2/ Gordon Highlanders"", ""2nd Gordon Highlanders""], ""context""=>[""relieved""]}",2991769,Morlancourt,"[2.6304, 49.95113]"
35,AWD0001myw,diary,429,5,1916-05-18 00:00:00 UTC,18 May 1916,"Gran Town, Grove Town","[0.0, 0.0]","",activity,line,{},2991769,Morlancourt,"[2.6304, 49.95113]"
36,AWD0001myw,diary,429,4,1916-05-18 00:00:00 UTC,18 May 1916,"Gran Town, Grove Town","[0.0, 0.0]","",unit,20th Manchesters,"{""name""=>[""20th Manchesters""], ""context""=>[""left""]}",2991769,Morlancourt,"[2.6304, 49.95113]"
37,AWD0001myw,diary,429,6,1916-05-19 00:00:00 UTC,19 May 1916,"Gran Town, Grove Town","[0.0, 0.0]","",diaryDate,19 May 1916,"{""day""=>[""19""], ""month""=>[""May""], ""year""=>[""1916""]}",2991769,Morlancourt,"[2.6304, 49.95113]"
39,AWD0001myw,diary,429,2,1916-05-19 00:00:00 UTC,19 May 1916,"Meaulte, MEAULTE","[2.66121, 49.98167]","",place,"Meaulte, MEAULTE","{""place""=>[""Meaulte"", ""MEAULTE""], ""location""=>[""true""], ""name""=>[""Méaulte""], ""lat""=>[""49.98167""], ""long""=>[""2.66121""], ""id""=>[""2994803""]}",2994803,Méaulte,"[2.66121, 49.98167]"
42,AWD0001myw,diary,429,6,1916-05-19 00:00:00 UTC,19 May 1916,"Meaulte, MEAULTE","[2.66121, 49.98167]","",activity,line,{},2994803,Méaulte,"[2.66121, 49.98167]"
43,AWD0001myw,diary,429,4,1916-05-20 00:00:00 UTC,20 May 1916,"Meaulte, MEAULTE","[2.66121, 49.98167]","",diaryDate,20 May 1916,"{""day""=>[""20""], ""month""=>[""May""], ""year""=>[""1916""]}",2994803,Méaulte,"[2.66121, 49.98167]"
44,AWD0001myw,diary,429,4,1916-05-21 00:00:00 UTC,21 May 1916,"Meaulte, MEAULTE","[2.66121, 49.98167]","",diaryDate,21 May 1916,"{""day""=>[""21""], ""month""=>[""May""], ""year""=>[""1916""]}",2994803,Méaulte,"[2.66121, 49.98167]"
45,AWD0001myw,diary,429,3,1916-05-21 00:00:00 UTC,21 May 1916,"Meaulte, MEAULTE","[2.66121, 49.98167]","",activity,line,{},2994803,Méaulte,"[2.66121, 49.98167]"
46,AWD0001myw,diary,429,4,1916-05-22 00:00:00 UTC,22 May 1916,"Meaulte, MEAULTE","[2.66121, 49.98167]","",diaryDate,22 May 1916,"{""day""=>[""22""], ""month""=>[""May""], ""year""=>[""1916""]}",2994803,Méaulte,"[2.66121, 49.98167]"
47,AWD0001myw,diary,429,6,1916-05-22 00:00:00 UTC,22 May 1916,"Meaulte, MEAULTE","[2.66121, 49.98167]","",activity,line,{},2994803,Méaulte,"[2.66121, 49.98167]"
48,AWD0001myw,diary,429,5,1916-05-23 00:00:00 UTC,23 May 1916,"Meaulte, MEAULTE","[2.66121, 49.98167]","",diaryDate,23 May 1916,"{""day""=>[""23""], ""month""=>[""May""], ""year""=>[""1916""]}",2994803,Méaulte,"[2.66121, 49.98167]"
49,AWD0001myw,diary,429,5,1916-05-23 00:00:00 UTC,23 May 1916,"Meaulte, MEAULTE","[2.66121, 49.98167]","",activity,line,{},2994803,Méaulte,"[2.66121, 49.98167]"
50,AWD0001myw,diary,429,6,1916-05-24 00:00:00 UTC,24 May 1916,"Meaulte, MEAULTE","[2.66121, 49.98167]","",diaryDate,24 May 1916,"{""day""=>[""24""], ""month""=>[""May""], ""year""=>[""1916""]}",2994803,Méaulte,"[2.66121, 49.98167]"
51,AWD0001myw,diary,429,4,1916-05-24 00:00:00 UTC,24 May 1916,"Meaulte, MEAULTE","[2.66121, 49.98167]","",unit,1st South Staffords,"{""name""=>[""1st South Staffords""], ""context""=>[""relieved_by""]}",2994803,Méaulte,"[2.66121, 49.98167]"
53,AWD0001myw,diary,429,5,1916-05-24 00:00:00 UTC,24 May 1916,"Meaulte, MEAULTE","[2.66121, 49.98167]","",activity,movement,{},2994803,Méaulte,"[2.66121, 49.98167]"
55,AWD0001myw,diary,429,8,1916-05-24 00:00:00 UTC,24 May 1916,Morlancourt,"[2.6304, 49.95113]","",place,Morlancourt,"{""place""=>[""Morlancourt""], ""location""=>[""true""], ""name""=>[""Morlancourt""], ""lat""=>[""49.95113""], ""long""=>[""2.6304""], ""id""=>[""2991769""]}",2991769,Morlancourt,"[2.6304, 49.95113]"
56,AWD0001myw,diary,429,4,1916-05-24 00:00:00 UTC,24 May 1916,Morlancourt,"[2.6304, 49.95113]","",domestic,accomodation,{},2991769,Morlancourt,"[2.6304, 49.95113]"
1,AWD0001n17,diary,430,5,1916-05-25 00:00:00 UTC,25 May 1916,Morlancourt,"[2.6304, 49.95113]","",diaryDate,25 May 1916,"{""day""=>[""25""], ""month""=>[""May""], ""year""=>[""1916""]}",2991769,Morlancourt,"[2.6304, 49.95113]"
2,AWD0001n17,diary,430,5,1916-05-25 00:00:00 UTC,25 May 1916,Morlancourt,"[2.6304, 49.95113]","",activity,training,{},2991769,Morlancourt,"[2.6304, 49.95113]"
3,AWD0001n17,diary,430,5,1916-05-25 00:00:00 UTC,25 May 1916,Morlancourt,"[2.6304, 49.95113]","",place,Morlancourt,"{""place""=>[""Morlancourt""], ""location""=>[""true""], ""name""=>[""Morlancourt""], ""lat""=>[""49.95113""], ""long""=>[""2.6304""], ""id""=>[""2991769""]}",2991769,Morlancourt,"[2.6304, 49.95113]"
4,AWD0001n17,diary,430,4,1916-05-26 00:00:00 UTC,26 May 1916,Morlancourt,"[2.6304, 49.95113]","",diaryDate,26 May 1916,"{""day""=>[""26""], ""month""=>[""May""], ""year""=>[""1916""]}",2991769,Morlancourt,"[2.6304, 49.95113]"
5,AWD0001n17,diary,430,4,1916-05-26 00:00:00 UTC,26 May 1916,Morlancourt,"[2.6304, 49.95113]","",place,Morlancourt,"{""place""=>[""Morlancourt""], ""location""=>[""true""], ""name""=>[""Morlancourt""], ""lat""=>[""49.95113""], ""long""=>[""2.6304""], ""id""=>[""2991769""]}",2991769,Morlancourt,"[2.6304, 49.95113]"
6,AWD0001n17,diary,430,8,1916-05-26 00:00:00 UTC,26 May 1916,Morlancourt,"[2.6304, 49.95113]","",activity,training,{},2991769,Morlancourt,"[2.6304, 49.95113]"
7,AWD0001n17,diary,430,4,1916-05-27 00:00:00 UTC,27 May 1916,Morlancourt,"[2.6304, 49.95113]","",diaryDate,27 May 1916,"{""day""=>[""27""], ""month""=>[""May""], ""year""=>[""1916""]}",2991769,Morlancourt,"[2.6304, 49.95113]"
8,AWD0001n17,diary,430,4,1916-05-28 00:00:00 UTC,28 May 1916,Morlancourt,"[2.6304, 49.95113]","",diaryDate,28 May 1916,"{""day""=>[""28""], ""month""=>[""May""], ""year""=>[""1916""]}",2991769,Morlancourt,"[2.6304, 49.95113]"
9,AWD0001n17,diary,430,3,1916-05-28 00:00:00 UTC,28 May 1916,Morlancourt,"[2.6304, 49.95113]","",activity,training,{},2991769,Morlancourt,"[2.6304, 49.95113]"
10,AWD0001n17,diary,430,2,1916-05-29 00:00:00 UTC,29 May 1916,Morlancourt,"[2.6304, 49.95113]","",diaryDate,29 May 1916,"{""day""=>[""29""], ""month""=>[""May""], ""year""=>[""1916""]}",2991769,Morlancourt,"[2.6304, 49.95113]"
11,AWD0001n17,diary,430,5,1916-05-29 00:00:00 UTC,29 May 1916,Morlancourt,"[2.6304, 49.95113]","",activity,training,{},2991769,Morlancourt,"[2.6304, 49.95113]"
12,AWD0001n17,diary,430,4,1916-05-29 00:00:00 UTC,29 May 1916,Morlancourt,"[2.6304, 49.95113]","",place,Morlancourt,"{""place""=>[""Morlancourt""], ""location""=>[""true""], ""name""=>[""Morlancourt""], ""lat""=>[""49.95113""], ""long""=>[""2.6304""], ""id""=>[""2991769""]}",2991769,Morlancourt,"[2.6304, 49.95113]"
13,AWD0001n17,diary,430,2,1916-05-29 00:00:00 UTC,29 May 1916,Morlancourt,"[2.6304, 49.95113]","",diaryDate,29 May 1916,"{""day""=>[""29""], ""month""=>[""May""], ""year""=>[""1916""]}",2991769,Morlancourt,"[2.6304, 49.95113]"
14,AWD0001n17,diary,430,4,1916-05-30 00:00:00 UTC,30 May 1916,Morlancourt,"[2.6304, 49.95113]","",diaryDate,30 May 1916,"{""day""=>[""30""], ""month""=>[""May""], ""year""=>[""1916""]}",2991769,Morlancourt,"[2.6304, 49.95113]"
15,AWD0001n17,diary,430,2,1916-05-30 23:30:00 UTC,30 May 1916,Morlancourt,"[2.6304, 49.95113]",1130PM,time,1130PM,{},2991769,Morlancourt,"[2.6304, 49.95113]"
16,AWD0001n17,diary,430,3,1916-05-30 13:00:00 UTC,30 May 1916,Morlancourt,"[2.6304, 49.95113]",0100PM,time,0100PM,{},2991769,Morlancourt,"[2.6304, 49.95113]"
17,AWD0001n17,diary,430,2,1916-05-30 21:00:00 UTC,30 May 1916,Morlancourt,"[2.6304, 49.95113]",0900PM,time,0900PM,{},2991769,Morlancourt,"[2.6304, 49.95113]"
19,AWD0001n17,diary,430,4,1916-05-30 21:00:00 UTC,30 May 1916,Morlancourt,"[2.6304, 49.95113]",0900PM,place,Morlancourt,"{""place""=>[""Morlancourt""], ""location""=>[""true""], ""name""=>[""Morlancourt""], ""lat""=>[""49.95113""], ""long""=>[""2.6304""], ""id""=>[""2991769""]}",2991769,Morlancourt,"[2.6304, 49.95113]"
21,AWD0001n17,diary,430,10,1916-05-30 21:00:00 UTC,30 May 1916,Morlancourt,"[2.6304, 49.95113]",0900PM,activity,training,{},2991769,Morlancourt,"[2.6304, 49.95113]"
22,AWD0001n17,diary,430,4,1916-05-31 00:00:00 UTC,31 May 1916,Morlancourt,"[2.6304, 49.95113]","",diaryDate,31 May 1916,"{""day""=>[""31""], ""month""=>[""May""], ""year""=>[""1916""]}",2991769,Morlancourt,"[2.6304, 49.95113]"
23,AWD0001n17,diary,430,5,1916-05-31 00:00:00 UTC,31 May 1916,Morlancourt,"[2.6304, 49.95113]","",person,Lieutenant E W Horne,"{""first""=>[""E W""], ""surname""=>[""Horne""], ""rank""=>[""Lieutenant""], ""number""=>[""""], ""reason""=>[""author""], ""unit""=>[""""]}",2991769,Morlancourt,"[2.6304, 49.95113]"
1,AWD0001my5,diary,432,5,1916-06-01 00:00:00 UTC,1 Jun 1916,Morlancourt,"[2.6304, 49.95113]","",diaryDate,1 Jun 1916,"{""day""=>[""1""], ""month""=>[""Jun""], ""year""=>[""1916""]}",2991769,Morlancourt,"[2.6304, 49.95113]"
2,AWD0001my5,diary,432,5,1916-06-01 00:00:00 UTC,1 Jun 1916,Morlancourt,"[2.6304, 49.95113]","",place,Morlancourt,"{""place""=>[""Morlancourt""], ""location""=>[""true""], ""name""=>[""Morlancourt""], ""lat""=>[""49.95113""], ""long""=>[""2.6304""], ""id""=>[""2991769""]}",2991769,Morlancourt,"[2.6304, 49.95113]"
4,AWD0001my5,diary,432,9,1916-06-01 00:00:00 UTC,1 Jun 1916,Morlancourt,"[2.6304, 49.95113]","",activity,training,{},2991769,Morlancourt,"[2.6304, 49.95113]"
5,AWD0001my5,diary,432,4,1916-06-02 00:00:00 UTC,2 Jun 1916,Morlancourt,"[2.6304, 49.95113]","",diaryDate,2 Jun 1916,"{""day""=>[""2""], ""month""=>[""Jun""], ""year""=>[""1916""]}",2991769,Morlancourt,"[2.6304, 49.95113]"
6,AWD0001my5,diary,432,2,1916-06-02 00:00:00 UTC,2 Jun 1916,Morlancourt,"[2.6304, 49.95113]","",place,Morlancourt,"{""place""=>[""Morlancourt""], ""location""=>[""true""], ""name""=>[""Morlancourt""], ""lat""=>[""49.95113""], ""long""=>[""2.6304""], ""id""=>[""2991769""]}",2991769,Morlancourt,"[2.6304, 49.95113]"
7,AWD0001my5,diary,432,4,1916-06-03 00:00:00 UTC,3 Jun 1916,Morlancourt,"[2.6304, 49.95113]","",diaryDate,3 Jun 1916,"{""day""=>[""3""], ""month""=>[""Jun""], ""year""=>[""1916""]}",2991769,Morlancourt,"[2.6304, 49.95113]"
8,AWD0001my5,diary,432,5,1916-06-03 00:00:00 UTC,3 Jun 1916,Morlancourt,"[2.6304, 49.95113]","",activity,training,{},2991769,Morlancourt,"[2.6304, 49.95113]"
9,AWD0001my5,diary,432,5,1916-06-04 00:00:00 UTC,4 Jun 1916,Morlancourt,"[2.6304, 49.95113]","",diaryDate,4 Jun 1916,"{""day""=>[""4""], ""month""=>[""Jun""], ""year""=>[""1916""]}",2991769,Morlancourt,"[2.6304, 49.95113]"
10,AWD0001my5,diary,432,5,1916-06-04 00:00:00 UTC,4 Jun 1916,Morlancourt,"[2.6304, 49.95113]","",domestic,religion,{},2991769,Morlancourt,"[2.6304, 49.95113]"
11,AWD0001my5,diary,432,2,1916-06-04 00:00:00 UTC,4 Jun 1916,Morlancourt,"[2.6304, 49.95113]","",place,Morlancourt,"{""place""=>[""Morlancourt""], ""location""=>[""true""], ""name""=>[""Morlancourt""], ""lat""=>[""49.95113""], ""long""=>[""2.6304""], ""id""=>[""2991769""]}",2991769,Morlancourt,"[2.6304, 49.95113]"
12,AWD0001my5,diary,432,5,1916-06-05 00:00:00 UTC,5 Jun 1916,Morlancourt,"[2.6304, 49.95113]","",diaryDate,5 Jun 1916,"{""day""=>[""5""], ""month""=>[""Jun""], ""year""=>[""1916""]}",2991769,Morlancourt,"[2.6304, 49.95113]"
13,AWD0001my5,diary,432,4,1916-06-05 00:00:00 UTC,5 Jun 1916,Morlancourt,"[2.6304, 49.95113]","",activity,training,{},2991769,Morlancourt,"[2.6304, 49.95113]"
14,AWD0001my5,diary,432,5,1916-06-06 00:00:00 UTC,6 Jun 1916,Morlancourt,"[2.6304, 49.95113]","",diaryDate,6 Jun 1916,"{""day""=>[""6""], ""month""=>[""Jun""], ""year""=>[""1916""]}",2991769,Morlancourt,"[2.6304, 49.95113]"
15,AWD0001my5,diary,432,2,1916-06-06 00:00:00 UTC,6 Jun 1916,Morlancourt,"[2.6304, 49.95113]","",place,Morlancourt,"{""place""=>[""Morlancourt""], ""location""=>[""true""], ""name""=>[""Morlancourt""], ""lat""=>[""49.95113""], ""long""=>[""2.6304""], ""id""=>[""2991769""]}",2991769,Morlancourt,"[2.6304, 49.95113]"
16,AWD0001my5,diary,432,9,1916-06-06 00:00:00 UTC,6 Jun 1916,Morlancourt,"[2.6304, 49.95113]","",activity,working,{},2991769,Morlancourt,"[2.6304, 49.95113]"
17,AWD0001my5,diary,432,4,1916-06-07 00:00:00 UTC,7 Jun 1916,Morlancourt,"[2.6304, 49.95113]","",diaryDate,7 Jun 1916,"{""day""=>[""7""], ""month""=>[""Jun""], ""year""=>[""1916""]}",2991769,Morlancourt,"[2.6304, 49.95113]"
18,AWD0001my5,diary,432,4,1916-06-08 00:00:00 UTC,8 Jun 1916,Morlancourt,"[2.6304, 49.95113]","",diaryDate,8 Jun 1916,"{""day""=>[""8""], ""month""=>[""Jun""], ""year""=>[""1916""]}",2991769,Morlancourt,"[2.6304, 49.95113]"
19,AWD0001my5,diary,432,2,1916-06-08 00:00:00 UTC,8 Jun 1916,Morlancourt,"[2.6304, 49.95113]","",place,Morlancourt,"{""place""=>[""Morlancourt""], ""location""=>[""true""], ""name""=>[""Morlancourt""], ""lat""=>[""49.95113""], ""long""=>[""2.6304""], ""id""=>[""2991769""]}",2991769,Morlancourt,"[2.6304, 49.95113]"
20,AWD0001my5,diary,432,8,1916-06-08 00:00:00 UTC,8 Jun 1916,Morlancourt,"[2.6304, 49.95113]","",activity,working,{},2991769,Morlancourt,"[2.6304, 49.95113]"
21,AWD0001my5,diary,432,4,1916-06-09 00:00:00 UTC,9 Jun 1916,Morlancourt,"[2.6304, 49.95113]","",diaryDate,9 Jun 1916,"{""day""=>[""9""], ""month""=>[""Jun""], ""year""=>[""1916""]}",2991769,Morlancourt,"[2.6304, 49.95113]"
22,AWD0001my5,diary,432,4,1916-06-10 00:00:00 UTC,10 Jun 1916,Morlancourt,"[2.6304, 49.95113]","",diaryDate,10 Jun 1916,"{""day""=>[""10""], ""month""=>[""Jun""], ""year""=>[""1916""]}",2991769,Morlancourt,"[2.6304, 49.95113]"
24,AWD0001my5,diary,432,5,1916-06-10 00:00:00 UTC,10 Jun 1916,Morlancourt,"[2.6304, 49.95113]","",activity,working,{},2991769,Morlancourt,"[2.6304, 49.95113]"
25,AWD0001my5,diary,432,5,1916-06-11 00:00:00 UTC,11 Jun 1916,Morlancourt,"[2.6304, 49.95113]","",diaryDate,11 Jun 1916,"{""day""=>[""11""], ""month""=>[""Jun""], ""year""=>[""1916""]}",2991769,Morlancourt,"[2.6304, 49.95113]"
26,AWD0001my5,diary,432,3,1916-06-11 08:00:00 UTC,11 Jun 1916,Morlancourt,"[2.6304, 49.95113]",0800AM,time,0800AM,{},2991769,Morlancourt,"[2.6304, 49.95113]"
27,AWD0001my5,diary,432,6,1916-06-11 08:00:00 UTC,11 Jun 1916,Grovetown,"[2.6304, 49.95113]",0800AM,place,Grovetown,"{""place""=>[""Grovetown""], ""location""=>[""true""], ""name""=>[""Morlancourt""], ""lat""=>[""49.95113""], ""long""=>[""2.6304""], ""id""=>[""2991769""]}",3030478,Bray,"[1.28272, 49.9086]"
28,AWD0001my5,diary,432,4,1916-06-11 08:00:00 UTC,11 Jun 1916,Grovetown,"[2.6304, 49.95113]",0800AM,activity,movement,{},3030478,Bray,"[1.28272, 49.9086]"
29,AWD0001my5,diary,432,3,1916-06-11 08:00:00 UTC,11 Jun 1916,Grovetown,"[2.6304, 49.95113]",0800AM,domestic,accomodation,{},3030478,Bray,"[1.28272, 49.9086]"
30,AWD0001my5,diary,432,5,1916-06-11 08:00:00 UTC,11 Jun 1916,Grovetown,"[2.6304, 49.95113]",0800AM,activity,working,{},3030478,Bray,"[1.28272, 49.9086]"
31,AWD0001my5,diary,432,4,1916-06-12 00:00:00 UTC,12 Jun 1916,Grovetown,"[2.6304, 49.95113]","",diaryDate,12 Jun 1916,"{""day""=>[""12""], ""month""=>[""Jun""], ""year""=>[""1916""]}",3030478,Bray,"[1.28272, 49.9086]"
33,AWD0001my5,diary,432,6,1916-06-12 00:00:00 UTC,12 Jun 1916,Grovetown,"[2.6304, 49.95113]","",activity,working,{},3030478,Bray,"[1.28272, 49.9086]"
34,AWD0001my5,diary,432,3,1916-06-13 00:00:00 UTC,13 Jun 1916,Grovetown,"[2.6304, 49.95113]","",diaryDate,13 Jun 1916,"{""day""=>[""13""], ""month""=>[""Jun""], ""year""=>[""1916""]}",3030478,Bray,"[1.28272, 49.9086]"
35,AWD0001my5,diary,432,2,1916-06-13 00:00:00 UTC,13 Jun 1916,Grovetown,"[2.6304, 49.95113]","",place,Grovetown,"{""place""=>[""Grovetown""], ""location""=>[""true""], ""name""=>[""Morlancourt""], ""lat""=>[""49.95113""], ""long""=>[""2.6304""], ""id""=>[""2991769""]}",3030478,Bray,"[1.28272, 49.9086]"
36,AWD0001my5,diary,432,2,1916-06-14 00:00:00 UTC,14 Jun 1916,Grovetown,"[2.6304, 49.95113]","",diaryDate,14 Jun 1916,"{""day""=>[""14""], ""month""=>[""Jun""], ""year""=>[""1916""]}",3030478,Bray,"[1.28272, 49.9086]"
37,AWD0001my5,diary,432,2,1916-06-14 00:00:00 UTC,14 Jun 1916,Grovetown,"[2.6304, 49.95113]","",activity,working,{},3030478,Bray,"[1.28272, 49.9086]"
38,AWD0001my5,diary,432,2,1916-06-14 00:00:00 UTC,14 Jun 1916,Grovetown,"[2.6304, 49.95113]","",diaryDate,14 Jun 1916,"{""day""=>[""14""], ""month""=>[""Jun""], ""year""=>[""1916""]}",3030478,Bray,"[1.28272, 49.9086]"
39,AWD0001my5,diary,432,2,1916-06-15 00:00:00 UTC,15 Jun 1916,Grovetown,"[2.6304, 49.95113]","",diaryDate,15 Jun 1916,"{""day""=>[""15""], ""month""=>[""Jun""], ""year""=>[""1916""]}",3030478,Bray,"[1.28272, 49.9086]"
40,AWD0001my5,diary,432,6,1916-06-15 00:00:00 UTC,15 Jun 1916,Grovetown,"[2.6304, 49.95113]","",activity,working,{},3030478,Bray,"[1.28272, 49.9086]"
41,AWD0001my5,diary,432,2,1916-06-15 00:00:00 UTC,15 Jun 1916,Grovetown,"[2.6304, 49.95113]","",diaryDate,15 Jun 1916,"{""day""=>[""15""], ""month""=>[""Jun""], ""year""=>[""1916""]}",3030478,Bray,"[1.28272, 49.9086]"
42,AWD0001my5,diary,432,2,1916-06-15 00:00:00 UTC,15 Jun 1916,Grovetown,"[2.6304, 49.95113]","",activity,working,{},3030478,Bray,"[1.28272, 49.9086]"
43,AWD0001my5,diary,432,2,1916-06-15 00:00:00 UTC,15 Jun 1916,Grovetown,"[2.6304, 49.95113]","",place,Grovetown,"{""place""=>[""Grovetown""], ""location""=>[""true""], ""name""=>[""Morlancourt""], ""lat""=>[""49.95113""], ""long""=>[""2.6304""], ""id""=>[""2991769""]}",3030478,Bray,"[1.28272, 49.9086]"
44,AWD0001my5,diary,432,4,1916-06-16 00:00:00 UTC,16 Jun 1916,Grovetown,"[2.6304, 49.95113]","",diaryDate,16 Jun 1916,"{""day""=>[""16""], ""month""=>[""Jun""], ""year""=>[""1916""]}",3030478,Bray,"[1.28272, 49.9086]"
45,AWD0001my5,diary,432,4,1916-06-16 00:00:00 UTC,16 Jun 1916,Grovetown,"[2.6304, 49.95113]","",activity,working,{},3030478,Bray,"[1.28272, 49.9086]"
46,AWD0001my5,diary,432,5,1916-06-17 00:00:00 UTC,17 Jun 1916,Grovetown,"[2.6304, 49.95113]","",diaryDate,17 Jun 1916,"{""day""=>[""17""], ""month""=>[""Jun""], ""year""=>[""1916""]}",3030478,Bray,"[1.28272, 49.9086]"
1,AWD0001n1v,diary,433,5,1916-06-18 00:00:00 UTC,18 Jun 1916,Grovetown,"[2.6304, 49.95113]","",diaryDate,18 Jun 1916,"{""day""=>[""18""], ""month""=>[""Jun""], ""year""=>[""1916""]}",3030478,Bray,"[1.28272, 49.9086]"
2,AWD0001n1v,diary,433,6,1916-06-18 00:00:00 UTC,18 Jun 1916,Grovetown,"[2.6304, 49.95113]","",place,Grovetown,"{""place""=>[""Grovetown""], ""location""=>[""true""], ""name""=>[""Morlancourt"", """"], ""lat""=>[""49.95113"", """"], ""long""=>[""2.6304"", """"], ""id""=>[""2991769"", """"]}",3030478,Bray,"[1.28272, 49.9086]"
3,AWD0001n1v,diary,433,8,1916-06-18 00:00:00 UTC,18 Jun 1916,Grovetown,"[2.6304, 49.95113]","",activity,working,{},3030478,Bray,"[1.28272, 49.9086]"
4,AWD0001n1v,diary,433,4,1916-06-19 00:00:00 UTC,19 Jun 1916,Grovetown,"[2.6304, 49.95113]","",diaryDate,19 Jun 1916,"{""day""=>[""19""], ""month""=>[""Jun""], ""year""=>[""1916""]}",3030478,Bray,"[1.28272, 49.9086]"
7,AWD0001n1v,diary,433,5,1916-06-20 00:00:00 UTC,20 Jun 1916,Grovetown,"[2.6304, 49.95113]","",diaryDate,20 Jun 1916,"{""day""=>[""20""], ""month""=>[""Jun""], ""year""=>[""1916""]}",3030478,Bray,"[1.28272, 49.9086]"
8,AWD0001n1v,diary,433,2,1916-06-20 00:00:00 UTC,20 Jun 1916,"Trenches B 1, Trenches","[0.0, 0.0]","",place,"Trenches B 1, Trenches","{""place""=>[""Trenches B 1"", ""Trenches""], ""location""=>[""true""], ""name""=>[""""], ""lat""=>[""""], ""long""=>[""""], ""id""=>[""""]}",2788726,Poperinge,"[2.72659, 50.85386]"
9,AWD0001n1v,diary,433,3,1916-06-20 00:00:00 UTC,20 Jun 1916,"Trenches B 1, Trenches","[0.0, 0.0]","",unit,9th Devon Regt,"{""name""=>[""9th Devon Regt""], ""context""=>[""relieved""]}",2788726,Poperinge,"[2.72659, 50.85386]"
12,AWD0001n1v,diary,433,6,1916-06-20 00:00:00 UTC,20 Jun 1916,"Trenches B 1, Trenches","[0.0, 0.0]","",activity,line,{},2788726,Poperinge,"[2.72659, 50.85386]"
15,AWD0001n1v,diary,433,3,1916-06-20 00:00:00 UTC,20 Jun 1916,"Trenches B 1, Trenches","[0.0, 0.0]","",unit,"6th R. Berks, 6th Rl Berks, 6TH R. BERKS","{""name""=>[""6th R. Berks"", ""6th Rl Berks"", ""6TH R. BERKS""], ""context""=>[""right""]}",2788726,Poperinge,"[2.72659, 50.85386]"
16,AWD0001n1v,diary,433,5,1916-06-20 00:00:00 UTC,20 Jun 1916,"Trenches B 1, Trenches","[0.0, 0.0]","",unit,2nd Gordons,"{""name""=>[""2nd Gordons""], ""context""=>[""left""]}",2788726,Poperinge,"[2.72659, 50.85386]"
17,AWD0001n1v,diary,433,5,1916-06-21 00:00:00 UTC,21 Jun 1916,"Trenches B 1, Trenches","[0.0, 0.0]","",diaryDate,21 Jun 1916,"{""day""=>[""21""], ""month""=>[""Jun""], ""year""=>[""1916""]}",2788726,Poperinge,"[2.72659, 50.85386]"
19,AWD0001n1v,diary,433,10,1916-06-21 00:00:00 UTC,21 Jun 1916,"Trenches B 1, Trenches","[0.0, 0.0]","",activity,line,{},2788726,Poperinge,"[2.72659, 50.85386]"
20,AWD0001n1v,diary,433,4,1916-06-22 00:00:00 UTC,22 Jun 1916,"Trenches B 1, Trenches","[0.0, 0.0]","",diaryDate,22 Jun 1916,"{""day""=>[""22""], ""month""=>[""Jun""], ""year""=>[""1916""]}",2788726,Poperinge,"[2.72659, 50.85386]"
21,AWD0001n1v,diary,433,5,1916-06-23 00:00:00 UTC,23 Jun 1916,"Trenches B 1, Trenches","[0.0, 0.0]","",diaryDate,23 Jun 1916,"{""day""=>[""23""], ""month""=>[""Jun""], ""year""=>[""1916""]}",2788726,Poperinge,"[2.72659, 50.85386]"
22,AWD0001n1v,diary,433,5,1916-06-23 00:00:00 UTC,23 Jun 1916,"Trenches B 1, Trenches","[0.0, 0.0]","",activity,movement,{},2788726,Poperinge,"[2.72659, 50.85386]"
23,AWD0001n1v,diary,433,2,1916-06-23 00:00:00 UTC,23 Jun 1916,"Trenches B 1, Trenches","[0.0, 0.0]","",place,"Grove Town, Grovetown","{""place""=>[""Grove Town"", ""Grovetown""], ""location""=>[""true"", ""false""], ""name""=>[""""], ""lat""=>[""""], ""long""=>[""""], ""id""=>[""""]}",2788726,Poperinge,"[2.72659, 50.85386]"
24,AWD0001n1v,diary,433,3,1916-06-23 00:00:00 UTC,23 Jun 1916,"Trenches B 1, Trenches","[0.0, 0.0]","",unit,10th Lancashire Regt,"{""name""=>[""10th Lancashire Regt""], ""context""=>[""relieved_by""]}",2788726,Poperinge,"[2.72659, 50.85386]"
27,AWD0001n1v,diary,433,5,1916-06-24 00:00:00 UTC,24 Jun 1916,"Trenches B 1, Trenches","[0.0, 0.0]","",diaryDate,24 Jun 1916,"{""day""=>[""24""], ""month""=>[""Jun""], ""year""=>[""1916""]}",2788726,Poperinge,"[2.72659, 50.85386]"
28,AWD0001n1v,diary,433,7,1916-06-24 00:00:00 UTC,24 Jun 1916,Grovetown,"[0.0, 0.0]","",place,Grovetown,"{""place""=>[""Grovetown""], ""location""=>[""true""], ""name""=>[""""], ""lat""=>[""""], ""long""=>[""""], ""id""=>[""""]}",3030478,Bray,"[1.28272, 49.9086]"
29,AWD0001n1v,diary,433,9,1916-06-24 00:00:00 UTC,24 Jun 1916,Grovetown,"[0.0, 0.0]","",activity,resting,{},3030478,Bray,"[1.28272, 49.9086]"
30,AWD0001n1v,diary,433,5,1916-06-25 00:00:00 UTC,25 Jun 1916,Grovetown,"[0.0, 0.0]","",diaryDate,25 Jun 1916,"{""day""=>[""25""], ""month""=>[""Jun""], ""year""=>[""1916""]}",3030478,Bray,"[1.28272, 49.9086]"
32,AWD0001n1v,diary,433,2,1916-06-26 00:00:00 UTC,26 Jun 1916,Grovetown,"[0.0, 0.0]","",diaryDate,26 Jun 1916,"{""day""=>[""26""], ""month""=>[""Jun""], ""year""=>[""1916""]}",3030478,Bray,"[1.28272, 49.9086]"
33,AWD0001n1v,diary,433,2,1916-06-26 00:00:00 UTC,26 Jun 1916,Grovetown,"[0.0, 0.0]","",domestic,accomodation,{},3030478,Bray,"[1.28272, 49.9086]"
34,AWD0001n1v,diary,433,2,1916-06-26 00:00:00 UTC,26 Jun 1916,Grovetown,"[0.0, 0.0]","",diaryDate,26 Jun 1916,"{""day""=>[""26""], ""month""=>[""Jun""], ""year""=>[""1916""]}",3030478,Bray,"[1.28272, 49.9086]"
35,AWD0001n1v,diary,433,6,1916-06-26 00:00:00 UTC,26 Jun 1916,Grovetown,"[0.0, 0.0]","",activity,resting,{},3030478,Bray,"[1.28272, 49.9086]"
36,AWD0001n1v,diary,433,4,1916-06-26 00:00:00 UTC,26 Jun 1916,"Grovetown, Grove Town","[2.6304, 49.95113]","",place,"Grovetown, Grove Town","{""place""=>[""Grovetown"", ""Grove Town""], ""location""=>[""true""], ""name""=>[""Morlancourt"", """"], ""lat""=>[""49.95113"", """"], ""long""=>[""2.6304"", """"], ""id""=>[""2991769"", """"]}",2991769,Morlancourt,"[2.6304, 49.95113]"
37,AWD0001n1v,diary,433,5,1916-06-27 00:00:00 UTC,27 Jun 1916,"Grovetown, Grove Town","[2.6304, 49.95113]","",diaryDate,27 Jun 1916,"{""day""=>[""27""], ""month""=>[""Jun""], ""year""=>[""1916""]}",2991769,Morlancourt,"[2.6304, 49.95113]"
38,AWD0001n1v,diary,433,5,1916-06-27 00:00:00 UTC,27 Jun 1916,"Grovetown, Grove Town","[2.6304, 49.95113]","",person,"Lieutenant C PEPYS, Pepys","{""first""=>[""C""], ""surname""=>[""PEPYS"", ""Pepys""], ""rank""=>[""Lieutenant""], ""number""=>[""""], ""reason""=>[""other""], ""unit""=>[""""]}",2991769,Morlancourt,"[2.6304, 49.95113]"
41,AWD0001n1v,diary,433,5,1916-06-27 00:00:00 UTC,27 Jun 1916,"Grovetown, Grove Town","[2.6304, 49.95113]","",person,"Lieutenant E H,E W,,E W,,E M Horne","{""first""=>[""E H"", ""E W,"", ""E W"", """", ""E M""], ""surname""=>[""Horne""], ""rank""=>[""Lieutenant""], ""number""=>[""""], ""reason""=>[""departed_leave""], ""unit""=>[""""]}",2991769,Morlancourt,"[2.6304, 49.95113]"
42,AWD0001n1v,diary,433,5,1916-06-28 00:00:00 UTC,28 Jun 1916,"Grovetown, Grove Town","[2.6304, 49.95113]","",diaryDate,28 Jun 1916,"{""day""=>[""28""], ""month""=>[""Jun""], ""year""=>[""1916""]}",2991769,Morlancourt,"[2.6304, 49.95113]"
45,AWD0001n1v,diary,433,4,1916-06-28 00:00:00 UTC,28 Jun 1916,"Grovetown, Grove Town","[2.6304, 49.95113]","",place,"Grovetown, Grove Town","{""place""=>[""Grovetown"", ""Grove Town""], ""location""=>[""true""], ""name""=>[""Morlancourt"", """"], ""lat""=>[""49.95113"", """"], ""long""=>[""2.6304"", """"], ""id""=>[""2991769"", """"]}",2991769,Morlancourt,"[2.6304, 49.95113]"
46,AWD0001n1v,diary,433,9,1916-06-28 00:00:00 UTC,28 Jun 1916,"Grovetown, Grove Town","[2.6304, 49.95113]","",activity,resting,{},2991769,Morlancourt,"[2.6304, 49.95113]"
47,AWD0001n1v,diary,433,2,1916-06-28 00:00:00 UTC,28 Jun 1916,Grove Town,"[0.0, 0.0]","",place,Grove Town,"{""place""=>[""Grove Town""], ""location""=>[""true""], ""name""=>[""""], ""lat""=>[""""], ""long""=>[""""], ""id""=>[""""]}",2991769,Morlancourt,"[2.6304, 49.95113]"
48,AWD0001n1v,diary,433,5,1916-06-29 00:00:00 UTC,29 Jun 1916,Grove Town,"[0.0, 0.0]","",diaryDate,29 Jun 1916,"{""day""=>[""29""], ""month""=>[""Jun""], ""year""=>[""1916""]}",2991769,Morlancourt,"[2.6304, 49.95113]"
49,AWD0001n1v,diary,433,3,1916-06-30 00:00:00 UTC,30 Jun 1916,Grove Town,"[0.0, 0.0]","",diaryDate,30 Jun 1916,"{""day""=>[""30""], ""month""=>[""Jun""], ""year""=>[""1916""]}",2991769,Morlancourt,"[2.6304, 49.95113]"
51,AWD0001n1v,diary,433,4,1916-06-30 00:00:00 UTC,30 Jun 1916,Grove Town,"[0.0, 0.0]","",activity,movement,{},2991769,Morlancourt,"[2.6304, 49.95113]"
52,AWD0001n1v,diary,433,2,1916-06-30 23:35:00 UTC,30 Jun 1916,Grove Town,"[0.0, 0.0]",1135PM,time,1135PM,{},2991769,Morlancourt,"[2.6304, 49.95113]"
54,AWD0001n1v,diary,433,3,1916-06-30 23:35:00 UTC,30 Jun 1916,Grove Town,"[0.0, 0.0]",1135PM,activity,line,{},2991769,Morlancourt,"[2.6304, 49.95113]"
1,AWD0001mx9,diary,436,5,1916-07-01 00:00:00 UTC,1 Jul 1916,Grove Town,"[0.0, 0.0]","",diaryDate,1 Jul 1916,"{""day""=>[""1""], ""month""=>[""Jul""], ""year""=>[""1916""]}",2991769,Morlancourt,"[2.6304, 49.95113]"
5,AWD0001mx9,diary,436,2,1916-07-01 00:00:00 UTC,1 Jul 1916,Grove Town,"[0.0, 0.0]","",activity,line,{},2991769,Morlancourt,"[2.6304, 49.95113]"
13,AWD0001mx9,diary,436,4,1916-07-01 00:00:00 UTC,1 Jul 1916,Grove Town,"[0.0, 0.0]","",person,"Captain  MAHAFFY, McHaffy, MAKEFLY, Makeffy","{""first""=>[""""], ""surname""=>[""MAHAFFY"", ""McHaffy"", ""MAKEFLY"", ""Makeffy""], ""rank""=>[""Captain""], ""number""=>[""""], ""reason""=>[""casualty_wounded""], ""unit""=>[""""]}",2991769,Morlancourt,"[2.6304, 49.95113]"
14,AWD0001mx9,diary,436,5,1916-07-01 00:00:00 UTC,1 Jul 1916,Grove Town,"[0.0, 0.0]","",person,Second Lieutenant  Roper,"{""first""=>[""""], ""surname""=>[""Roper""], ""rank""=>[""Second Lieutenant""], ""number""=>[""""], ""reason""=>[""casualty_wounded""], ""unit""=>[""""]}",2991769,Morlancourt,"[2.6304, 49.95113]"
16,AWD0001mx9,diary,436,4,1916-07-01 00:00:00 UTC,1 Jul 1916,Grove Town,"[0.0, 0.0]","",person,"Second Lieutenant  Davidson, DAVIDSON","{""first""=>[""""], ""surname""=>[""Davidson"", ""DAVIDSON""], ""rank""=>[""Second Lieutenant""], ""number""=>[""""], ""reason""=>[""casualty_kia""], ""unit""=>[""""]}",2991769,Morlancourt,"[2.6304, 49.95113]"
20,AWD0001mx9,diary,436,3,1916-07-01 00:00:00 UTC,1 Jul 1916,Grove Town,"[0.0, 0.0]","",person,"Captain  TUGILLIS         (?), , Tregellis","{""first""=>[""""], ""surname""=>[""TUGILLIS         (?)"", """", ""Tregellis""], ""rank""=>[""Captain""], ""number""=>[""""], ""reason""=>[""casualty_kia""], ""unit""=>[""""]}",2991769,Morlancourt,"[2.6304, 49.95113]"
22,AWD0001mx9,diary,436,6,1916-07-01 00:00:00 UTC,1 Jul 1916,Grove Town,"[0.0, 0.0]","",person,"Second Lieutenant  Ross, ROW    (?), Rew, Reiv, Luois, LEROIS","{""first""=>[""""], ""surname""=>[""Ross"", ""ROW    (?)"", ""Rew"", ""Reiv"", ""Luois"", ""LEROIS""], ""rank""=>[""Second Lieutenant""], ""number""=>[""""], ""reason""=>[""casualty_kia""], ""unit""=>[""""]}",2991769,Morlancourt,"[2.6304, 49.95113]"
24,AWD0001mx9,diary,436,2,1916-07-01 00:00:00 UTC,1 Jul 1916,Grove Town,"[0.0, 0.0]","",person,"Captain  Trigelles, Tregelles","{""first""=>[""""], ""surname""=>[""Trigelles"", ""Tregelles""], ""rank""=>[""Captain""], ""number""=>[""""], ""reason""=>[""casualty_kia""], ""unit""=>[""""]}",2991769,Morlancourt,"[2.6304, 49.95113]"
26,AWD0001mx9,diary,436,5,1916-07-01 00:00:00 UTC,1 Jul 1916,Grove Town,"[0.0, 0.0]","",person,Second Lieutenant  Chapman,"{""first""=>[""""], ""surname""=>[""Chapman""], ""rank""=>[""Second Lieutenant""], ""number""=>[""""], ""reason""=>[""casualty_wounded""], ""unit""=>[""""]}",2991769,Morlancourt,"[2.6304, 49.95113]"
27,AWD0001mx9,diary,436,3,1916-07-01 00:00:00 UTC,1 Jul 1916,Grove Town,"[0.0, 0.0]","",person,Second Lieutenant  Lewis,"{""first""=>[""""], ""surname""=>[""Lewis""], ""rank""=>[""Second Lieutenant""], ""number""=>[""""], ""reason""=>[""casualty_wounded""], ""unit""=>[""""]}",2991769,Morlancourt,"[2.6304, 49.95113]"
28,AWD0001mx9,diary,436,2,1916-07-01 00:00:00 UTC,1 Jul 1916,Grove Town,"[0.0, 0.0]","",casualties,"killed: 3, wounded: 7",{},2991769,Morlancourt,"[2.6304, 49.95113]"
29,AWD0001mx9,diary,436,3,1916-07-01 00:00:00 UTC,1 Jul 1916,Grove Town,"[0.0, 0.0]","",gridRef,F 17 a,{},2991769,Morlancourt,"[2.6304, 49.95113]"
30,AWD0001mx9,diary,436,5,1916-07-01 00:00:00 UTC,1 Jul 1916,Grove Town,"[0.0, 0.0]","",person,Second Lieutenant  Hinton,"{""first""=>[""""], ""surname""=>[""Hinton""], ""rank""=>[""Second Lieutenant""], ""number""=>[""""], ""reason""=>[""casualty_wounded""], ""unit""=>[""""]}",2991769,Morlancourt,"[2.6304, 49.95113]"
31,AWD0001mx9,diary,436,5,1916-07-01 00:00:00 UTC,1 Jul 1916,Grove Town,"[0.0, 0.0]","",person,Second Lieutenant  Lockyer,"{""first""=>[""""], ""surname""=>[""Lockyer""], ""rank""=>[""Second Lieutenant""], ""number""=>[""""], ""reason""=>[""casualty_wounded""], ""unit""=>[""""]}",2991769,Morlancourt,"[2.6304, 49.95113]"
32,AWD0001mx9,diary,436,5,1916-07-01 00:00:00 UTC,1 Jul 1916,Grove Town,"[0.0, 0.0]","",person,Second Lieutenant  Cameron,"{""first""=>[""""], ""surname""=>[""Cameron""], ""rank""=>[""Second Lieutenant""], ""number""=>[""""], ""reason""=>[""casualty_wounded""], ""unit""=>[""""]}",2991769,Morlancourt,"[2.6304, 49.95113]"
33,AWD0001mx9,diary,436,4,1916-07-02 00:00:00 UTC,2 Jul 1916,Grove Town,"[0.0, 0.0]","",diaryDate,2 Jul 1916,"{""day""=>[""2""], ""month""=>[""Jul""], ""year""=>[""1916""]}",2991769,Morlancourt,"[2.6304, 49.95113]"
34,AWD0001mx9,diary,436,2,1916-07-02 00:00:00 UTC,2 Jul 1916,Montauban,"[1.35, 44.01667]","",place,Montauban,"{""place""=>[""Montauban""], ""location""=>[""true""], ""name""=>[""Montauban""], ""lat""=>[""44.01667""], ""long""=>[""1.35""], ""id""=>[""2993002""]}",2992996,Montauban,"[2.7769, 50.00625]"
36,AWD0001mx9,diary,436,2,1916-07-02 00:00:00 UTC,2 Jul 1916,Montauban,"[1.35, 44.01667]","",activity,line,{},2992996,Montauban,"[2.7769, 50.00625]"
37,AWD0001mx9,diary,436,3,1916-07-03 00:00:00 UTC,3 Jul 1916,Montauban,"[1.35, 44.01667]","",diaryDate,3 Jul 1916,"{""day""=>[""3""], ""month""=>[""Jul""], ""year""=>[""1916""]}",2992996,Montauban,"[2.7769, 50.00625]"
38,AWD0001mx9,diary,436,5,1916-07-04 00:00:00 UTC,4 Jul 1916,Montauban,"[1.35, 44.01667]","",diaryDate,4 Jul 1916,"{""day""=>[""4""], ""month""=>[""Jul""], ""year""=>[""1916""]}",2992996,Montauban,"[2.7769, 50.00625]"
39,AWD0001mx9,diary,436,2,1916-07-04 00:00:00 UTC,4 Jul 1916,Bonny Trench,"[0.0, 0.0]","",place,Bonny Trench,"{""place""=>[""Bonny Trench""], ""location""=>[""true""], ""name""=>[""""], ""lat""=>[""""], ""long""=>[""""], ""id""=>[""""]}",,,
43,AWD0001mx9,diary,436,3,1916-07-04 00:00:00 UTC,4 Jul 1916,Bonny Trench,"[0.0, 0.0]","",activity,line,{},,,
46,AWD0001mx9,diary,436,3,1916-07-04 00:00:00 UTC,4 Jul 1916,Bonny Trench,"[0.0, 0.0]","",activity,clearing,{},,,
47,AWD0001mx9,diary,436,2,1916-07-04 00:00:00 UTC,4 Jul 1916,Bonny Trench,"[0.0, 0.0]","",place,"Mansel Copse, Mansell Copse","{""place""=>[""Mansel Copse"", ""Mansell Copse""], ""location""=>[""false""], ""name""=>[""""], ""lat""=>[""""], ""long""=>[""""], ""id""=>[""""]}",,,
48,AWD0001mx9,diary,436,4,1916-07-04 00:00:00 UTC,4 Jul 1916,Bonny Trench,"[0.0, 0.0]","",gridRef,S 11 c 4 5,{},,,
49,AWD0001mx9,diary,436,2,1916-07-04 00:00:00 UTC,4 Jul 1916,Bonny Trench,"[0.0, 0.0]","",person,"Captain  Anse, ANSE","{""first""=>[""""], ""surname""=>[""Anse"", ""ANSE""], ""rank""=>[""Captain""], ""number""=>[""""], ""reason""=>[""other""], ""unit""=>[""""]}",,,
50,AWD0001mx9,diary,436,2,1916-07-04 00:00:00 UTC,4 Jul 1916,Bonny Trench,"[0.0, 0.0]","",person,"Chaplain,Captain  Gross, Crosse","{""first""=>[""""], ""surname""=>[""Gross"", ""Crosse""], ""rank""=>[""Chaplain"", ""Captain""], ""number""=>[""""], ""reason""=>[""other""], ""unit""=>["""", ""8 Battalion Devonshire Regiment""]}",,,
52,AWD0001mx9,diary,436,4,1916-07-04 00:00:00 UTC,4 Jul 1916,Bonny Trench,"[0.0, 0.0]","",domestic,accomodation,{},,,
53,AWD0001mx9,diary,436,4,1916-07-05 00:00:00 UTC,5 Jul 1916,Bonny Trench,"[0.0, 0.0]","",diaryDate,5 Jul 1916,"{""day""=>[""5""], ""month""=>[""Jul""], ""year""=>[""1916""]}",,,
54,AWD0001mx9,diary,436,4,1916-07-05 00:00:00 UTC,5 Jul 1916,Treux,"[2.59125, 49.95786]","",place,Treux,"{""place""=>[""Treux""], ""location""=>[""true""], ""name""=>[""Treux"", """"], ""lat""=>[""49.95786"", """"], ""long""=>[""2.59125"", """"], ""id""=>[""2971758"", """"]}",2995761,Marieux,"[2.442, 50.10623]"
55,AWD0001mx9,diary,436,3,1916-07-05 16:00:00 UTC,5 Jul 1916,Treux,"[2.59125, 49.95786]",0400PM,time,0400PM,{},2995761,Marieux,"[2.442, 50.10623]"
56,AWD0001mx9,diary,436,5,1916-07-05 16:00:00 UTC,5 Jul 1916,Treux,"[2.59125, 49.95786]",0400PM,activity,movement,{},2995761,Marieux,"[2.442, 50.10623]"
57,AWD0001mx9,diary,436,7,1916-07-05 16:00:00 UTC,5 Jul 1916,Treux,"[2.59125, 49.95786]",0400PM,place,Treux,"{""place""=>[""Treux""], ""location""=>[""true""], ""name""=>[""Treux""], ""lat""=>[""49.95786""], ""long""=>[""2.59125""], ""id""=>[""2971758""]}",2995761,Marieux,"[2.442, 50.10623]"
58,AWD0001mx9,diary,436,5,1916-07-06 00:00:00 UTC,6 Jul 1916,Treux,"[2.59125, 49.95786]","",diaryDate,6 Jul 1916,"{""day""=>[""6""], ""month""=>[""Jul""], ""year""=>[""1916""]}",2995761,Marieux,"[2.442, 50.10623]"
59,AWD0001mx9,diary,436,5,1916-07-06 00:00:00 UTC,6 Jul 1916,Treux,"[2.59125, 49.95786]","",activity,resting,{},2995761,Marieux,"[2.442, 50.10623]"
60,AWD0001mx9,diary,436,5,1916-07-06 00:00:00 UTC,6 Jul 1916,Treux,"[2.59125, 49.95786]","",domestic,inspections,{},2995761,Marieux,"[2.442, 50.10623]"
62,AWD0001mx9,diary,436,4,1916-07-06 00:00:00 UTC,6 Jul 1916,Treux,"[2.59125, 49.95786]","",person,"Major General  Watts, WATTS","{""first""=>[""""], ""surname""=>[""Watts"", ""WATTS""], ""rank""=>[""Major General""], ""number""=>[""""], ""reason""=>[""other"", ""commander""], ""unit""=>[""GOC 7th Division"", ""7TH Division"", """", ""7th Division""]}",2995761,Marieux,"[2.442, 50.10623]"
63,AWD0001mx9,diary,436,5,1916-07-07 00:00:00 UTC,7 Jul 1916,Treux,"[2.59125, 49.95786]","",diaryDate,7 Jul 1916,"{""day""=>[""7""], ""month""=>[""Jul""], ""year""=>[""1916""]}",2995761,Marieux,"[2.442, 50.10623]"
64,AWD0001mx9,diary,436,8,1916-07-07 00:00:00 UTC,7 Jul 1916,Treux,"[2.59125, 49.95786]","",activity,training,{},2995761,Marieux,"[2.442, 50.10623]"
65,AWD0001mx9,diary,436,6,1916-07-07 00:00:00 UTC,7 Jul 1916,Treux,"[2.59125, 49.95786]","",place,Treux,"{""place""=>[""Treux""], ""location""=>[""true""], ""name""=>[""Treux""], ""lat""=>[""49.95786""], ""long""=>[""2.59125""], ""id""=>[""2971758""]}",2995761,Marieux,"[2.442, 50.10623]"
66,AWD0001mx9,diary,436,5,1916-07-08 00:00:00 UTC,8 Jul 1916,Treux,"[2.59125, 49.95786]","",diaryDate,8 Jul 1916,"{""day""=>[""8""], ""month""=>[""Jul""], ""year""=>[""1916""]}",2995761,Marieux,"[2.442, 50.10623]"
67,AWD0001mx9,diary,436,5,1916-07-08 00:00:00 UTC,8 Jul 1916,Treux,"[2.59125, 49.95786]","",domestic,religion,{},2995761,Marieux,"[2.442, 50.10623]"
69,AWD0001mx9,diary,436,4,1916-07-09 00:00:00 UTC,9 Jul 1916,Treux,"[2.59125, 49.95786]","",diaryDate,9 Jul 1916,"{""day""=>[""9""], ""month""=>[""Jul""], ""year""=>[""1916""]}",2995761,Marieux,"[2.442, 50.10623]"
70,AWD0001mx9,diary,436,2,1916-07-09 00:00:00 UTC,9 Jul 1916,Treux,"[2.59125, 49.95786]","",place,Treux,"{""place""=>[""Treux""], ""location""=>[""true""], ""name""=>[""Treux""], ""lat""=>[""49.95786""], ""long""=>[""2.59125""], ""id""=>[""2971758""]}",2995761,Marieux,"[2.442, 50.10623]"
72,AWD0001mx9,diary,436,7,1916-07-09 00:00:00 UTC,9 Jul 1916,Treux,"[2.59125, 49.95786]","",activity,training,{},2995761,Marieux,"[2.442, 50.10623]"
73,AWD0001mx9,diary,436,3,1916-07-10 00:00:00 UTC,10 Jul 1916,Treux,"[2.59125, 49.95786]","",diaryDate,10 Jul 1916,"{""day""=>[""10""], ""month""=>[""Jul""], ""year""=>[""1916""]}",2995761,Marieux,"[2.442, 50.10623]"
74,AWD0001mx9,diary,436,3,1916-07-10 00:00:00 UTC,10 Jul 1916,Treux,"[2.59125, 49.95786]","",domestic,accomodation,{},2995761,Marieux,"[2.442, 50.10623]"
75,AWD0001mx9,diary,436,2,1916-07-11 00:00:00 UTC,11 Jul 1916,Treux,"[2.59125, 49.95786]","",diaryDate,11 Jul 1916,"{""day""=>[""11""], ""month""=>[""Jul""], ""year""=>[""1916""]}",2995761,Marieux,"[2.442, 50.10623]"
76,AWD0001mx9,diary,436,2,1916-07-11 00:00:00 UTC,11 Jul 1916,Treux,"[2.59125, 49.95786]","",place,"Midden Post, Minden Post","{""place""=>[""Midden Post"", ""Minden Post""], ""location""=>[""false"", ""true""], ""name""=>[""""], ""lat""=>[""""], ""long""=>[""""], ""id""=>[""""]}",2995761,Marieux,"[2.442, 50.10623]"
77,AWD0001mx9,diary,436,2,1916-07-11 19:30:00 UTC,11 Jul 1916,Treux,"[2.59125, 49.95786]",0730PM,time,0730PM,{},2995761,Marieux,"[2.442, 50.10623]"
78,AWD0001mx9,diary,436,5,1916-07-11 19:30:00 UTC,11 Jul 1916,Minden Post,"[2.59125, 49.95786]",0730PM,place,Minden Post,"{""place""=>[""Minden Post""], ""location""=>[""true""], ""name""=>[""Treux""], ""lat""=>[""49.95786""], ""long""=>[""2.59125""], ""id""=>[""2971758""]}",3019407,Étinehem,"[2.69048, 49.92841]"
79,AWD0001mx9,diary,436,3,1916-07-11 00:00:00 UTC,11 Jul 1916,Minden Post,"[2.59125, 49.95786]","",diaryDate,11 Jul 1916,"{""day""=>[""11""], ""month""=>[""Jul""], ""year""=>[""1916""]}",3019407,Étinehem,"[2.69048, 49.92841]"
80,AWD0001mx9,diary,436,3,1916-07-11 14:00:00 UTC,11 Jul 1916,Minden Post,"[2.59125, 49.95786]",0200PM,time,0200PM,{},3019407,Étinehem,"[2.69048, 49.92841]"
81,AWD0001mx9,diary,436,4,1916-07-11 14:00:00 UTC,11 Jul 1916,Minden Post,"[2.59125, 49.95786]",0200PM,activity,movement,{},3019407,Étinehem,"[2.69048, 49.92841]"
83,AWD0001mx9,diary,436,2,1916-07-11 14:00:00 UTC,11 Jul 1916,Minden Post,"[2.59125, 49.95786]",0200PM,gridRef,S 14 d,{},3019407,Étinehem,"[2.69048, 49.92841]"
84,AWD0001mx9,diary,436,3,1916-07-12 00:00:00 UTC,12 Jul 1916,Minden Post,"[2.59125, 49.95786]","",diaryDate,12 Jul 1916,"{""day""=>[""12""], ""month""=>[""Jul""], ""year""=>[""1916""]}",3019407,Étinehem,"[2.69048, 49.92841]"
85,AWD0001mx9,diary,436,3,1916-07-12 00:00:00 UTC,12 Jul 1916,Minden Post,"[2.59125, 49.95786]","",gridRef,F 17 b,{},3019407,Étinehem,"[2.69048, 49.92841]"
86,AWD0001mx9,diary,436,3,1916-07-12 00:00:00 UTC,12 Jul 1916,Minden Post,"[2.59125, 49.95786]","",activity,reconnoitered,{},3019407,Étinehem,"[2.69048, 49.92841]"
89,AWD0001mx9,diary,436,8,1916-07-12 00:00:00 UTC,12 Jul 1916,Minden Post,"[2.59125, 49.95786]","",activity,resting,{},3019407,Étinehem,"[2.69048, 49.92841]"
90,AWD0001mx9,diary,436,5,1916-07-13 00:00:00 UTC,13 Jul 1916,Minden Post,"[2.59125, 49.95786]","",diaryDate,13 Jul 1916,"{""day""=>[""13""], ""month""=>[""Jul""], ""year""=>[""1916""]}",3019407,Étinehem,"[2.69048, 49.92841]"
91,AWD0001mx9,diary,436,3,1916-07-13 00:00:00 UTC,13 Jul 1916,Minden Post,"[2.59125, 49.95786]","",casualties,other: 5,{},3019407,Étinehem,"[2.69048, 49.92841]"
95,AWD0001mx9,diary,436,3,1916-07-13 22:25:00 UTC,13 Jul 1916,Minden Post,"[2.59125, 49.95786]",1025PM,time,1025PM,{},3019407,Étinehem,"[2.69048, 49.92841]"
96,AWD0001mx9,diary,436,3,1916-07-13 22:25:00 UTC,13 Jul 1916,Minden Post,"[2.59125, 49.95786]",1025PM,activity,movement,{},3019407,Étinehem,"[2.69048, 49.92841]"
97,AWD0001mx9,diary,436,2,1916-07-13 22:25:00 UTC,13 Jul 1916,Minden Post,"[2.59125, 49.95786]",1025PM,activity,other,{},3019407,Étinehem,"[2.69048, 49.92841]"
99,AWD0001mx9,diary,436,5,1916-07-14 00:00:00 UTC,14 Jul 1916,Minden Post,"[2.59125, 49.95786]","",diaryDate,14 Jul 1916,"{""day""=>[""14""], ""month""=>[""Jul""], ""year""=>[""1916""]}",3019407,Étinehem,"[2.69048, 49.92841]"
100,AWD0001mx9,diary,436,2,1916-07-14 00:00:00 UTC,14 Jul 1916,Minden Post,"[2.59125, 49.95786]","",activity,attack,{},3019407,Étinehem,"[2.69048, 49.92841]"
101,AWD0001mx9,diary,436,6,1916-07-14 00:00:00 UTC,14 Jul 1916,Minden Post,"[2.59125, 49.95786]","",person,"Second Lieutenant  Boys, Boyd, BOYS, , BOYD, G....EY?","{""first""=>[""""], ""surname""=>[""Boys"", ""Boyd"", ""BOYS"", """", ""BOYD"", ""G....EY?""], ""rank""=>[""Second Lieutenant""], ""number""=>[""""], ""reason""=>[""casualty_kia""], ""unit""=>[""""]}",3019407,Étinehem,"[2.69048, 49.92841]"
102,AWD0001mx9,diary,436,2,1916-07-14 00:00:00 UTC,14 Jul 1916,"Bazentin Le Grand Wood, Bazentin le Grand wood","[0.0, 0.0]","",place,"Bazentin Le Grand Wood, Bazentin le Grand wood","{""place""=>[""Bazentin Le Grand Wood"", ""Bazentin le Grand wood""], ""location""=>[""true""], ""name""=>[""""], ""lat""=>[""""], ""long""=>[""""], ""id""=>[""""]}",,,
103,AWD0001mx9,diary,436,5,1916-07-14 00:00:00 UTC,14 Jul 1916,"Bazentin Le Grand Wood, Bazentin le Grand wood","[0.0, 0.0]","",person,Captain  Billwood,"{""first""=>[""""], ""surname""=>[""Billwood""], ""rank""=>[""Captain""], ""number""=>[""""], ""reason""=>[""casualty_kia""], ""unit""=>[""""]}",,,
104,AWD0001mx9,diary,436,5,1916-07-14 00:00:00 UTC,14 Jul 1916,"Bazentin Le Grand Wood, Bazentin le Grand wood","[0.0, 0.0]","",person,Second Lieutenant  Lewis,"{""first""=>[""""], ""surname""=>[""Lewis""], ""rank""=>[""Second Lieutenant""], ""number""=>[""""], ""reason""=>[""casualty_kia""], ""unit""=>[""""]}",,,
106,AWD0001mx9,diary,436,2,1916-07-14 00:00:00 UTC,14 Jul 1916,"Bazentin Le Grand Wood, Bazentin le Grand wood","[0.0, 0.0]","",person,"Second Lieutenant  Garney, Yancey","{""first""=>[""""], ""surname""=>[""Garney"", ""Yancey""], ""rank""=>[""Second Lieutenant""], ""number""=>[""""], ""reason""=>[""casualty_kia""], ""unit""=>[""8 Battalion Devonshire Regiment"", """"]}",,,
110,AWD0001mx9,diary,436,5,1916-07-14 00:00:00 UTC,14 Jul 1916,"Bazentin Le Grand Wood, Bazentin le Grand wood","[0.0, 0.0]","",person,Second Lieutenant  Richardson,"{""first""=>[""""], ""surname""=>[""Richardson""], ""rank""=>[""Second Lieutenant""], ""number""=>[""""], ""reason""=>[""casualty_wounded""], ""unit""=>[""""]}",,,
112,AWD0001mx9,diary,436,5,1916-07-14 00:00:00 UTC,14 Jul 1916,"Bazentin Le Grand Wood, Bazentin le Grand wood","[0.0, 0.0]","",person,Second Lieutenant  Scott,"{""first""=>[""""], ""surname""=>[""Scott""], ""rank""=>[""Second Lieutenant""], ""number""=>[""""], ""reason""=>[""casualty_wounded""], ""unit""=>[""""]}",,,
113,AWD0001mx9,diary,436,5,1916-07-14 00:00:00 UTC,14 Jul 1916,"Bazentin Le Grand Wood, Bazentin le Grand wood","[0.0, 0.0]","",person,"Second Lieutenant  Perrit, PERRETT, Perrott, PERITT, Peritt","{""first""=>[""""], ""surname""=>[""Perrit"", ""PERRETT"", ""Perrott"", ""PERITT"", ""Peritt""], ""rank""=>[""Second Lieutenant""], ""number""=>[""""], ""reason""=>[""casualty_wounded""], ""unit""=>[""""]}",,,
115,AWD0001mx9,diary,436,4,1916-07-14 00:00:00 UTC,14 Jul 1916,"Bazentin Le Grand Wood, Bazentin le Grand wood","[0.0, 0.0]","",person,Second Lieutenant  Carter,"{""first""=>[""""], ""surname""=>[""Carter""], ""rank""=>[""Second Lieutenant""], ""number""=>[""""], ""reason""=>[""casualty_kia""], ""unit""=>[""""]}",,,
1,AWD0001mzs,diary,437,7,1916-07-15 00:00:00 UTC,15 Jul 1916,"Bazentin Le Grand Wood, Bazentin le Grand wood","[0.0, 0.0]","",diaryDate,15 Jul 1916,"{""day""=>[""15""], ""month""=>[""Jul""], ""year""=>[""1916""]}",,,
2,AWD0001mzs,diary,437,4,1916-07-15 00:00:00 UTC,15 Jul 1916,White Trench,"[0.0, 0.0]","",place,White Trench,"{""place""=>[""White Trench""], ""location""=>[""true""], ""name""=>[""""], ""lat""=>[""""], ""long""=>[""""], ""id""=>[""""]}",2987947,Pernes,"[2.41253, 50.48437]"
3,AWD0001mzs,diary,437,5,1916-07-15 00:00:00 UTC,15 Jul 1916,White Trench,"[0.0, 0.0]","",activity,movement,{},2987947,Pernes,"[2.41253, 50.48437]"
4,AWD0001mzs,diary,437,2,1916-07-15 00:00:00 UTC,15 Jul 1916,White Trench,"[0.0, 0.0]","",place,"Bazenton le Grand Wood, Bazentin Le Grand Wood","{""place""=>[""Bazenton le Grand Wood"", ""Bazentin Le Grand Wood""], ""location""=>[""false""], ""name""=>[""""], ""lat""=>[""""], ""long""=>[""""], ""id""=>[""""]}",2987947,Pernes,"[2.41253, 50.48437]"
5,AWD0001mzs,diary,437,4,1916-07-15 00:00:00 UTC,15 Jul 1916,Montauban,"[1.35, 44.01667]","",place,Montauban,"{""place""=>[""Montauban""], ""location""=>[""true""], ""name""=>[""Montauban""], ""lat""=>[""44.01667""], ""long""=>[""1.35""], ""id""=>[""2993002""]}",2992996,Montauban,"[2.7769, 50.00625]"
7,AWD0001mzs,diary,437,5,1916-07-16 00:00:00 UTC,16 Jul 1916,Montauban,"[1.35, 44.01667]","",diaryDate,16 Jul 1916,"{""day""=>[""16""], ""month""=>[""Jul""], ""year""=>[""1916""]}",2992996,Montauban,"[2.7769, 50.00625]"
8,AWD0001mzs,diary,437,2,1916-07-16 00:00:00 UTC,16 Jul 1916,Montauban,"[1.35, 44.01667]","",gridRef,S 14 4,{},2992996,Montauban,"[2.7769, 50.00625]"
11,AWD0001mzs,diary,437,8,1916-07-16 00:00:00 UTC,16 Jul 1916,Montauban,"[1.35, 44.01667]","",activity,resting,{},2992996,Montauban,"[2.7769, 50.00625]"
12,AWD0001mzs,diary,437,5,1916-07-16 00:00:00 UTC,16 Jul 1916,Montauban,"[1.35, 44.01667]","",activity,reconnoitered,{},2992996,Montauban,"[2.7769, 50.00625]"
13,AWD0001mzs,diary,437,2,1916-07-16 00:00:00 UTC,16 Jul 1916,Montauban,"[1.35, 44.01667]","",place,High Wood,"{""place""=>[""High Wood""], ""location""=>[""false""], ""name""=>[""""], ""lat""=>[""""], ""long""=>[""""], ""id""=>[""""]}",2992996,Montauban,"[2.7769, 50.00625]"
15,AWD0001mzs,diary,437,4,1916-07-17 00:00:00 UTC,17 Jul 1916,Montauban,"[1.35, 44.01667]","",diaryDate,17 Jul 1916,"{""day""=>[""17""], ""month""=>[""Jul""], ""year""=>[""1916""]}",2992996,Montauban,"[2.7769, 50.00625]"
16,AWD0001mzs,diary,437,4,1916-07-17 00:00:00 UTC,17 Jul 1916,Montauban,"[1.35, 44.01667]","",activity,resting,{},2992996,Montauban,"[2.7769, 50.00625]"
20,AWD0001mzs,diary,437,5,1916-07-18 00:00:00 UTC,18 Jul 1916,Montauban,"[1.35, 44.01667]","",diaryDate,18 Jul 1916,"{""day""=>[""18""], ""month""=>[""Jul""], ""year""=>[""1916""]}",2992996,Montauban,"[2.7769, 50.00625]"
21,AWD0001mzs,diary,437,3,1916-07-18 00:00:00 UTC,18 Jul 1916,Montauban,"[1.35, 44.01667]","",activity,resting,{},2992996,Montauban,"[2.7769, 50.00625]"
22,AWD0001mzs,diary,437,2,1916-07-18 00:00:00 UTC,18 Jul 1916,Montauban,"[1.35, 44.01667]","",place,Montauban,"{""place""=>[""Montauban""], ""location""=>[""true""], ""name""=>[""Montauban""], ""lat""=>[""44.01667""], ""long""=>[""1.35""], ""id""=>[""2993002""]}",2992996,Montauban,"[2.7769, 50.00625]"
23,AWD0001mzs,diary,437,7,1916-07-19 00:00:00 UTC,19 Jul 1916,Montauban,"[1.35, 44.01667]","",diaryDate,19 Jul 1916,"{""day""=>[""19""], ""month""=>[""Jul""], ""year""=>[""1916""]}",2992996,Montauban,"[2.7769, 50.00625]"
25,AWD0001mzs,diary,437,4,1916-07-19 21:00:00 UTC,19 Jul 1916,Montauban,"[1.35, 44.01667]",0900PM,time,0900PM,{},2992996,Montauban,"[2.7769, 50.00625]"
26,AWD0001mzs,diary,437,6,1916-07-19 21:00:00 UTC,19 Jul 1916,Montauban,"[1.35, 44.01667]",0900PM,activity,movement,{},2992996,Montauban,"[2.7769, 50.00625]"
27,AWD0001mzs,diary,437,2,1916-07-19 21:00:00 UTC,19 Jul 1916,Montauban,"[1.35, 44.01667]",0900PM,activity,other,{},2992996,Montauban,"[2.7769, 50.00625]"
30,AWD0001mzs,diary,437,4,1916-07-20 00:00:00 UTC,20 Jul 1916,Montauban,"[1.35, 44.01667]","",diaryDate,20 Jul 1916,"{""day""=>[""20""], ""month""=>[""Jul""], ""year""=>[""1916""]}",2992996,Montauban,"[2.7769, 50.00625]"
32,AWD0001mzs,diary,437,6,1916-07-20 00:00:00 UTC,20 Jul 1916,Montauban,"[1.35, 44.01667]","",person,Lieutenant  Savill,"{""first""=>[""""], ""surname""=>[""Savill""], ""rank""=>[""Lieutenant""], ""number""=>[""""], ""reason""=>[""casualty_wounded""], ""unit""=>[""""]}",2992996,Montauban,"[2.7769, 50.00625]"
34,AWD0001mzs,diary,437,6,1916-07-20 00:00:00 UTC,20 Jul 1916,Montauban,"[1.35, 44.01667]","",person,Second Lieutenant  Joseph,"{""first""=>[""""], ""surname""=>[""Joseph""], ""rank""=>[""Second Lieutenant""], ""number""=>[""""], ""reason""=>[""casualty_mia""], ""unit""=>[""""]}",2992996,Montauban,"[2.7769, 50.00625]"
35,AWD0001mzs,diary,437,6,1916-07-20 00:00:00 UTC,20 Jul 1916,Montauban,"[1.35, 44.01667]","",person,"Second Lieutenant  Rundle, Randle","{""first""=>[""""], ""surname""=>[""Rundle"", ""Randle""], ""rank""=>[""Second Lieutenant""], ""number""=>[""""], ""reason""=>[""casualty_mia""], ""unit""=>[""""]}",2992996,Montauban,"[2.7769, 50.00625]"
36,AWD0001mzs,diary,437,6,1916-07-20 00:00:00 UTC,20 Jul 1916,Montauban,"[1.35, 44.01667]","",person,Second Lieutenant  Heyward,"{""first""=>[""""], ""surname""=>[""Heyward""], ""rank""=>[""Second Lieutenant""], ""number""=>[""""], ""reason""=>[""casualty_kia""], ""unit""=>[""""]}",2992996,Montauban,"[2.7769, 50.00625]"
41,AWD0001mzs,diary,437,6,1916-07-20 00:00:00 UTC,20 Jul 1916,Montauban,"[1.35, 44.01667]","",person,Second Lieutenant  Perkins,"{""first""=>[""""], ""surname""=>[""Perkins""], ""rank""=>[""Second Lieutenant""], ""number""=>[""""], ""reason""=>[""casualty_wounded""], ""unit""=>[""""]}",2992996,Montauban,"[2.7769, 50.00625]"
42,AWD0001mzs,diary,437,2,1916-07-20 00:00:00 UTC,20 Jul 1916,Montauban,"[1.35, 44.01667]","",casualties,"killed: 1, wounded: 4, missing: 2",{},2992996,Montauban,"[2.7769, 50.00625]"
43,AWD0001mzs,diary,437,6,1916-07-20 00:00:00 UTC,20 Jul 1916,Montauban,"[1.35, 44.01667]","",person,Second Lieutenant  Gay,"{""first""=>[""""], ""surname""=>[""Gay""], ""rank""=>[""Second Lieutenant""], ""number""=>[""""], ""reason""=>[""casualty_wounded""], ""unit""=>[""""]}",2992996,Montauban,"[2.7769, 50.00625]"
44,AWD0001mzs,diary,437,6,1916-07-20 00:00:00 UTC,20 Jul 1916,Montauban,"[1.35, 44.01667]","",person,Second Lieutenant  Hewitt,"{""first""=>[""""], ""surname""=>[""Hewitt""], ""rank""=>[""Second Lieutenant""], ""number""=>[""""], ""reason""=>[""casualty_wounded""], ""unit""=>[""""]}",2992996,Montauban,"[2.7769, 50.00625]"
46,AWD0001mzs,diary,437,5,1916-07-20 00:00:00 UTC,20 Jul 1916,Montauban,"[1.35, 44.01667]","",activity,movement,{},2992996,Montauban,"[2.7769, 50.00625]"
47,AWD0001mzs,diary,437,4,1916-07-20 00:00:00 UTC,20 Jul 1916,Dernacourt,"[0.0, 0.0]","",place,Dernacourt,"{""place""=>[""Dernacourt""], ""location""=>[""true""], ""name""=>[""""], ""lat""=>[""""], ""long""=>[""""], ""id""=>[""""]}",2994401,Méricourt,"[2.86246, 50.40116]"
48,AWD0001mzs,diary,437,4,1916-07-20 00:00:00 UTC,20 Jul 1916,Dernacourt,"[0.0, 0.0]","",domestic,accomodation,{},2994401,Méricourt,"[2.86246, 50.40116]"
50,AWD0001mzs,diary,437,4,1916-07-20 22:30:00 UTC,20 Jul 1916,Dernacourt,"[0.0, 0.0]",1030PM,time,1030PM,{},2994401,Méricourt,"[2.86246, 50.40116]"
51,AWD0001mzs,diary,437,4,1916-07-20 22:30:00 UTC,20 Jul 1916,Dernacourt,"[0.0, 0.0]",1030PM,unit,14th Warwick Reg,"{""name""=>[""14th Warwick Reg""], ""context""=>[""relieved_by""]}",2994401,Méricourt,"[2.86246, 50.40116]"
52,AWD0001mzs,diary,437,5,1916-07-20 22:30:00 UTC,20 Jul 1916,Dernacourt,"[0.0, 0.0]",1030PM,place,Dernacourt,"{""place""=>[""Dernacourt""], ""location""=>[""true""], ""name""=>[""""], ""lat""=>[""""], ""long""=>[""""], ""id""=>[""""]}",2994401,Méricourt,"[2.86246, 50.40116]"
53,AWD0001mzs,diary,437,7,1916-07-21 00:00:00 UTC,21 Jul 1916,Dernacourt,"[0.0, 0.0]","",diaryDate,21 Jul 1916,"{""day""=>[""21""], ""month""=>[""Jul""], ""year""=>[""1916""]}",2994401,Méricourt,"[2.86246, 50.40116]"
54,AWD0001mzs,diary,437,2,1916-07-21 00:00:00 UTC,21 Jul 1916,Dernacourt,"[0.0, 0.0]","",unit,"14th Warwicks, 14TH WARWICKS","{""name""=>[""14th Warwicks"", ""14TH WARWICKS""], ""context""=>[""relieved_by""]}",2994401,Méricourt,"[2.86246, 50.40116]"
56,AWD0001mzs,diary,437,6,1916-07-21 00:00:00 UTC,21 Jul 1916,Dernacourt,"[0.0, 0.0]","",activity,resting,{},2994401,Méricourt,"[2.86246, 50.40116]"
58,AWD0001mzs,diary,437,6,1916-07-22 00:00:00 UTC,22 Jul 1916,Dernacourt,"[0.0, 0.0]","",diaryDate,22 Jul 1916,"{""day""=>[""22""], ""month""=>[""Jul""], ""year""=>[""1916""]}",2994401,Méricourt,"[2.86246, 50.40116]"
59,AWD0001mzs,diary,437,3,1916-07-22 09:30:00 UTC,22 Jul 1916,Dernacourt,"[0.0, 0.0]",0930AM,time,0930AM,{},2994401,Méricourt,"[2.86246, 50.40116]"
60,AWD0001mzs,diary,437,3,1916-07-22 09:30:00 UTC,22 Jul 1916,Dernacourt,"[0.0, 0.0]",0930AM,place,Mericourt,"{""place""=>[""Mericourt""], ""location""=>[""false""], ""name""=>["""", ""Méricourt-sur-Somme"", ""Méricourt-l'Abbé""], ""lat""=>["""", ""49.90545"", ""49.95213""], ""long""=>["""", ""2.67436"", ""2.56545""], ""id""=>["""", ""2994398"", ""2994399""]}",2994401,Méricourt,"[2.86246, 50.40116]"
62,AWD0001mzs,diary,437,2,1916-07-23 00:00:00 UTC,23 Jul 1916,Dernacourt,"[0.0, 0.0]","",diaryDate,23 Jul 1916,"{""day""=>[""23""], ""month""=>[""Jul""], ""year""=>[""1916""]}",2994401,Méricourt,"[2.86246, 50.40116]"
63,AWD0001mzs,diary,437,8,1916-07-23 00:00:00 UTC,23 Jul 1916,Dernacourt,"[0.0, 0.0]","",activity,movement,{},2994401,Méricourt,"[2.86246, 50.40116]"
64,AWD0001mzs,diary,437,2,1916-07-23 18:00:00 UTC,23 Jul 1916,Dernacourt,"[0.0, 0.0]",0600PM,time,0600PM,{},2994401,Méricourt,"[2.86246, 50.40116]"
65,AWD0001mzs,diary,437,4,1916-07-23 02:45:00 UTC,23 Jul 1916,Dernacourt,"[0.0, 0.0]",0245AM,time,0245AM,{},2994401,Méricourt,"[2.86246, 50.40116]"
66,AWD0001mzs,diary,437,2,1916-07-23 02:45:00 UTC,23 Jul 1916,Dernacourt,"[0.0, 0.0]",0245AM,place,Ailly sur Somme,"{""place""=>[""Ailly sur Somme""], ""location""=>[""false"", ""true""], ""name""=>[""Ailly-sur-Somme""], ""lat""=>[""49.92886""], ""long""=>[""2.19615""], ""id""=>[""3038428""]}",2994401,Méricourt,"[2.86246, 50.40116]"
68,AWD0001mzs,diary,437,8,1916-07-23 02:45:00 UTC,23 Jul 1916,Ailly sur Somme,"[2.19615, 49.92886]",0245AM,place,Ailly sur Somme,"{""place""=>[""Ailly sur Somme""], ""location""=>[""true""], ""name""=>[""Ailly-sur-Somme""], ""lat""=>[""49.92886""], ""long""=>[""2.19615""], ""id""=>[""3038428""]}",3038428,Ailly-sur-Somme,"[2.19615, 49.92886]"
70,AWD0001mzs,diary,437,2,1916-07-23 02:45:00 UTC,23 Jul 1916,Ailly sur Somme,"[2.19615, 49.92886]",0245AM,place,Hangest,"{""place""=>[""Hangest""], ""location""=>[""false""], ""name""=>[""Hangest-sur-Somme"", """"], ""lat""=>[""49.98086"", """"], ""long""=>[""2.06447"", """"], ""id""=>[""3013992"", """"]}",3038428,Ailly-sur-Somme,"[2.19615, 49.92886]"
71,AWD0001mzs,diary,437,2,1916-07-23 14:00:00 UTC,23 Jul 1916,Ailly sur Somme,"[2.19615, 49.92886]",0200PM,time,0200PM,{},3038428,Ailly-sur-Somme,"[2.19615, 49.92886]"
72,AWD0001mzs,diary,437,3,1916-07-23 14:00:00 UTC,23 Jul 1916,Ailly sur Somme,"[2.19615, 49.92886]",0200PM,activity,movement,{},3038428,Ailly-sur-Somme,"[2.19615, 49.92886]"
73,AWD0001mzs,diary,437,7,1916-07-23 14:00:00 UTC,23 Jul 1916,Ailly sur Somme,"[2.19615, 49.92886]",0200PM,domestic,accomodation,{},3038428,Ailly-sur-Somme,"[2.19615, 49.92886]"
74,AWD0001mzs,diary,437,2,1916-07-23 00:00:00 UTC,23 Jul 1916,Ailly sur Somme,"[2.19615, 49.92886]","",diaryDate,23 Jul 1916,"{""day""=>[""23""], ""month""=>[""Jul""], ""year""=>[""1916""]}",3038428,Ailly-sur-Somme,"[2.19615, 49.92886]"
75,AWD0001mzs,diary,437,3,1916-07-23 14:30:00 UTC,23 Jul 1916,Ailly sur Somme,"[2.19615, 49.92886]",0230PM,time,0230PM,{},3038428,Ailly-sur-Somme,"[2.19615, 49.92886]"
76,AWD0001mzs,diary,437,4,1916-07-23 00:00:00 UTC,23 Jul 1916,Ailly sur Somme,"[2.19615, 49.92886]","",diaryDate,23 Jul 1916,"{""day""=>[""23""], ""month""=>[""Jul""], ""year""=>[""1916""]}",3038428,Ailly-sur-Somme,"[2.19615, 49.92886]"
77,AWD0001mzs,diary,437,7,1916-07-23 00:00:00 UTC,23 Jul 1916,Ailly sur Somme,"[2.19615, 49.92886]","",domestic,religion,{},3038428,Ailly-sur-Somme,"[2.19615, 49.92886]"
78,AWD0001mzs,diary,437,2,1916-07-23 11:00:00 UTC,23 Jul 1916,Ailly sur Somme,"[2.19615, 49.92886]",1100AM,time,1100AM,{},3038428,Ailly-sur-Somme,"[2.19615, 49.92886]"
80,AWD0001mzs,diary,437,2,1916-07-23 11:00:00 UTC,23 Jul 1916,Ailly sur Somme,"[2.19615, 49.92886]",1100AM,activity,movement,{},3038428,Ailly-sur-Somme,"[2.19615, 49.92886]"
83,AWD0001mzs,diary,437,5,1916-07-23 11:00:00 UTC,23 Jul 1916,Ailly sur Somme,"[2.19615, 49.92886]",1100AM,activity,resting,{},3038428,Ailly-sur-Somme,"[2.19615, 49.92886]"
85,AWD0001mzs,diary,437,6,1916-07-24 00:00:00 UTC,24 Jul 1916,Ailly sur Somme,"[2.19615, 49.92886]","",diaryDate,24 Jul 1916,"{""day""=>[""24""], ""month""=>[""Jul""], ""year""=>[""1916""]}",3038428,Ailly-sur-Somme,"[2.19615, 49.92886]"
86,AWD0001mzs,diary,437,6,1916-07-24 00:00:00 UTC,24 Jul 1916,"Ailly-sur-Somme, Ailly sur Somme","[2.19615, 49.92886]","",place,"Ailly-sur-Somme, Ailly sur Somme","{""place""=>[""Ailly-sur-Somme"", ""Ailly sur Somme""], ""location""=>[""true""], ""name""=>[""Ailly-sur-Somme""], ""lat""=>[""49.92886""], ""long""=>[""2.19615""], ""id""=>[""3038428""]}",3038428,Ailly-sur-Somme,"[2.19615, 49.92886]"
89,AWD0001mzs,diary,437,4,1916-07-25 00:00:00 UTC,25 Jul 1916,"Ailly-sur-Somme, Ailly sur Somme","[2.19615, 49.92886]","",diaryDate,25 Jul 1916,"{""day""=>[""25""], ""month""=>[""Jul""], ""year""=>[""1916""]}",3038428,Ailly-sur-Somme,"[2.19615, 49.92886]"
90,AWD0001mzs,diary,437,6,1916-07-25 00:00:00 UTC,25 Jul 1916,"Ailly-sur-Somme, Ailly sur Somme","[2.19615, 49.92886]","",activity,training,{},3038428,Ailly-sur-Somme,"[2.19615, 49.92886]"
91,AWD0001mzs,diary,437,5,1916-07-25 00:00:00 UTC,25 Jul 1916,"Ailly-sur-Somme, Ailly sur Somme","[2.19615, 49.92886]","",domestic,inspections,{},3038428,Ailly-sur-Somme,"[2.19615, 49.92886]"
92,AWD0001mzs,diary,437,5,1916-07-26 00:00:00 UTC,26 Jul 1916,"Ailly-sur-Somme, Ailly sur Somme","[2.19615, 49.92886]","",diaryDate,26 Jul 1916,"{""day""=>[""26""], ""month""=>[""Jul""], ""year""=>[""1916""]}",3038428,Ailly-sur-Somme,"[2.19615, 49.92886]"
93,AWD0001mzs,diary,437,7,1916-07-26 00:00:00 UTC,26 Jul 1916,"Ailly-sur-Somme, Ailly sur Somme","[2.19615, 49.92886]","",activity,training,{},3038428,Ailly-sur-Somme,"[2.19615, 49.92886]"
94,AWD0001mzs,diary,437,4,1916-07-26 00:00:00 UTC,26 Jul 1916,"Ailly-sur-Somme, Ailly sur Somme","[2.19615, 49.92886]","",place,"Ailly-sur-Somme, Ailly sur Somme","{""place""=>[""Ailly-sur-Somme"", ""Ailly sur Somme""], ""location""=>[""true""], ""name""=>[""Ailly-sur-Somme""], ""lat""=>[""49.92886""], ""long""=>[""2.19615""], ""id""=>[""3038428""]}",3038428,Ailly-sur-Somme,"[2.19615, 49.92886]"
95,AWD0001mzs,diary,437,4,1916-07-27 00:00:00 UTC,27 Jul 1916,"Ailly-sur-Somme, Ailly sur Somme","[2.19615, 49.92886]","",diaryDate,27 Jul 1916,"{""day""=>[""27""], ""month""=>[""Jul""], ""year""=>[""1916""]}",3038428,Ailly-sur-Somme,"[2.19615, 49.92886]"
96,AWD0001mzs,diary,437,5,1916-07-27 00:00:00 UTC,27 Jul 1916,"Ailly-sur-Somme, Ailly sur Somme","[2.19615, 49.92886]","",activity,training,{},3038428,Ailly-sur-Somme,"[2.19615, 49.92886]"
97,AWD0001mzs,diary,437,2,1916-07-28 00:00:00 UTC,28 Jul 1916,"Ailly-sur-Somme, Ailly sur Somme","[2.19615, 49.92886]","",diaryDate,28 Jul 1916,"{""day""=>[""28""], ""month""=>[""Jul""], ""year""=>[""1916""]}",3038428,Ailly-sur-Somme,"[2.19615, 49.92886]"
98,AWD0001mzs,diary,437,8,1916-07-28 00:00:00 UTC,28 Jul 1916,"Ailly-sur-Somme, Ailly sur Somme","[2.19615, 49.92886]","",activity,training,{},3038428,Ailly-sur-Somme,"[2.19615, 49.92886]"
99,AWD0001mzs,diary,437,2,1916-07-28 00:00:00 UTC,28 Jul 1916,"Ailly-sur-Somme, Ailly sur Somme","[2.19615, 49.92886]","",diaryDate,28 Jul 1916,"{""day""=>[""28""], ""month""=>[""Jul""], ""year""=>[""1916""]}",3038428,Ailly-sur-Somme,"[2.19615, 49.92886]"
100,AWD0001mzs,diary,437,3,1916-07-28 00:00:00 UTC,28 Jul 1916,Ailly-sur-Somme,"[2.19615, 49.92886]","",place,Ailly-sur-Somme,"{""place""=>[""Ailly-sur-Somme""], ""location""=>[""true""], ""name""=>[""Ailly-sur-Somme""], ""lat""=>[""49.92886""], ""long""=>[""2.19615""], ""id""=>[""3038428""]}",3038428,Ailly-sur-Somme,"[2.19615, 49.92886]"
101,AWD0001mzs,diary,437,2,1916-07-29 00:00:00 UTC,29 Jul 1916,Ailly-sur-Somme,"[2.19615, 49.92886]","",diaryDate,29 Jul 1916,"{""day""=>[""29""], ""month""=>[""Jul""], ""year""=>[""1916""]}",3038428,Ailly-sur-Somme,"[2.19615, 49.92886]"
102,AWD0001mzs,diary,437,9,1916-07-29 00:00:00 UTC,29 Jul 1916,Ailly-sur-Somme,"[2.19615, 49.92886]","",domestic,inspections,{},3038428,Ailly-sur-Somme,"[2.19615, 49.92886]"
103,AWD0001mzs,diary,437,2,1916-07-29 00:00:00 UTC,29 Jul 1916,Ailly-sur-Somme,"[2.19615, 49.92886]","",diaryDate,29 Jul 1916,"{""day""=>[""29""], ""month""=>[""Jul""], ""year""=>[""1916""]}",3038428,Ailly-sur-Somme,"[2.19615, 49.92886]"
105,AWD0001mzs,diary,437,4,1916-07-29 00:00:00 UTC,29 Jul 1916,Ailly-sur-Somme,"[2.19615, 49.92886]","",activity,training,{},3038428,Ailly-sur-Somme,"[2.19615, 49.92886]"
106,AWD0001mzs,diary,437,2,1916-07-29 00:00:00 UTC,29 Jul 1916,Ailly-sur-Somme,"[2.19615, 49.92886]","",domestic,accomodation,{},3038428,Ailly-sur-Somme,"[2.19615, 49.92886]"
107,AWD0001mzs,diary,437,4,1916-07-30 00:00:00 UTC,30 Jul 1916,Ailly-sur-Somme,"[2.19615, 49.92886]","",diaryDate,30 Jul 1916,"{""day""=>[""30""], ""month""=>[""Jul""], ""year""=>[""1916""]}",3038428,Ailly-sur-Somme,"[2.19615, 49.92886]"
108,AWD0001mzs,diary,437,5,1916-07-30 00:00:00 UTC,30 Jul 1916,Ailly-sur-Somme,"[2.19615, 49.92886]","",domestic,religion,{},3038428,Ailly-sur-Somme,"[2.19615, 49.92886]"
111,AWD0001mzs,diary,437,5,1916-07-30 00:00:00 UTC,30 Jul 1916,Ailly sur Somme,"[2.19615, 49.92886]","",place,Ailly sur Somme,"{""place""=>[""Ailly sur Somme""], ""location""=>[""true""], ""name""=>[""Ailly-sur-Somme""], ""lat""=>[""49.92886""], ""long""=>[""2.19615""], ""id""=>[""3038428""]}",3038428,Ailly-sur-Somme,"[2.19615, 49.92886]"
112,AWD0001mzs,diary,437,6,1916-07-31 00:00:00 UTC,31 Jul 1916,Ailly sur Somme,"[2.19615, 49.92886]","",diaryDate,31 Jul 1916,"{""day""=>[""31""], ""month""=>[""Jul""], ""year""=>[""1916""]}",3038428,Ailly-sur-Somme,"[2.19615, 49.92886]"
113,AWD0001mzs,diary,437,2,1916-07-31 00:00:00 UTC,31 Jul 1916,Ailly sur Somme,"[2.19615, 49.92886]","",place,Breilly,"{""place""=>[""Breilly""], ""location""=>[""false""], ""name""=>[""Breilly""], ""lat""=>[""49.93498""], ""long""=>[""2.17994""], ""id""=>[""3030388""]}",3038428,Ailly-sur-Somme,"[2.19615, 49.92886]"
114,AWD0001mzs,diary,437,6,1916-07-31 00:00:00 UTC,31 Jul 1916,Ailly sur Somme,"[2.19615, 49.92886]","",activity,training,{},3038428,Ailly-sur-Somme,"[2.19615, 49.92886]"
8,AWD0001n1w,orders,440,2,,,,[],,date,1 Jul 1916,{},,,
11,AWD0001n1w,orders,440,2,,,,[],,reference,B.M.74,{},,,
12,AWD0001n1w,orders,440,2,,,,[],,date,1 Jul 1916,{},,,
15,AWD0001n1w,orders,440,2,,,,[],,orders,attack,{},,,
17,AWD0001n1w,orders,440,2,,,,[],,reference,B.M.82,{},,,
18,AWD0001n1w,orders,440,4,,,,[],,date,2 Jul 1916,{},,,
19,AWD0001n1w,orders,440,4,,,,[],,orders,attack,{},,,
21,AWD0001n1w,orders,440,2,,,,[],,reference,B.M.89,{},,,
22,AWD0001n1w,orders,440,3,,,,[],,date,2 Jul 1916,{},,,
23,AWD0001n1w,orders,440,4,,,,[],,orders,attack,{},,,
26,AWD0001n1w,orders,440,3,,,,[],,orders,attack,{},,,
3,AWD0001mxj,orders,441,2,,,,[],,date,31 Jul 1916,{},,,
11,AWD0001mxj,orders,441,4,,,,[],,date,3 Jul 1916,{},,,
14,AWD0001mxj,orders,441,3,,,,[],,orders,attack,{},,,
18,AWD0001mxj,orders,441,2,,,,[],,date,3 Jul 1916,{},,,
8,AWD0001mwl,report,442,2,,,,[],,diaryDate,"30 Jun 1916, 1915","{""day""=>[""30""], ""month""=>[""Jun""], ""year""=>[""1916"", ""1915""]}",,,
9,AWD0001mwl,report,442,3,,,,[],,date,30 Jun 1916,{},,,
11,AWD0001mwl,report,442,2,,,,[],,time,1100PM,{},,,
21,AWD0001mwl,report,442,3,,,,[],,diaryDate,1 Jul 1915,"{""day""=>[""1""], ""month""=>[""Jul""], ""year""=>[""1915""]}",,,
22,AWD0001mwl,report,442,2,,,,[],,time,0730AM,{},,,
23,AWD0001mwl,report,442,3,,,,[],,date,1 Jul 1916,{},,,
27,AWD0001mwl,report,442,2,,,,[],,time,0840AM,{},,,
28,AWD0001mwl,report,442,2,,,,[],,place,Reserve Trench,"{""place""=>[""Reserve Trench""], ""location""=>[""false""], ""name""=>[""""], ""lat""=>[""""], ""long""=>[""""], ""id""=>[""""]}",,,
31,AWD0001mwl,report,442,2,,,,[],,place,Mametz,"{""place""=>[""Mametz""], ""location""=>[""false""], ""name""=>[""Mametz""], ""lat""=>[""49.99718""], ""long""=>[""2.73607""], ""id""=>[""2996289""]}",,,
32,AWD0001mwl,report,442,2,,,,[],,time,1030AM,{},,,
33,AWD0001mwl,report,442,2,,,,[],,unit,Gordons,"{""name""=>[""Gordons""], ""context""=>[""other"", ""right""]}",,,
36,AWD0001mwl,report,442,2,,,,[],,time,0400PM,{},,,
37,AWD0001mwl,report,442,4,,,,[],,person,Company Sergeant Major  Holwill,"{""first""=>[""""], ""surname""=>[""Holwill""], ""rank""=>[""Company Sergeant Major""], ""number""=>[""""], ""reason""=>[""commander""], ""unit""=>[""""]}",,,
39,AWD0001mwl,report,442,2,,,,[],,time,1010AM,{},,,
41,AWD0001mwl,report,442,2,,,,[],,unit,Gordons,"{""name""=>[""Gordons""], ""context""=>[""joined""]}",,,
42,AWD0001mwl,report,442,2,,,,[],,time,1045AM,{},,,
44,AWD0001mwl,report,442,5,,,,[],,person,Colonel  Storey,"{""first""=>[""""], ""surname""=>[""Storey""], ""rank""=>[""Colonel""], ""number""=>[""""], ""reason""=>[""other"", ""commander""], ""unit""=>[""""]}",,,
45,AWD0001mwl,report,442,2,,,,[],,time,1020AM,{},,,
48,AWD0001mwl,report,442,4,,,,[],,person,Second Lieutenant  Duff,"{""first""=>[""""], ""surname""=>[""Duff""], ""rank""=>[""Second Lieutenant""], ""number""=>[""""], ""reason""=>[""other"", ""combat""], ""unit""=>[""""]}",,,
51,AWD0001mwl,report,442,2,,,,[],,person,"Lieutenant  SAVILE, Savile","{""first""=>[""""], ""surname""=>[""SAVILE"", ""Savile""], ""rank""=>[""Lieutenant""], ""number""=>[""""], ""reason""=>[""combat"", ""other""], ""unit""=>[""""]}",,,
54,AWD0001mwl,report,442,2,,,,[],,person,"Lieutenant  SAVILE, Savile","{""first""=>[""""], ""surname""=>[""SAVILE"", ""Savile""], ""rank""=>[""Lieutenant""], ""number""=>[""""], ""reason""=>[""combat""], ""unit""=>[""""]}",,,
56,AWD0001mwl,report,442,5,,,,[],,person,Second Lieutenant  Duff,"{""first""=>[""""], ""surname""=>[""Duff""], ""rank""=>[""Second Lieutenant""], ""number""=>[""""], ""reason""=>[""combat""], ""unit""=>[""""]}",,,
12,AWD0001n0g,report,443,5,,,,[],,person,Second Lieutenant  Joseph,"{""first""=>[""""], ""surname""=>[""Joseph""], ""rank""=>[""Second Lieutenant""], ""number""=>[""""], ""reason""=>[""combat""], ""unit""=>[""""]}",,,
13,AWD0001n0g,report,443,2,,,,[],,time,0510PM,{},,,
14,AWD0001n0g,report,443,5,,,,[],,person,Company Sergeant Major  Melhuish,"{""first""=>[""""], ""surname""=>[""Melhuish""], ""rank""=>[""Company Sergeant Major""], ""number""=>[""""], ""reason""=>[""combat""], ""unit""=>[""""]}",,,
17,AWD0001n0g,report,443,2,,,,[],,gridRef,F 11 c 2 9,{},,,
28,AWD0001n0g,report,443,2,,,,[],,diaryDate,2 Jul 1916,"{""day""=>[""2""], ""month""=>[""Jul""], ""year""=>[""1916""]}",,,
31,AWD0001n0g,report,443,2,,,,[],,diaryDate,3 Jul 1916,"{""day""=>[""3""], ""month""=>[""Jul""], ""year""=>[""1916""]}",,,
32,AWD0001n0g,report,443,2,,,,[],,date,3 Jul 1916,{},,,
36,AWD0001n0g,report,443,6,,,,[],,person,Lieutenant Colonel B C James,"{""first""=>[""B C""], ""surname""=>[""James""], ""rank""=>[""Lieutenant Colonel""], ""number""=>[""""], ""reason""=>[""commander""], ""unit""=>[""""]}",,,
9,AWD0001n5f,orders,444,2,,,,[],,orders,attack,{},,,
3,AWD0001mz0,orders,445,2,,,,[],,orders,attack,{},,,
5,AWD0001mz0,orders,445,2,,,,[],,date,14 Jul 1916,{},,,
6,AWD0001mz0,orders,445,5,,,,[],,person,Major C C Foss,"{""first""=>[""C C""], ""surname""=>[""Foss""], ""rank""=>[""Major""], ""number""=>[""""], ""reason""=>[""author""], ""unit""=>[""""]}",,,
2,AWD0001n2b,orders,446,2,,,,[],,reference,Appendix V,{},,,
4,AWD0001n2b,orders,446,5,,,,[],,date,19 Jul 1916,{},,,
8,AWD0001n2b,orders,446,3,,,,[],,orders,attack,{},,,
9,AWD0001n2b,orders,446,4,,,,[],,person,Major C C Foss,"{""first""=>[""C C""], ""surname""=>[""Foss""], ""rank""=>[""Major""], ""number""=>[""""], ""reason""=>[""other"", ""author""], ""unit""=>[""20th Infantry Brigade"", """"]}",,,
2,AWD0001n4m,report,447,2,,,,[],,reference,Appendix VI,{},,,
7,AWD0001n4m,report,447,4,,,,[],,date,20 Jul 1916,{},,,
6,AWD0001n1t,report,448,4,,,,[],,person,Lieutenant Colonel B C James,"{""first""=>[""B C""], ""surname""=>[""James""], ""rank""=>[""Lieutenant Colonel""], ""number""=>[""""], ""reason""=>[""commander"", ""author""], ""unit""=>[""""]}",,,
7,AWD0001n1t,report,448,2,,,,[],,date,2 Aug 1916,{},,,
20,AWD0001mxm,report,449,2,,,,[],,activity,attack,{},,,
23,AWD0001mxm,report,449,2,,,,[],,activity,attack,{},,,
24,AWD0001mxm,report,449,2,,,,[],,activity,achieved,{},,,
6,AWD0001n26,report,450,4,,,,[],,person,Lieutenant Colonel B C James,"{""first""=>[""B C""], ""surname""=>[""James""], ""rank""=>[""Lieutenant Colonel""], ""number""=>[""""], ""reason""=>[""commander"", ""author""], ""unit""=>[""""]}",,,
7,AWD0001n26,report,450,2,,,,[],,date,2 Aug 1916,{},,,
3,AWD0001mzq,orders,451,3,,,,[],,person,Major B C James,"{""first""=>[""B C""], ""surname""=>[""James""], ""rank""=>[""Major""], ""number""=>[""""], ""reason""=>[""commander""], ""unit""=>["""", ""Commdg. 8 Battalion Devonshire Regiment."", ""DEVONSHIRE""]}",,,
5,AWD0001mzq,orders,451,3,,,,[],,orders,attack,{},,,
2,AWD0001my3,orders,452,2,,,,[],,orders,attack,{},,,
5,AWD0001myf,orders,453,2,,,,[],,orders,attack,{},,,
5,AWD0001mwv,orders,454,2,,,,[],,orders,attack,{},,,
5,AWD0001mxz,orders,456,5,,,,[],,orders,attack,{},,,
6,AWD0001mxz,orders,456,3,,,,[],,orders,move,{},,,
2,AWD0001n1r,orders,457,2,,,,[],,orders,attack,{},,,
2,AWD0001n2e,orders,458,2,,,,[],,orders,attack,{},,,
6,AWD0001n1p,orders,459,2,,,,[],,orders,attack,{},,,
5,AWD0001mwk,orders,460,2,,,,[],,orders,attack,{},,,
3,AWD0001n01,orders,461,2,,,,[],,orders,attack,{},,,
4,AWD0001n24,orders,462,2,,,,[],,orders,attack,{},,,
1,AWD0001n0j,diary,464,3,1916-08-01 00:00:00 UTC,1 Aug 1916,Ailly sur Somme,"[2.19615, 49.92886]","",diaryDate,1 Aug 1916,"{""day""=>[""1""], ""month""=>[""Aug""], ""year""=>[""1916""]}",3038428,Ailly-sur-Somme,"[2.19615, 49.92886]"
2,AWD0001n0j,diary,464,2,1916-08-01 07:30:00 UTC,1 Aug 1916,Ailly sur Somme,"[2.19615, 49.92886]",0730AM,time,0730AM,{},3038428,Ailly-sur-Somme,"[2.19615, 49.92886]"
3,AWD0001n0j,diary,464,3,1916-08-01 07:30:00 UTC,1 Aug 1916,Ailly sur Somme,"[2.19615, 49.92886]",0730AM,activity,training,{},3038428,Ailly-sur-Somme,"[2.19615, 49.92886]"
4,AWD0001n0j,diary,464,2,1916-08-01 07:30:00 UTC,1 Aug 1916,Ailly,"[2.19615, 49.92886]",0730AM,place,Ailly,"{""place""=>[""Ailly""], ""location""=>[""true""], ""name""=>[""Ailly-sur-Somme""], ""lat""=>[""49.92886""], ""long""=>[""2.19615""], ""id""=>[""3038428""]}",3038428,Ailly-sur-Somme,"[2.19615, 49.92886]"
7,AWD0001n0j,diary,464,3,1916-08-01 07:30:00 UTC,1 Aug 1916,Ailly,"[2.19615, 49.92886]",0730AM,weather,hot,{},3038428,Ailly-sur-Somme,"[2.19615, 49.92886]"
8,AWD0001n0j,diary,464,4,1916-08-01 07:30:00 UTC,1 Aug 1916,Ailly sur Somme,"[2.19615, 49.92886]",0730AM,place,Ailly sur Somme,"{""place""=>[""Ailly sur Somme""], ""location""=>[""true""], ""name""=>[""Ailly-sur-Somme""], ""lat""=>[""49.92886""], ""long""=>[""2.19615""], ""id""=>[""3038428""]}",3038428,Ailly-sur-Somme,"[2.19615, 49.92886]"
12,AWD0001n0j,diary,464,2,1916-08-01 07:30:00 UTC,1 Aug 1916,Ailly sur Somme,"[2.19615, 49.92886]",0730AM,strength,"officer: 21, other: 960",{},3038428,Ailly-sur-Somme,"[2.19615, 49.92886]"
14,AWD0001n0j,diary,464,3,1916-08-02 00:00:00 UTC,2 Aug 1916,Ailly sur Somme,"[2.19615, 49.92886]","",diaryDate,2 Aug 1916,"{""day""=>[""2""], ""month""=>[""Aug""], ""year""=>[""1916""]}",3038428,Ailly-sur-Somme,"[2.19615, 49.92886]"
15,AWD0001n0j,diary,464,3,1916-08-02 00:00:00 UTC,2 Aug 1916,Ailly sur Somme,"[2.19615, 49.92886]","",weather,hot,{},3038428,Ailly-sur-Somme,"[2.19615, 49.92886]"
16,AWD0001n0j,diary,464,2,1916-08-02 14:30:00 UTC,2 Aug 1916,Ailly sur Somme,"[2.19615, 49.92886]",0230PM,time,0230PM,{},3038428,Ailly-sur-Somme,"[2.19615, 49.92886]"
17,AWD0001n0j,diary,464,3,1916-08-02 14:30:00 UTC,2 Aug 1916,Ailly sur Somme,"[2.19615, 49.92886]",0230PM,domestic,sport,{},3038428,Ailly-sur-Somme,"[2.19615, 49.92886]"
18,AWD0001n0j,diary,464,2,1916-08-02 14:30:00 UTC,2 Aug 1916,Ailly sur Somme,"[2.19615, 49.92886]",0230PM,place,Ailly sur Somme,"{""place""=>[""Ailly sur Somme""], ""location""=>[""false"", ""true""], ""name""=>[""Ailly-sur-Somme""], ""lat""=>[""49.92886""], ""long""=>[""2.19615""], ""id""=>[""3038428""]}",3038428,Ailly-sur-Somme,"[2.19615, 49.92886]"
19,AWD0001n0j,diary,464,3,1916-08-03 00:00:00 UTC,3 Aug 1916,Ailly sur Somme,"[2.19615, 49.92886]","",diaryDate,3 Aug 1916,"{""day""=>[""3""], ""month""=>[""Aug""], ""year""=>[""1916""]}",3038428,Ailly-sur-Somme,"[2.19615, 49.92886]"
20,AWD0001n0j,diary,464,2,1916-08-03 08:00:00 UTC,3 Aug 1916,Ailly sur Somme,"[2.19615, 49.92886]",0800AM,time,0800AM,{},3038428,Ailly-sur-Somme,"[2.19615, 49.92886]"
21,AWD0001n0j,diary,464,4,1916-08-03 08:00:00 UTC,3 Aug 1916,Ailly sur Somme,"[2.19615, 49.92886]",0800AM,activity,training,{},3038428,Ailly-sur-Somme,"[2.19615, 49.92886]"
24,AWD0001n0j,diary,464,2,1916-08-03 08:00:00 UTC,3 Aug 1916,Ailly sur Somme,"[2.19615, 49.92886]",0800AM,place,Picquigny,"{""place""=>[""Picquigny""], ""location""=>[""false""], ""name""=>[""Picquigny""], ""lat""=>[""49.94413""], ""long""=>[""2.14376""], ""id""=>[""2987356""]}",3038428,Ailly-sur-Somme,"[2.19615, 49.92886]"
25,AWD0001n0j,diary,464,3,1916-08-04 00:00:00 UTC,4 Aug 1916,Ailly sur Somme,"[2.19615, 49.92886]","",diaryDate,4 Aug 1916,"{""day""=>[""4""], ""month""=>[""Aug""], ""year""=>[""1916""]}",3038428,Ailly-sur-Somme,"[2.19615, 49.92886]"
26,AWD0001n0j,diary,464,3,1916-08-04 00:00:00 UTC,4 Aug 1916,Ailly sur Somme,"[2.19615, 49.92886]","",domestic,inspections,{},3038428,Ailly-sur-Somme,"[2.19615, 49.92886]"
27,AWD0001n0j,diary,464,3,1916-08-04 00:00:00 UTC,4 Aug 1916,Ailly sur Somme,"[2.19615, 49.92886]","",person,General Sir Henry Rawlinson,"{""first""=>[""Sir Henry""], ""surname""=>[""Rawlinson""], ""rank""=>[""General""], ""number""=>[""""], ""reason""=>[""commander""], ""unit""=>[""IV Corps"", ""GOC IV ARMY"", ""Commdg. IV Army""]}",3038428,Ailly-sur-Somme,"[2.19615, 49.92886]"
29,AWD0001n0j,diary,464,2,1916-08-04 10:00:00 UTC,4 Aug 1916,Ailly sur Somme,"[2.19615, 49.92886]",1000AM,time,1000AM,{},3038428,Ailly-sur-Somme,"[2.19615, 49.92886]"
31,AWD0001n0j,diary,464,2,1916-08-04 14:00:00 UTC,4 Aug 1916,Ailly sur Somme,"[2.19615, 49.92886]",0200PM,time,0200PM,{},3038428,Ailly-sur-Somme,"[2.19615, 49.92886]"
32,AWD0001n0j,diary,464,3,1916-08-04 14:00:00 UTC,4 Aug 1916,Ailly sur Somme,"[2.19615, 49.92886]",0200PM,domestic,sport,{},3038428,Ailly-sur-Somme,"[2.19615, 49.92886]"
33,AWD0001n0j,diary,464,3,1916-08-04 14:00:00 UTC,4 Aug 1916,Ailly sur Somme,"[2.19615, 49.92886]",0200PM,person,Private  Baker,"{""first""=>[""""], ""surname""=>[""Baker""], ""rank""=>[""Private""], ""number""=>[""""], ""reason""=>[""other""], ""unit""=>[""""]}",3038428,Ailly-sur-Somme,"[2.19615, 49.92886]"
35,AWD0001n0j,diary,464,3,1916-08-05 00:00:00 UTC,5 Aug 1916,Ailly sur Somme,"[2.19615, 49.92886]","",diaryDate,5 Aug 1916,"{""day""=>[""5""], ""month""=>[""Aug""], ""year""=>[""1916""]}",3038428,Ailly-sur-Somme,"[2.19615, 49.92886]"
37,AWD0001n0j,diary,464,2,1916-08-05 07:30:00 UTC,5 Aug 1916,Ailly sur Somme,"[2.19615, 49.92886]",0730AM,time,0730AM,{},3038428,Ailly-sur-Somme,"[2.19615, 49.92886]"
38,AWD0001n0j,diary,464,3,1916-08-05 07:30:00 UTC,5 Aug 1916,Ailly sur Somme,"[2.19615, 49.92886]",0730AM,activity,training,{},3038428,Ailly-sur-Somme,"[2.19615, 49.92886]"
44,AWD0001n0j,diary,464,2,1916-08-05 07:30:00 UTC,5 Aug 1916,Ailly sur Somme,"[2.19615, 49.92886]",0730AM,place,Ailly sur Somme,"{""place""=>[""Ailly sur Somme""], ""location""=>[""true""], ""name""=>[""Ailly-sur-Somme""], ""lat""=>[""49.92886""], ""long""=>[""2.19615""], ""id""=>[""3038428""]}",3038428,Ailly-sur-Somme,"[2.19615, 49.92886]"
45,AWD0001n0j,diary,464,3,1916-08-06 00:00:00 UTC,6 Aug 1916,Ailly sur Somme,"[2.19615, 49.92886]","",diaryDate,6 Aug 1916,"{""day""=>[""6""], ""month""=>[""Aug""], ""year""=>[""1916""]}",3038428,Ailly-sur-Somme,"[2.19615, 49.92886]"
46,AWD0001n0j,diary,464,3,1916-08-06 00:00:00 UTC,6 Aug 1916,Ailly sur Somme,"[2.19615, 49.92886]","",domestic,religion,{},3038428,Ailly-sur-Somme,"[2.19615, 49.92886]"
47,AWD0001n0j,diary,464,2,1916-08-06 10:00:00 UTC,6 Aug 1916,Ailly sur Somme,"[2.19615, 49.92886]",1000AM,time,1000AM,{},3038428,Ailly-sur-Somme,"[2.19615, 49.92886]"
48,AWD0001n0j,diary,464,3,1916-08-07 00:00:00 UTC,7 Aug 1916,Ailly sur Somme,"[2.19615, 49.92886]","",diaryDate,7 Aug 1916,"{""day""=>[""7""], ""month""=>[""Aug""], ""year""=>[""1916""]}",3038428,Ailly-sur-Somme,"[2.19615, 49.92886]"
50,AWD0001n0j,diary,464,2,1916-08-07 08:00:00 UTC,7 Aug 1916,Ailly sur Somme,"[2.19615, 49.92886]",0800AM,time,0800AM,{},3038428,Ailly-sur-Somme,"[2.19615, 49.92886]"
52,AWD0001n0j,diary,464,7,1916-08-07 08:00:00 UTC,7 Aug 1916,Ailly sur Somme,"[2.19615, 49.92886]",0800AM,activity,training,{},3038428,Ailly-sur-Somme,"[2.19615, 49.92886]"
53,AWD0001n0j,diary,464,2,1916-08-07 08:00:00 UTC,7 Aug 1916,Ailly sur Somme,"[2.19615, 49.92886]",0800AM,place,Ailly sur Somme,"{""place""=>[""Ailly sur Somme""], ""location""=>[""true""], ""name""=>[""Ailly-sur-Somme""], ""lat""=>[""49.92886""], ""long""=>[""2.19615""], ""id""=>[""3038428""]}",3038428,Ailly-sur-Somme,"[2.19615, 49.92886]"
54,AWD0001n0j,diary,464,3,1916-08-08 00:00:00 UTC,8 Aug 1916,Ailly sur Somme,"[2.19615, 49.92886]","",diaryDate,8 Aug 1916,"{""day""=>[""8""], ""month""=>[""Aug""], ""year""=>[""1916""]}",3038428,Ailly-sur-Somme,"[2.19615, 49.92886]"
57,AWD0001n0j,diary,464,3,1916-08-08 00:00:00 UTC,8 Aug 1916,Ailly sur Somme,"[2.19615, 49.92886]","",person,"Brigadier General H C Green , Green, GREEN","{""first""=>[""H C""], ""surname""=>[""Green "", ""Green"", ""GREEN""], ""rank""=>[""Brigadier General""], ""number""=>[""""], ""reason""=>[""commander""], ""unit""=>[""(60th Rifles) Commdg.20th Brigade"", ""20th Bde"", ""60TH RIFLES NOW COMMDG 20TH BDE""]}",3038428,Ailly-sur-Somme,"[2.19615, 49.92886]"
58,AWD0001n0j,diary,464,3,1916-08-08 00:00:00 UTC,8 Aug 1916,Ailly sur Somme,"[2.19615, 49.92886]","",person,"Brigadier General  DEVERELL, Deverill, Deverel","{""first""=>[""""], ""surname""=>[""DEVERELL"", ""Deverill"", ""Deverel""], ""rank""=>[""Brigadier General""], ""number""=>[""""], ""reason""=>[""promotion""], ""unit""=>[""3RD DIV"", ""20th Bge"", ""3rd Div.""]}",3038428,Ailly-sur-Somme,"[2.19615, 49.92886]"
59,AWD0001n0j,diary,464,3,1916-08-09 00:00:00 UTC,9 Aug 1916,Ailly sur Somme,"[2.19615, 49.92886]","",diaryDate,9 Aug 1916,"{""day""=>[""9""], ""month""=>[""Aug""], ""year""=>[""1916""]}",3038428,Ailly-sur-Somme,"[2.19615, 49.92886]"
61,AWD0001n0j,diary,464,4,1916-08-09 00:00:00 UTC,9 Aug 1916,Ailly sur Somme,"[2.19615, 49.92886]","",activity,training,{},3038428,Ailly-sur-Somme,"[2.19615, 49.92886]"
1,AWD0001n0s,diary,465,5,1916-08-10 00:00:00 UTC,10 Aug 1916,Ailly sur Somme,"[2.19615, 49.92886]","",diaryDate,10 Aug 1916,"{""day""=>[""10""], ""month""=>[""Aug""], ""year""=>[""1916""]}",3038428,Ailly-sur-Somme,"[2.19615, 49.92886]"
2,AWD0001n0s,diary,465,5,1916-08-10 00:00:00 UTC,10 Aug 1916,Ailly-sur-Somme,"[2.19615, 49.92886]","",place,Ailly-sur-Somme,"{""place""=>[""Ailly-sur-Somme""], ""location""=>[""true""], ""name""=>[""Ailly-sur-Somme""], ""lat""=>[""49.92886""], ""long""=>[""2.19615""], ""id""=>[""3038428""]}",3038428,Ailly-sur-Somme,"[2.19615, 49.92886]"
3,AWD0001n0s,diary,465,2,1916-08-10 08:00:00 UTC,10 Aug 1916,Ailly-sur-Somme,"[2.19615, 49.92886]",0800AM,time,0800AM,{},3038428,Ailly-sur-Somme,"[2.19615, 49.92886]"
5,AWD0001n0s,diary,465,8,1916-08-10 08:00:00 UTC,10 Aug 1916,Ailly-sur-Somme,"[2.19615, 49.92886]",0800AM,activity,training,{},3038428,Ailly-sur-Somme,"[2.19615, 49.92886]"
6,AWD0001n0s,diary,465,5,1916-08-11 00:00:00 UTC,11 Aug 1916,Ailly-sur-Somme,"[2.19615, 49.92886]","",diaryDate,11 Aug 1916,"{""day""=>[""11""], ""month""=>[""Aug""], ""year""=>[""1916""]}",3038428,Ailly-sur-Somme,"[2.19615, 49.92886]"
7,AWD0001n0s,diary,465,2,1916-08-11 09:30:00 UTC,11 Aug 1916,Ailly-sur-Somme,"[2.19615, 49.92886]",0930AM,time,0930AM,{},3038428,Ailly-sur-Somme,"[2.19615, 49.92886]"
8,AWD0001n0s,diary,465,4,1916-08-11 09:30:00 UTC,11 Aug 1916,"Ailly-sur-Somme, Ailly sur Somme","[2.19615, 49.92886]",0930AM,place,"Ailly-sur-Somme, Ailly sur Somme","{""place""=>[""Ailly-sur-Somme"", ""Ailly sur Somme""], ""location""=>[""true""], ""name""=>[""Ailly-sur-Somme""], ""lat""=>[""49.92886""], ""long""=>[""2.19615""], ""id""=>[""3038428""]}",3038428,Ailly-sur-Somme,"[2.19615, 49.92886]"
10,AWD0001n0s,diary,465,5,1916-08-12 00:00:00 UTC,12 Aug 1916,"Ailly-sur-Somme, Ailly sur Somme","[2.19615, 49.92886]","",diaryDate,12 Aug 1916,"{""day""=>[""12""], ""month""=>[""Aug""], ""year""=>[""1916""]}",3038428,Ailly-sur-Somme,"[2.19615, 49.92886]"
11,AWD0001n0s,diary,465,2,1916-08-12 03:40:00 UTC,12 Aug 1916,"Ailly-sur-Somme, Ailly sur Somme","[2.19615, 49.92886]",0340AM,time,0340AM,{},3038428,Ailly-sur-Somme,"[2.19615, 49.92886]"
12,AWD0001n0s,diary,465,5,1916-08-12 03:40:00 UTC,12 Aug 1916,"Ailly-sur-Somme, Ailly sur Somme","[2.19615, 49.92886]",0340AM,activity,movement,{},3038428,Ailly-sur-Somme,"[2.19615, 49.92886]"
13,AWD0001n0s,diary,465,2,1916-08-12 03:40:00 UTC,12 Aug 1916,"Ailly-sur-Somme, Ailly sur Somme","[2.19615, 49.92886]",0340AM,place,Vignacourt,"{""place""=>[""Vignacourt""], ""location""=>[""false"", ""true""], ""name""=>[""Vignacourt""], ""lat""=>[""50.01236""], ""long""=>[""2.19743""], ""id""=>[""2969146""]}",3038428,Ailly-sur-Somme,"[2.19615, 49.92886]"
14,AWD0001n0s,diary,465,2,1916-08-12 09:15:00 UTC,12 Aug 1916,"Ailly-sur-Somme, Ailly sur Somme","[2.19615, 49.92886]",0915AM,time,0915AM,{},3038428,Ailly-sur-Somme,"[2.19615, 49.92886]"
15,AWD0001n0s,diary,465,2,1916-08-12 09:30:00 UTC,12 Aug 1916,"Ailly-sur-Somme, Ailly sur Somme","[2.19615, 49.92886]",0930AM,time,0930AM,{},3038428,Ailly-sur-Somme,"[2.19615, 49.92886]"
16,AWD0001n0s,diary,465,2,1916-08-12 09:30:00 UTC,12 Aug 1916,"Ailly-sur-Somme, Ailly sur Somme","[2.19615, 49.92886]",0930AM,place,Canaples,"{""place""=>[""Canaples""], ""location""=>[""false""], ""name""=>[""Canaples""], ""lat""=>[""50.05605""], ""long""=>[""2.21878""], ""id""=>[""3028880""]}",3038428,Ailly-sur-Somme,"[2.19615, 49.92886]"
17,AWD0001n0s,diary,465,2,1916-08-12 09:30:00 UTC,12 Aug 1916,"Ailly-sur-Somme, Ailly sur Somme","[2.19615, 49.92886]",0930AM,activity,movement,{},3038428,Ailly-sur-Somme,"[2.19615, 49.92886]"
18,AWD0001n0s,diary,465,2,1916-08-12 09:30:00 UTC,12 Aug 1916,"Ailly-sur-Somme, Ailly sur Somme","[2.19615, 49.92886]",0930AM,place,Hangest,"{""place""=>[""Hangest""], ""location""=>[""false""], ""name""=>[""Hangest-sur-Somme""], ""lat""=>[""49.98086""], ""long""=>[""2.06447""], ""id""=>[""3013992""]}",3038428,Ailly-sur-Somme,"[2.19615, 49.92886]"
19,AWD0001n0s,diary,465,3,1916-08-12 09:30:00 UTC,12 Aug 1916,"Ailly-sur-Somme, Ailly sur Somme","[2.19615, 49.92886]",0930AM,place,Ailly,"{""place""=>[""Ailly""], ""location""=>[""false""], ""name""=>[""Ailly-sur-Somme""], ""lat""=>[""49.92886""], ""long""=>[""2.19615""], ""id""=>[""3038428""]}",3038428,Ailly-sur-Somme,"[2.19615, 49.92886]"
20,AWD0001n0s,diary,465,2,1916-08-12 09:30:00 UTC,12 Aug 1916,"Ailly-sur-Somme, Ailly sur Somme","[2.19615, 49.92886]",0930AM,place,Amiens,"{""place""=>[""Amiens""], ""location""=>[""false""], ""name""=>[""Amiens""], ""lat""=>[""49.9""], ""long""=>[""2.3""], ""id""=>[""3037854""]}",3038428,Ailly-sur-Somme,"[2.19615, 49.92886]"
21,AWD0001n0s,diary,465,2,1916-08-12 09:30:00 UTC,12 Aug 1916,"Ailly-sur-Somme, Ailly sur Somme","[2.19615, 49.92886]",0930AM,place,Mericourt,"{""place""=>[""Mericourt""], ""location""=>[""false"", ""true""], ""name""=>["""", ""Méricourt-sur-Somme""], ""lat""=>["""", ""49.90545""], ""long""=>["""", ""2.67436""], ""id""=>["""", ""2994398""]}",3038428,Ailly-sur-Somme,"[2.19615, 49.92886]"
22,AWD0001n0s,diary,465,4,1916-08-12 09:30:00 UTC,12 Aug 1916,"Buire-sur-Ancre, BUIRE-SUR-LANCRE, Buire sur Ancre, Buire-Sur-Ancre","[2.59152, 49.96517]",0930AM,place,"Buire-sur-Ancre, BUIRE-SUR-LANCRE, Buire sur Ancre, Buire-Sur-Ancre","{""place""=>[""Buire-sur-Ancre"", ""BUIRE-SUR-LANCRE"", ""Buire sur Ancre"", ""Buire-Sur-Ancre""], ""location""=>[""true""], ""name""=>[""Buire-sur-l’Ancre"", ""Buire-sur-l'Ancre""], ""lat""=>[""49.96517""], ""long""=>[""2.59152""], ""id""=>[""3029607""]}",3029607,Buire-sur-l’Ancre,"[2.59152, 49.96517]"
25,AWD0001n0s,diary,465,2,1916-08-12 09:30:00 UTC,12 Aug 1916,"Buire-sur-Ancre, BUIRE-SUR-LANCRE, Buire sur Ancre, Buire-Sur-Ancre","[2.59152, 49.96517]",0930AM,place,"Flixecourt, Flexicourt","{""place""=>[""Flixecourt"", ""Flexicourt""], ""location""=>[""false""], ""name""=>[""Flixecourt"", """"], ""lat""=>[""50.01465"", """"], ""long""=>[""2.08095"", """"], ""id""=>[""3018252"", """"]}",3029607,Buire-sur-l’Ancre,"[2.59152, 49.96517]"
26,AWD0001n0s,diary,465,2,1916-08-12 14:30:00 UTC,12 Aug 1916,"Buire-sur-Ancre, BUIRE-SUR-LANCRE, Buire sur Ancre, Buire-Sur-Ancre","[2.59152, 49.96517]",0230PM,time,0230PM,{},3029607,Buire-sur-l’Ancre,"[2.59152, 49.96517]"
28,AWD0001n0s,diary,465,3,1916-08-12 14:30:00 UTC,12 Aug 1916,"Buire-sur-Ancre, BUIRE-SUR-LANCRE, Buire sur Ancre, Buire-Sur-Ancre","[2.59152, 49.96517]",0230PM,domestic,accomodation,{},3029607,Buire-sur-l’Ancre,"[2.59152, 49.96517]"
31,AWD0001n0s,diary,465,5,1916-08-13 00:00:00 UTC,13 Aug 1916,"Buire-sur-Ancre, BUIRE-SUR-LANCRE, Buire sur Ancre, Buire-Sur-Ancre","[2.59152, 49.96517]","",diaryDate,13 Aug 1916,"{""day""=>[""13""], ""month""=>[""Aug""], ""year""=>[""1916""]}",3029607,Buire-sur-l’Ancre,"[2.59152, 49.96517]"
32,AWD0001n0s,diary,465,2,1916-08-13 11:00:00 UTC,13 Aug 1916,"Buire-sur-Ancre, BUIRE-SUR-LANCRE, Buire sur Ancre, Buire-Sur-Ancre","[2.59152, 49.96517]",1100AM,time,1100AM,{},3029607,Buire-sur-l’Ancre,"[2.59152, 49.96517]"
33,AWD0001n0s,diary,465,5,1916-08-13 11:00:00 UTC,13 Aug 1916,"Buire-sur-Ancre, BUIRE-SUR-LANCRE, Buire sur Ancre, Buire-Sur-Ancre","[2.59152, 49.96517]",1100AM,domestic,religion,{},3029607,Buire-sur-l’Ancre,"[2.59152, 49.96517]"
34,AWD0001n0s,diary,465,3,1916-08-13 11:00:00 UTC,13 Aug 1916,"Buire-sur-Ancre, BUIRE-SUR-LANCRE, Buire sur Ancre, Buire-Sur-Ancre","[2.59152, 49.96517]",1100AM,domestic,parades,{},3029607,Buire-sur-l’Ancre,"[2.59152, 49.96517]"
37,AWD0001n0s,diary,465,2,1916-08-13 11:00:00 UTC,13 Aug 1916,"Buire-sur-Ancre, BUIRE-SUR-LANCRE, Buire sur Ancre, Buire-Sur-Ancre","[2.59152, 49.96517]",1100AM,place,"Vivermill, Vivier Mill","{""place""=>[""Vivermill"", ""Vivier Mill""], ""location""=>[""false"", ""true""], ""name""=>[""Vignacourt"", ""Vivier""], ""lat""=>[""50.01236"", ""48.73816""], ""long""=>[""2.19743"", ""3.57479""], ""id""=>[""2969146"", ""2967824""]}",3029607,Buire-sur-l’Ancre,"[2.59152, 49.96517]"
39,AWD0001n0s,diary,465,3,1916-08-13 11:00:00 UTC,13 Aug 1916,Buire sur Ancre,"[2.59152, 49.96517]",1100AM,place,Buire sur Ancre,"{""place""=>[""Buire sur Ancre""], ""location""=>[""true""], ""name""=>[""Buire-sur-l’Ancre""], ""lat""=>[""49.96517""], ""long""=>[""2.59152""], ""id""=>[""3029607""]}",3029607,Buire-sur-l’Ancre,"[2.59152, 49.96517]"
40,AWD0001n0s,diary,465,4,1916-08-14 00:00:00 UTC,14 Aug 1916,Buire sur Ancre,"[2.59152, 49.96517]","",diaryDate,14 Aug 1916,"{""day""=>[""14""], ""month""=>[""Aug""], ""year""=>[""1916""]}",3029607,Buire-sur-l’Ancre,"[2.59152, 49.96517]"
41,AWD0001n0s,diary,465,4,1916-08-14 00:00:00 UTC,14 Aug 1916,Buire sur Ancre,"[2.59152, 49.96517]","",domestic,inspections,{},3029607,Buire-sur-l’Ancre,"[2.59152, 49.96517]"
42,AWD0001n0s,diary,465,2,1916-08-14 00:00:00 UTC,14 Aug 1916,Buire sur Ancre,"[2.59152, 49.96517]","",activity,training,{},3029607,Buire-sur-l’Ancre,"[2.59152, 49.96517]"
43,AWD0001n0s,diary,465,4,1916-08-15 00:00:00 UTC,15 Aug 1916,Buire sur Ancre,"[2.59152, 49.96517]","",diaryDate,15 Aug 1916,"{""day""=>[""15""], ""month""=>[""Aug""], ""year""=>[""1916""]}",3029607,Buire-sur-l’Ancre,"[2.59152, 49.96517]"
44,AWD0001n0s,diary,465,4,1916-08-15 09:00:00 UTC,15 Aug 1916,Buire sur Ancre,"[2.59152, 49.96517]",0900AM,time,0900AM,{},3029607,Buire-sur-l’Ancre,"[2.59152, 49.96517]"
45,AWD0001n0s,diary,465,7,1916-08-15 09:00:00 UTC,15 Aug 1916,Buire sur Ancre,"[2.59152, 49.96517]",0900AM,activity,training,{},3029607,Buire-sur-l’Ancre,"[2.59152, 49.96517]"
46,AWD0001n0s,diary,465,4,1916-08-15 09:00:00 UTC,15 Aug 1916,"Buire-Sur-Ancre, Buire sur Ancre","[2.59152, 49.96517]",0900AM,place,"Buire-Sur-Ancre, Buire sur Ancre","{""place""=>[""Buire-Sur-Ancre"", ""Buire sur Ancre""], ""location""=>[""true""], ""name""=>[""Buire-sur-l’Ancre""], ""lat""=>[""49.96517""], ""long""=>[""2.59152""], ""id""=>[""3029607""]}",3029607,Buire-sur-l’Ancre,"[2.59152, 49.96517]"
47,AWD0001n0s,diary,465,4,1916-08-16 00:00:00 UTC,16 Aug 1916,"Buire-Sur-Ancre, Buire sur Ancre","[2.59152, 49.96517]","",diaryDate,16 Aug 1916,"{""day""=>[""16""], ""month""=>[""Aug""], ""year""=>[""1916""]}",3029607,Buire-sur-l’Ancre,"[2.59152, 49.96517]"
48,AWD0001n0s,diary,465,2,1916-08-16 08:00:00 UTC,16 Aug 1916,"Buire-Sur-Ancre, Buire sur Ancre","[2.59152, 49.96517]",0800AM,time,0800AM,{},3029607,Buire-sur-l’Ancre,"[2.59152, 49.96517]"
49,AWD0001n0s,diary,465,8,1916-08-16 08:00:00 UTC,16 Aug 1916,"Buire-Sur-Ancre, Buire sur Ancre","[2.59152, 49.96517]",0800AM,activity,training,{},3029607,Buire-sur-l’Ancre,"[2.59152, 49.96517]"
52,AWD0001n0s,diary,465,5,1916-08-17 00:00:00 UTC,17 Aug 1916,"Buire-Sur-Ancre, Buire sur Ancre","[2.59152, 49.96517]","",diaryDate,17 Aug 1916,"{""day""=>[""17""], ""month""=>[""Aug""], ""year""=>[""1916""]}",3029607,Buire-sur-l’Ancre,"[2.59152, 49.96517]"
53,AWD0001n0s,diary,465,2,1916-08-17 00:00:00 UTC,17 Aug 1916,"Buire-Sur-Ancre, Buire sur Ancre","[2.59152, 49.96517]","",activity,training,{},3029607,Buire-sur-l’Ancre,"[2.59152, 49.96517]"
54,AWD0001n0s,diary,465,2,1916-08-17 00:00:00 UTC,17 Aug 1916,Buire,"[2.59152, 49.96517]","",place,Buire,"{""place""=>[""Buire""], ""location""=>[""true""], ""name""=>[""Buire-sur-l'Ancre""], ""lat""=>[""49.96517""], ""long""=>[""2.59152""], ""id""=>[""3029607""]}",3030108,Brie,"[0.24107, 45.73804]"
55,AWD0001n0s,diary,465,2,1916-08-17 09:00:00 UTC,17 Aug 1916,Buire,"[2.59152, 49.96517]",0900AM,time,0900AM,{},3030108,Brie,"[0.24107, 45.73804]"
57,AWD0001n0s,diary,465,2,1916-08-17 09:00:00 UTC,17 Aug 1916,Buire,"[2.59152, 49.96517]",0900AM,place,"Treux, Vaux","{""place""=>[""Treux"", ""Vaux""], ""location""=>[""false""], ""name""=>[""Treux"", """"], ""lat""=>[""49.95786"", """"], ""long""=>[""2.59125"", """"], ""id""=>[""2971758"", """"]}",3030108,Brie,"[0.24107, 45.73804]"
59,AWD0001n0s,diary,465,4,1916-08-17 09:00:00 UTC,17 Aug 1916,"Buire-Sur-Ancre, Buire sur Ancre","[2.59152, 49.96517]",0900AM,place,"Buire-Sur-Ancre, Buire sur Ancre","{""place""=>[""Buire-Sur-Ancre"", ""Buire sur Ancre""], ""location""=>[""true""], ""name""=>[""Buire-sur-l’Ancre""], ""lat""=>[""49.96517""], ""long""=>[""2.59152""], ""id""=>[""3029607""]}",3029607,Buire-sur-l’Ancre,"[2.59152, 49.96517]"
60,AWD0001n0s,diary,465,5,1916-08-18 00:00:00 UTC,18 Aug 1916,"Buire-Sur-Ancre, Buire sur Ancre","[2.59152, 49.96517]","",diaryDate,18 Aug 1916,"{""day""=>[""18""], ""month""=>[""Aug""], ""year""=>[""1916""]}",3029607,Buire-sur-l’Ancre,"[2.59152, 49.96517]"
61,AWD0001n0s,diary,465,7,1916-08-18 00:00:00 UTC,18 Aug 1916,"Buire-Sur-Ancre, Buire sur Ancre","[2.59152, 49.96517]","",activity,training,{},3029607,Buire-sur-l’Ancre,"[2.59152, 49.96517]"
62,AWD0001n0s,diary,465,2,1916-08-18 07:00:00 UTC,18 Aug 1916,"Buire-Sur-Ancre, Buire sur Ancre","[2.59152, 49.96517]",0700AM,time,0700AM,{},3029607,Buire-sur-l’Ancre,"[2.59152, 49.96517]"
63,AWD0001n0s,diary,465,5,1916-08-18 07:00:00 UTC,18 Aug 1916,"Buire-Sur-Ancre, Buire sur Ancre","[2.59152, 49.96517]",0700AM,domestic,sport,{},3029607,Buire-sur-l’Ancre,"[2.59152, 49.96517]"
65,AWD0001n0s,diary,465,3,1916-08-18 07:00:00 UTC,18 Aug 1916,Buire-Sur-Ancre,"[2.59152, 49.96517]",0700AM,place,Buire-Sur-Ancre,"{""place""=>[""Buire-Sur-Ancre""], ""location""=>[""true""], ""name""=>[""Buire-sur-l’Ancre""], ""lat""=>[""49.96517""], ""long""=>[""2.59152""], ""id""=>[""3029607""]}",3029607,Buire-sur-l’Ancre,"[2.59152, 49.96517]"
66,AWD0001n0s,diary,465,2,1916-08-18 15:00:00 UTC,18 Aug 1916,Buire-Sur-Ancre,"[2.59152, 49.96517]",0300PM,time,0300PM,{},3029607,Buire-sur-l’Ancre,"[2.59152, 49.96517]"
67,AWD0001n0s,diary,465,5,1916-08-19 00:00:00 UTC,19 Aug 1916,Buire-Sur-Ancre,"[2.59152, 49.96517]","",diaryDate,19 Aug 1916,"{""day""=>[""19""], ""month""=>[""Aug""], ""year""=>[""1916""]}",3029607,Buire-sur-l’Ancre,"[2.59152, 49.96517]"
68,AWD0001n0s,diary,465,6,1916-08-19 00:00:00 UTC,19 Aug 1916,Buire-Sur-Ancre,"[2.59152, 49.96517]","",activity,training,{},3029607,Buire-sur-l’Ancre,"[2.59152, 49.96517]"
69,AWD0001n0s,diary,465,3,1916-08-19 00:00:00 UTC,19 Aug 1916,Buire-Sur-Ancre,"[2.59152, 49.96517]","",domestic,inspections,{},3029607,Buire-sur-l’Ancre,"[2.59152, 49.96517]"
76,AWD0001n0s,diary,465,5,1916-08-20 00:00:00 UTC,20 Aug 1916,Buire-Sur-Ancre,"[2.59152, 49.96517]","",diaryDate,20 Aug 1916,"{""day""=>[""20""], ""month""=>[""Aug""], ""year""=>[""1916""]}",3029607,Buire-sur-l’Ancre,"[2.59152, 49.96517]"
77,AWD0001n0s,diary,465,4,1916-08-20 00:00:00 UTC,20 Aug 1916,"Buire sur Ancre, Buire-Sur-Ancre","[2.59152, 49.96517]","",place,"Buire sur Ancre, Buire-Sur-Ancre","{""place""=>[""Buire sur Ancre"", ""Buire-Sur-Ancre""], ""location""=>[""true""], ""name""=>[""Buire-sur-l’Ancre""], ""lat""=>[""49.96517""], ""long""=>[""2.59152""], ""id""=>[""3029607""]}",3029607,Buire-sur-l’Ancre,"[2.59152, 49.96517]"
78,AWD0001n0s,diary,465,2,1916-08-20 10:00:00 UTC,20 Aug 1916,"Buire sur Ancre, Buire-Sur-Ancre","[2.59152, 49.96517]",1000AM,time,1000AM,{},3029607,Buire-sur-l’Ancre,"[2.59152, 49.96517]"
79,AWD0001n0s,diary,465,5,1916-08-20 10:00:00 UTC,20 Aug 1916,"Buire sur Ancre, Buire-Sur-Ancre","[2.59152, 49.96517]",1000AM,domestic,religion,{},3029607,Buire-sur-l’Ancre,"[2.59152, 49.96517]"
80,AWD0001n0s,diary,465,5,1916-08-21 00:00:00 UTC,21 Aug 1916,"Buire sur Ancre, Buire-Sur-Ancre","[2.59152, 49.96517]","",diaryDate,21 Aug 1916,"{""day""=>[""21""], ""month""=>[""Aug""], ""year""=>[""1916""]}",3029607,Buire-sur-l’Ancre,"[2.59152, 49.96517]"
82,AWD0001n0s,diary,465,2,1916-08-21 21:30:00 UTC,21 Aug 1916,"Buire sur Ancre, Buire-Sur-Ancre","[2.59152, 49.96517]",0930PM,time,0930PM,{},3029607,Buire-sur-l’Ancre,"[2.59152, 49.96517]"
83,AWD0001n0s,diary,465,8,1916-08-21 21:30:00 UTC,21 Aug 1916,"Buire sur Ancre, Buire-Sur-Ancre","[2.59152, 49.96517]",0930PM,activity,training,{},3029607,Buire-sur-l’Ancre,"[2.59152, 49.96517]"
84,AWD0001n0s,diary,465,5,1916-08-22 00:00:00 UTC,22 Aug 1916,"Buire sur Ancre, Buire-Sur-Ancre","[2.59152, 49.96517]","",diaryDate,22 Aug 1916,"{""day""=>[""22""], ""month""=>[""Aug""], ""year""=>[""1916""]}",3029607,Buire-sur-l’Ancre,"[2.59152, 49.96517]"
85,AWD0001n0s,diary,465,3,1916-08-22 00:00:00 UTC,22 Aug 1916,Buire sur Ancre,"[2.59152, 49.96517]","",place,Buire sur Ancre,"{""place""=>[""Buire sur Ancre""], ""location""=>[""true""], ""name""=>[""Buire-sur-l'Ancre""], ""lat""=>[""49.96517""], ""long""=>[""2.59152""], ""id""=>[""3029607""]}",3029607,Buire-sur-l’Ancre,"[2.59152, 49.96517]"
86,AWD0001n0s,diary,465,3,1916-08-22 09:00:00 UTC,22 Aug 1916,Buire sur Ancre,"[2.59152, 49.96517]",0900AM,time,0900AM,{},3029607,Buire-sur-l’Ancre,"[2.59152, 49.96517]"
87,AWD0001n0s,diary,465,4,1916-08-22 09:00:00 UTC,22 Aug 1916,Buire sur Ancre,"[2.59152, 49.96517]",0900AM,activity,training,{},3029607,Buire-sur-l’Ancre,"[2.59152, 49.96517]"
88,AWD0001n0s,diary,465,5,1916-08-23 00:00:00 UTC,23 Aug 1916,Buire sur Ancre,"[2.59152, 49.96517]","",diaryDate,23 Aug 1916,"{""day""=>[""23""], ""month""=>[""Aug""], ""year""=>[""1916""]}",3029607,Buire-sur-l’Ancre,"[2.59152, 49.96517]"
89,AWD0001n0s,diary,465,2,1916-08-23 00:00:00 UTC,23 Aug 1916,"Buire-Sur-Ancre, Buire sur Ancre","[2.59152, 49.96517]","",place,"Buire-Sur-Ancre, Buire sur Ancre","{""place""=>[""Buire-Sur-Ancre"", ""Buire sur Ancre""], ""location""=>[""true""], ""name""=>[""Buire-sur-l’Ancre"", ""Buire-sur-l'Ancre""], ""lat""=>[""49.96517""], ""long""=>[""2.59152""], ""id""=>[""3029607""]}",3029607,Buire-sur-l’Ancre,"[2.59152, 49.96517]"
90,AWD0001n0s,diary,465,2,1916-08-23 08:00:00 UTC,23 Aug 1916,"Buire-Sur-Ancre, Buire sur Ancre","[2.59152, 49.96517]",0800AM,time,0800AM,{},3029607,Buire-sur-l’Ancre,"[2.59152, 49.96517]"
92,AWD0001n0s,diary,465,4,1916-08-23 08:00:00 UTC,23 Aug 1916,"Buire-Sur-Ancre, Buire sur Ancre","[2.59152, 49.96517]",0800AM,domestic,hygiene,{},3029607,Buire-sur-l’Ancre,"[2.59152, 49.96517]"
93,AWD0001n0s,diary,465,2,1916-08-23 08:00:00 UTC,23 Aug 1916,"Buire-Sur-Ancre, Buire sur Ancre","[2.59152, 49.96517]",0800AM,place,"Villa Baths, Ville Baths","{""place""=>[""Villa Baths"", ""Ville Baths""], ""location""=>[""false""], ""name""=>[""""], ""lat""=>[""""], ""long""=>[""""], ""id""=>[""""]}",3029607,Buire-sur-l’Ancre,"[2.59152, 49.96517]"
94,AWD0001n0s,diary,465,2,1916-08-23 08:00:00 UTC,23 Aug 1916,"Buire-Sur-Ancre, Buire sur Ancre","[2.59152, 49.96517]",0800AM,activity,training,{},3029607,Buire-sur-l’Ancre,"[2.59152, 49.96517]"
1,AWD0001myz,diary,466,3,1916-08-24 00:00:00 UTC,24 Aug 1916,"Buire-Sur-Ancre, Buire sur Ancre","[2.59152, 49.96517]","",diaryDate,24 Aug 1916,"{""day""=>[""24""], ""month""=>[""Aug""], ""year""=>[""1916""]}",3029607,Buire-sur-l’Ancre,"[2.59152, 49.96517]"
2,AWD0001myz,diary,466,5,1916-08-24 00:00:00 UTC,24 Aug 1916,"Buire-Sur-Ancre, Buire sur Ancre","[2.59152, 49.96517]","",domestic,parades,{},3029607,Buire-sur-l’Ancre,"[2.59152, 49.96517]"
3,AWD0001myz,diary,466,2,1916-08-24 00:00:00 UTC,24 Aug 1916,"Buire-Sur-Ancre, Buire sur Ancre","[2.59152, 49.96517]","",diaryDate,24 Aug 1916,"{""day""=>[""24""], ""month""=>[""Aug""], ""year""=>[""1916""]}",3029607,Buire-sur-l’Ancre,"[2.59152, 49.96517]"
4,AWD0001myz,diary,466,2,1916-08-24 00:00:00 UTC,24 Aug 1916,"Buire-sur-Ancre, BUIRE-SUR-LANCRE","[2.59152, 49.96517]","",place,"Buire-sur-Ancre, BUIRE-SUR-LANCRE","{""place""=>[""Buire-sur-Ancre"", ""BUIRE-SUR-LANCRE""], ""location""=>[""true""], ""name""=>[""Buire-sur-l’Ancre"", ""Buire-sur-l'Ancre""], ""lat""=>[""49.96517""], ""long""=>[""2.59152""], ""id""=>[""3029607""]}",3029607,Querrieu,"[2.59152, 49.96517]"
6,AWD0001myz,diary,466,2,1916-08-24 09:00:00 UTC,24 Aug 1916,"Buire-sur-Ancre, BUIRE-SUR-LANCRE","[2.59152, 49.96517]",0900AM,time,0900AM,{},3029607,Querrieu,"[2.59152, 49.96517]"
7,AWD0001myz,diary,466,5,1916-08-24 09:00:00 UTC,24 Aug 1916,Buire,"[2.59152, 49.96517]",0900AM,place,Buire,"{""place""=>[""Buire""], ""location""=>[""true""], ""name""=>[""Buire-sur-l'Ancre""], ""lat""=>[""49.96517""], ""long""=>[""2.59152""], ""id""=>[""3029607""]}",3030108,Brie,"[0.24107, 45.73804]"
8,AWD0001myz,diary,466,5,1916-08-25 00:00:00 UTC,25 Aug 1916,Buire,"[2.59152, 49.96517]","",diaryDate,25 Aug 1916,"{""day""=>[""25""], ""month""=>[""Aug""], ""year""=>[""1916""]}",3030108,Brie,"[0.24107, 45.73804]"
9,AWD0001myz,diary,466,2,1916-08-25 10:45:00 UTC,25 Aug 1916,Buire,"[2.59152, 49.96517]",1045AM,time,1045AM,{},3030108,Brie,"[0.24107, 45.73804]"
10,AWD0001myz,diary,466,5,1916-08-25 10:45:00 UTC,25 Aug 1916,Buire,"[2.59152, 49.96517]",1045AM,domestic,parades,{},3030108,Brie,"[0.24107, 45.73804]"
12,AWD0001myz,diary,466,5,1916-08-26 00:00:00 UTC,26 Aug 1916,Buire,"[2.59152, 49.96517]","",diaryDate,26 Aug 1916,"{""day""=>[""26""], ""month""=>[""Aug""], ""year""=>[""1916""]}",3030108,Brie,"[0.24107, 45.73804]"
13,AWD0001myz,diary,466,2,1916-08-26 07:00:00 UTC,26 Aug 1916,Buire,"[2.59152, 49.96517]",0700AM,time,0700AM,{},3030108,Brie,"[0.24107, 45.73804]"
15,AWD0001myz,diary,466,4,1916-08-26 07:00:00 UTC,26 Aug 1916,Buire,"[0.0, 0.0]",0700AM,place,Buire,"{""place""=>[""Buire""], ""location""=>[""true""], ""name""=>[""Buire"", ""Buire-sur-l'Ancre""], ""lat""=>[""49.90301"", ""49.96517""], ""long""=>[""4.05499"", ""2.59152""], ""id""=>[""3029611"", ""3029607""]}",3030108,Brie,"[0.24107, 45.73804]"
16,AWD0001myz,diary,466,9,1916-08-26 07:00:00 UTC,26 Aug 1916,Buire,"[0.0, 0.0]",0700AM,activity,training,{},3030108,Brie,"[0.24107, 45.73804]"
17,AWD0001myz,diary,466,5,1916-08-27 00:00:00 UTC,27 Aug 1916,Buire,"[0.0, 0.0]","",diaryDate,27 Aug 1916,"{""day""=>[""27""], ""month""=>[""Aug""], ""year""=>[""1916""]}",3030108,Brie,"[0.24107, 45.73804]"
18,AWD0001myz,diary,466,5,1916-08-27 00:00:00 UTC,27 Aug 1916,Buire,"[0.0, 0.0]","",domestic,religion,{},3030108,Brie,"[0.24107, 45.73804]"
19,AWD0001myz,diary,466,2,1916-08-27 11:00:00 UTC,27 Aug 1916,Buire,"[0.0, 0.0]",1100AM,time,1100AM,{},3030108,Brie,"[0.24107, 45.73804]"
20,AWD0001myz,diary,466,5,1916-08-28 00:00:00 UTC,28 Aug 1916,Buire,"[0.0, 0.0]","",diaryDate,28 Aug 1916,"{""day""=>[""28""], ""month""=>[""Aug""], ""year""=>[""1916""]}",3030108,Brie,"[0.24107, 45.73804]"
22,AWD0001myz,diary,466,2,1916-08-28 07:00:00 UTC,28 Aug 1916,Buire,"[0.0, 0.0]",0700AM,time,0700AM,{},3030108,Brie,"[0.24107, 45.73804]"
26,AWD0001myz,diary,466,4,1916-08-28 07:00:00 UTC,28 Aug 1916,Buire,"[0.0, 0.0]",0700AM,place,Buire,"{""place""=>[""Buire""], ""location""=>[""true""], ""name""=>[""Buire"", ""Buire-sur-l'Ancre""], ""lat""=>[""49.90301"", ""49.96517""], ""long""=>[""4.05499"", ""2.59152""], ""id""=>[""3029611"", ""3029607""]}",3030108,Brie,"[0.24107, 45.73804]"
27,AWD0001myz,diary,466,2,1916-08-29 00:00:00 UTC,29 Aug 1916,Buire,"[0.0, 0.0]","",diaryDate,29 Aug 1916,"{""day""=>[""29""], ""month""=>[""Aug""], ""year""=>[""1916""]}",3030108,Brie,"[0.24107, 45.73804]"
28,AWD0001myz,diary,466,8,1916-08-29 00:00:00 UTC,29 Aug 1916,Buire,"[0.0, 0.0]","",activity,training,{},3030108,Brie,"[0.24107, 45.73804]"
29,AWD0001myz,diary,466,3,1916-08-29 00:00:00 UTC,29 Aug 1916,Buire,"[0.0, 0.0]","",diaryDate,29 Aug 1916,"{""day""=>[""29""], ""month""=>[""Aug""], ""year""=>[""1916""]}",3030108,Brie,"[0.24107, 45.73804]"
30,AWD0001myz,diary,466,2,1916-08-29 00:00:00 UTC,29 Aug 1916,Buire,"[0.0, 0.0]","",activity,repair,{},3030108,Brie,"[0.24107, 45.73804]"
31,AWD0001myz,diary,466,5,1916-08-30 00:00:00 UTC,30 Aug 1916,Buire,"[0.0, 0.0]","",diaryDate,30 Aug 1916,"{""day""=>[""30""], ""month""=>[""Aug""], ""year""=>[""1916""]}",3030108,Brie,"[0.24107, 45.73804]"
32,AWD0001myz,diary,466,4,1916-08-30 08:00:00 UTC,30 Aug 1916,Buire,"[0.0, 0.0]",0800AM,time,0800AM,{},3030108,Brie,"[0.24107, 45.73804]"
33,AWD0001myz,diary,466,2,1916-08-30 08:00:00 UTC,30 Aug 1916,Buire,"[0.0, 0.0]",0800AM,activity,training,{},3030108,Brie,"[0.24107, 45.73804]"
34,AWD0001myz,diary,466,4,1916-08-30 08:00:00 UTC,30 Aug 1916,Buire,"[0.0, 0.0]",0800AM,domestic,hygiene,{},3030108,Brie,"[0.24107, 45.73804]"
37,AWD0001myz,diary,466,4,1916-08-30 08:00:00 UTC,30 Aug 1916,Buire,"[0.0, 0.0]",0800AM,place,Buire,"{""place""=>[""Buire""], ""location""=>[""true""], ""name""=>[""Buire"", ""Buire-sur-l'Ancre""], ""lat""=>[""49.90301"", ""49.96517""], ""long""=>[""4.05499"", ""2.59152""], ""id""=>[""3029611"", ""3029607""]}",3030108,Brie,"[0.24107, 45.73804]"
38,AWD0001myz,diary,466,5,1916-08-31 00:00:00 UTC,31 Aug 1916,Buire,"[0.0, 0.0]","",diaryDate,31 Aug 1916,"{""day""=>[""31""], ""month""=>[""Aug""], ""year""=>[""1916""]}",3030108,Brie,"[0.24107, 45.73804]"
39,AWD0001myz,diary,466,2,1916-08-31 08:00:00 UTC,31 Aug 1916,Buire,"[0.0, 0.0]",0800AM,time,0800AM,{},3030108,Brie,"[0.24107, 45.73804]"
40,AWD0001myz,diary,466,4,1916-08-31 08:00:00 UTC,31 Aug 1916,Buire,"[0.0, 0.0]",0800AM,activity,working,{},3030108,Brie,"[0.24107, 45.73804]"
42,AWD0001myz,diary,466,4,1916-08-31 08:00:00 UTC,31 Aug 1916,Buire,"[0.0, 0.0]",0800AM,activity,repair,{},3030108,Brie,"[0.24107, 45.73804]"
43,AWD0001myz,diary,466,4,1916-08-31 08:00:00 UTC,31 Aug 1916,Buire,"[0.0, 0.0]",0800AM,person,Captain C Pepys,"{""first""=>[""C""], ""surname""=>[""Pepys""], ""rank""=>[""Captain""], ""number""=>[""""], ""reason""=>[""author""], ""unit""=>[""""]}",3030108,Brie,"[0.24107, 45.73804]"
2,AWD0001n12,orders,468,3,,,,[],,orders,attack,{},,,
6,AWD0001n12,orders,468,2,,,,[],,orders,attack,{},,,
4,AWD0001mzw,orders,469,3,,,,[],,orders,attack,{},,,
4,AWD0001n23,orders,470,3,,,,[],,orders,attack,{},,,
8,AWD0001n23,orders,470,2,,,,[],,person,Captain  Newdigate,"{""first""=>[""""], ""surname""=>[""Newdigate""], ""rank""=>[""Captain""], ""number""=>[""""], ""reason""=>[""commander"", ""other""], ""unit""=>[""""]}",,,
9,AWD0001n23,orders,470,4,,,,[],,person,Lieutenant W Strange,"{""first""=>[""W""], ""surname""=>[""Strange""], ""rank""=>[""Lieutenant""], ""number""=>[""""], ""reason""=>[""other"", ""author""], ""unit""=>[""""]}",,,
1,AWD0001n2w,diary,471,3,1916-09-01 00:00:00 UTC,1 Sep 1916,Buire,"[0.0, 0.0]","",diaryDate,1 Sep 1916,"{""day""=>[""1""], ""month""=>[""Sep""], ""year""=>[""1916""]}",3030108,Brie,"[0.24107, 45.73804]"
2,AWD0001n2w,diary,471,6,1916-09-01 00:00:00 UTC,1 Sep 1916,Buire-sur-Ancre,"[2.59152, 49.96517]","",place,Buire-sur-Ancre,"{""place""=>[""Buire-sur-Ancre""], ""location""=>[""true""], ""name""=>[""Buire-sur-l’Ancre""], ""lat""=>[""49.96517""], ""long""=>[""2.59152""], ""id""=>[""3029607""]}",3029607,Buire-sur-l'Ancre,"[2.59152, 49.96517]"
3,AWD0001n2w,diary,471,2,1916-09-01 00:00:00 UTC,1 Sep 1916,Buire-sur-Ancre,"[2.59152, 49.96517]","",diaryDate,1 Sep 1916,"{""day""=>[""1""], ""month""=>[""Sep""], ""year""=>[""1916""]}",3029607,Buire-sur-l'Ancre,"[2.59152, 49.96517]"
4,AWD0001n2w,diary,471,3,1916-09-01 09:00:00 UTC,1 Sep 1916,Buire-sur-Ancre,"[2.59152, 49.96517]",0900AM,time,0900AM,{},3029607,Buire-sur-l'Ancre,"[2.59152, 49.96517]"
7,AWD0001n2w,diary,471,9,1916-09-01 09:00:00 UTC,1 Sep 1916,Buire-sur-Ancre,"[2.59152, 49.96517]",0900AM,activity,training,{},3029607,Buire-sur-l'Ancre,"[2.59152, 49.96517]"
9,AWD0001n2w,diary,471,4,1916-09-01 09:00:00 UTC,1 Sep 1916,Buire-sur-Ancre,"[2.59152, 49.96517]",0900AM,strength,"officer: 40, other: 924",{},3029607,Buire-sur-l'Ancre,"[2.59152, 49.96517]"
12,AWD0001n2w,diary,471,5,1916-09-02 00:00:00 UTC,2 Sep 1916,Buire-sur-Ancre,"[2.59152, 49.96517]","",diaryDate,2 Sep 1916,"{""day""=>[""2""], ""month""=>[""Sep""], ""year""=>[""1916""]}",3029607,Buire-sur-l'Ancre,"[2.59152, 49.96517]"
13,AWD0001n2w,diary,471,3,1916-09-02 08:00:00 UTC,2 Sep 1916,Buire-sur-Ancre,"[2.59152, 49.96517]",0800AM,time,0800AM,{},3029607,Buire-sur-l'Ancre,"[2.59152, 49.96517]"
14,AWD0001n2w,diary,471,6,1916-09-02 08:00:00 UTC,2 Sep 1916,Buire-sur-Ancre,"[2.59152, 49.96517]",0800AM,activity,training,{},3029607,Buire-sur-l'Ancre,"[2.59152, 49.96517]"
17,AWD0001n2w,diary,471,5,1916-09-03 00:00:00 UTC,3 Sep 1916,Buire-sur-Ancre,"[2.59152, 49.96517]","",diaryDate,3 Sep 1916,"{""day""=>[""3""], ""month""=>[""Sep""], ""year""=>[""1916""]}",3029607,Buire-sur-l'Ancre,"[2.59152, 49.96517]"
20,AWD0001n2w,diary,471,6,1916-09-03 00:00:00 UTC,3 Sep 1916,Buire-sur-Ancre,"[2.59152, 49.96517]","",domestic,religion,{},3029607,Buire-sur-l'Ancre,"[2.59152, 49.96517]"
21,AWD0001n2w,diary,471,2,1916-09-03 17:40:00 UTC,3 Sep 1916,Buire-sur-Ancre,"[2.59152, 49.96517]",0540PM,time,0540PM,{},3029607,Buire-sur-l'Ancre,"[2.59152, 49.96517]"
22,AWD0001n2w,diary,471,2,1916-09-03 17:40:00 UTC,3 Sep 1916,Buire-sur-Ancre,"[2.59152, 49.96517]",0540PM,activity,movement,{},3029607,Buire-sur-l'Ancre,"[2.59152, 49.96517]"
23,AWD0001n2w,diary,471,3,1916-09-03 17:40:00 UTC,3 Sep 1916,Buire-sur-Ancre,"[2.59152, 49.96517]",0540PM,place,Mametz,"{""place""=>[""Mametz""], ""location""=>[""false""], ""name""=>[""Mametz""], ""lat""=>[""50.63485"", """", ""49.99718""], ""long""=>[""2.32478"", """", ""2.73607""], ""id""=>[""2996288"", """", ""2996289""]}",3029607,Buire-sur-l'Ancre,"[2.59152, 49.96517]"
25,AWD0001n2w,diary,471,3,1916-09-03 11:00:00 UTC,3 Sep 1916,Buire-sur-Ancre,"[2.59152, 49.96517]",1100AM,time,1100AM,{},3029607,Buire-sur-l'Ancre,"[2.59152, 49.96517]"
26,AWD0001n2w,diary,471,5,1916-09-03 11:00:00 UTC,3 Sep 1916,Buire-sur-Ancre,"[2.59152, 49.96517]",1100AM,activity,other,{},3029607,Buire-sur-l'Ancre,"[2.59152, 49.96517]"
28,AWD0001n2w,diary,471,5,1916-09-08 00:00:00 UTC,8 Sep 1916,Buire-sur-Ancre,"[2.59152, 49.96517]","",diaryDate,8 Sep 1916,"{""day""=>[""8""], ""month""=>[""Sep""], ""year""=>[""1916""]}",3029607,Buire-sur-l'Ancre,"[2.59152, 49.96517]"
30,AWD0001n2w,diary,471,3,1916-09-08 04:00:00 UTC,8 Sep 1916,Buire-sur-Ancre,"[2.59152, 49.96517]",0400AM,time,0400AM,{},3029607,Buire-sur-l'Ancre,"[2.59152, 49.96517]"
31,AWD0001n2w,diary,471,5,1916-09-08 04:00:00 UTC,8 Sep 1916,Buire-sur-Ancre,"[2.59152, 49.96517]",0400AM,gridRef,F 20 a,{},3029607,Buire-sur-l'Ancre,"[2.59152, 49.96517]"
33,AWD0001n2w,diary,471,2,1916-09-08 04:00:00 UTC,8 Sep 1916,Buire-sur-Ancre,"[2.59152, 49.96517]",0400AM,gridRef,F 20 A,{},3029607,Buire-sur-l'Ancre,"[2.59152, 49.96517]"
35,AWD0001n2w,diary,471,3,1916-09-08 04:00:00 UTC,8 Sep 1916,Buire-sur-Ancre,"[2.59152, 49.96517]",0400AM,activity,movement,{},3029607,Buire-sur-l'Ancre,"[2.59152, 49.96517]"
36,AWD0001n2w,diary,471,2,1916-09-08 04:00:00 UTC,8 Sep 1916,Ginchy,"[2.83176, 50.02337]",0400AM,place,Ginchy,"{""place""=>[""Ginchy""], ""location""=>[""true""], ""name""=>[""Ginchy""], ""lat""=>[""50.02337""], ""long""=>[""2.83176""], ""id""=>[""3016016""]}",3022134,Cuinchy,"[2.7488, 50.5175]"
38,AWD0001n2w,diary,471,2,1916-09-08 04:00:00 UTC,8 Sep 1916,Buire,"[4.05499, 49.90301]",0400AM,place,Buire,"{""place""=>[""Buire""], ""location""=>[""true""], ""name""=>[""Buire"", """"], ""lat""=>[""49.90301"", """"], ""long""=>[""4.05499"", """"], ""id""=>[""3029611"", """"]}",3030108,Brie,"[0.24107, 45.73804]"
39,AWD0001n2w,diary,471,4,1916-09-08 04:00:00 UTC,8 Sep 1916,Buire,"[4.05499, 49.90301]",0400AM,domestic,accomodation,{},3030108,Brie,"[0.24107, 45.73804]"
40,AWD0001n2w,diary,471,2,1916-09-08 04:00:00 UTC,8 Sep 1916,Buire,"[4.05499, 49.90301]",0400AM,place,Buire-sur-Ancre,"{""place""=>[""Buire-sur-Ancre""], ""location""=>[""true"", ""false""], ""name""=>[""Buire-sur-l’Ancre""], ""lat""=>[""49.96517""], ""long""=>[""2.59152""], ""id""=>[""3029607""]}",3030108,Brie,"[0.24107, 45.73804]"
41,AWD0001n2w,diary,471,2,1916-09-08 04:00:00 UTC,8 Sep 1916,Buire,"[4.05499, 49.90301]",0400AM,place,"Boire, Buire","{""place""=>[""Boire"", ""Buire""], ""location""=>[""false"", ""true""], ""name""=>[""""], ""lat""=>[""""], ""long""=>[""""], ""id""=>[""""]}",3030108,Brie,"[0.24107, 45.73804]"
42,AWD0001n2w,diary,471,2,1916-09-08 16:30:00 UTC,8 Sep 1916,Buire,"[4.05499, 49.90301]",0430PM,time,0430PM,{},3030108,Brie,"[0.24107, 45.73804]"
43,AWD0001n2w,diary,471,5,1916-09-08 16:30:00 UTC,8 Sep 1916,Buire,"[4.05499, 49.90301]",0430PM,person,Captain  Prudham,"{""first""=>[""""], ""surname""=>[""Prudham""], ""rank""=>[""Captain""], ""number""=>[""""], ""reason""=>[""joined""], ""unit""=>[""""]}",3030108,Brie,"[0.24107, 45.73804]"
45,AWD0001n2w,diary,471,5,1916-09-08 16:30:00 UTC,8 Sep 1916,Buire,"[4.05499, 49.90301]",0430PM,person,Second Lieutenant  Hay,"{""first""=>[""""], ""surname""=>[""Hay""], ""rank""=>[""Second Lieutenant""], ""number""=>[""""], ""reason""=>[""joined""], ""unit""=>[""""]}",3030108,Brie,"[0.24107, 45.73804]"
47,AWD0001n2w,diary,471,5,1916-09-09 00:00:00 UTC,9 Sep 1916,Buire,"[4.05499, 49.90301]","",diaryDate,9 Sep 1916,"{""day""=>[""9""], ""month""=>[""Sep""], ""year""=>[""1916""]}",3030108,Brie,"[0.24107, 45.73804]"
48,AWD0001n2w,diary,471,2,1916-09-09 00:00:00 UTC,9 Sep 1916,Buire,"[4.05499, 49.90301]","",place,Buire,"{""place""=>[""Buire""], ""location""=>[""true""], ""name""=>[""Buire"", """"], ""lat""=>[""49.90301"", """"], ""long""=>[""4.05499"", """"], ""id""=>[""3029611"", """"]}",3030108,Brie,"[0.24107, 45.73804]"
49,AWD0001n2w,diary,471,3,1916-09-09 07:00:00 UTC,9 Sep 1916,Buire,"[4.05499, 49.90301]",0700AM,time,0700AM,{},3030108,Brie,"[0.24107, 45.73804]"
50,AWD0001n2w,diary,471,4,1916-09-09 07:00:00 UTC,9 Sep 1916,Buire,"[4.05499, 49.90301]",0700AM,activity,movement,{},3030108,Brie,"[0.24107, 45.73804]"
54,AWD0001n2w,diary,471,2,1916-09-09 10:43:00 UTC,9 Sep 1916,Buire,"[4.05499, 49.90301]",1043AM,time,1043AM,{},3030108,Brie,"[0.24107, 45.73804]"
55,AWD0001n2w,diary,471,5,1916-09-09 10:43:00 UTC,9 Sep 1916,Buire,"[4.05499, 49.90301]",1043AM,place,Albert,"{""place""=>[""Albert""], ""location""=>[""false""], ""name""=>[""Albert"", """"], ""lat""=>[""50.00091"", """"], ""long""=>[""2.65096"", """"], ""id""=>[""3038271"", """"]}",3030108,Brie,"[0.24107, 45.73804]"
56,AWD0001n2w,diary,471,3,1916-09-09 10:43:00 UTC,9 Sep 1916,Buire,"[4.05499, 49.90301]",1043AM,place,Airaines,"{""place""=>[""Airaines""], ""location""=>[""false""], ""name""=>[""Airaines""], ""lat""=>[""49.96826""], ""long""=>[""1.94266""], ""id""=>[""3038400""]}",3030108,Brie,"[0.24107, 45.73804]"
58,AWD0001n2w,diary,471,2,1916-09-09 18:00:00 UTC,9 Sep 1916,Buire,"[4.05499, 49.90301]",0600PM,time,0600PM,{},3030108,Brie,"[0.24107, 45.73804]"
59,AWD0001n2w,diary,471,7,1916-09-09 18:00:00 UTC,9 Sep 1916,Allery,"[1.89829, 49.96398]",0600PM,place,Allery,"{""place""=>[""Allery""], ""location""=>[""true""], ""name""=>[""Allery""], ""lat""=>[""49.96398""], ""long""=>[""1.89829""], ""id""=>[""3038135""]}",3038135,Allery,"[1.89829, 49.96398]"
60,AWD0001n2w,diary,471,2,1916-09-09 15:15:00 UTC,9 Sep 1916,Allery,"[1.89829, 49.96398]",0315PM,time,0315PM,{},3038135,Allery,"[1.89829, 49.96398]"
61,AWD0001n2w,diary,471,3,1916-09-09 15:15:00 UTC,9 Sep 1916,Allery,"[1.89829, 49.96398]",0315PM,domestic,accomodation,{},3038135,Allery,"[1.89829, 49.96398]"
63,AWD0001n2w,diary,471,6,1916-09-10 00:00:00 UTC,10 Sep 1916,Allery,"[1.89829, 49.96398]","",diaryDate,10 Sep 1916,"{""day""=>[""10""], ""month""=>[""Sep""], ""year""=>[""1916""]}",3038135,Allery,"[1.89829, 49.96398]"
64,AWD0001n2w,diary,471,4,1916-09-10 00:00:00 UTC,10 Sep 1916,Allery,"[1.89829, 49.96398]","",activity,resting,{},3038135,Allery,"[1.89829, 49.96398]"
65,AWD0001n2w,diary,471,5,1916-09-10 00:00:00 UTC,10 Sep 1916,Allery,"[1.89829, 49.96398]","",domestic,religion,{},3038135,Allery,"[1.89829, 49.96398]"
66,AWD0001n2w,diary,471,2,1916-09-10 19:00:00 UTC,10 Sep 1916,Allery,"[1.89829, 49.96398]",0700PM,time,0700PM,{},3038135,Allery,"[1.89829, 49.96398]"
67,AWD0001n2w,diary,471,5,1916-09-11 00:00:00 UTC,11 Sep 1916,Allery,"[1.89829, 49.96398]","",diaryDate,11 Sep 1916,"{""day""=>[""11""], ""month""=>[""Sep""], ""year""=>[""1916""]}",3038135,Allery,"[1.89829, 49.96398]"
68,AWD0001n2w,diary,471,3,1916-09-11 09:00:00 UTC,11 Sep 1916,Allery,"[1.89829, 49.96398]",0900AM,time,0900AM,{},3038135,Allery,"[1.89829, 49.96398]"
69,AWD0001n2w,diary,471,5,1916-09-11 09:00:00 UTC,11 Sep 1916,Allery,"[1.89829, 49.96398]",0900AM,domestic,inspections,{},3038135,Allery,"[1.89829, 49.96398]"
71,AWD0001n2w,diary,471,2,1916-09-11 09:00:00 UTC,11 Sep 1916,Allery,"[1.89829, 49.96398]",0900AM,place,Allery,"{""place""=>[""Allery""], ""location""=>[""true""], ""name""=>[""Allery""], ""lat""=>[""49.96398""], ""long""=>[""1.89829""], ""id""=>[""3038135""]}",3038135,Allery,"[1.89829, 49.96398]"
72,AWD0001n2w,diary,471,6,1916-09-12 00:00:00 UTC,12 Sep 1916,Allery,"[1.89829, 49.96398]","",diaryDate,12 Sep 1916,"{""day""=>[""12""], ""month""=>[""Sep""], ""year""=>[""1916""]}",3038135,Allery,"[1.89829, 49.96398]"
74,AWD0001n2w,diary,471,5,1916-09-12 00:00:00 UTC,12 Sep 1916,Allery,"[1.89829, 49.96398]","",activity,training,{},3038135,Allery,"[1.89829, 49.96398]"
75,AWD0001n2w,diary,471,5,1916-09-12 00:00:00 UTC,12 Sep 1916,Allery,"[1.89829, 49.96398]","",person,"Second Lieutenant  Copuis, Copus, COPIUS, Copner, Copress","{""first""=>[""""], ""surname""=>[""Copuis"", ""Copus"", ""COPIUS"", ""Copner"", ""Copress""], ""rank""=>[""Second Lieutenant""], ""number""=>[""""], ""reason""=>[""joined""], ""unit""=>[""""]}",3038135,Allery,"[1.89829, 49.96398]"
77,AWD0001n2w,diary,471,6,1916-09-12 07:00:00 UTC,12 Sep 1916,Allery,"[1.89829, 49.96398]",0700AM,time,0700AM,{},3038135,Allery,"[1.89829, 49.96398]"
78,AWD0001n2w,diary,471,4,1916-09-12 07:00:00 UTC,12 Sep 1916,Allery,"[1.89829, 49.96398]",0700AM,activity,training,{},3038135,Allery,"[1.89829, 49.96398]"
79,AWD0001n2w,diary,471,5,1916-09-13 00:00:00 UTC,13 Sep 1916,Allery,"[1.89829, 49.96398]","",diaryDate,13 Sep 1916,"{""day""=>[""13""], ""month""=>[""Sep""], ""year""=>[""1916""]}",3038135,Allery,"[1.89829, 49.96398]"
83,AWD0001n2w,diary,471,2,1916-09-13 00:00:00 UTC,13 Sep 1916,Allery,"[1.89829, 49.96398]","",activity,training,{},3038135,Allery,"[1.89829, 49.96398]"
1,AWD0001n1x,diary,472,2,1916-09-14 00:00:00 UTC,14 Sep 1916,Allery,"[1.89829, 49.96398]","",diaryDate,14 Sep 1916,"{""day""=>[""14""], ""month""=>[""Sep""], ""year""=>[""1916""]}",3038135,Allery,"[1.89829, 49.96398]"
2,AWD0001n1x,diary,472,3,1916-09-14 09:00:00 UTC,14 Sep 1916,Allery,"[1.89829, 49.96398]",0900AM,time,0900AM,{},3038135,Allery,"[1.89829, 49.96398]"
4,AWD0001n1x,diary,472,3,1916-09-14 00:00:00 UTC,14 Sep 1916,Allery,"[1.89829, 49.96398]","",diaryDate,14 Sep 1916,"{""day""=>[""14""], ""month""=>[""Sep""], ""year""=>[""1916""]}",3038135,Allery,"[1.89829, 49.96398]"
5,AWD0001n1x,diary,472,4,1916-09-14 00:00:00 UTC,14 Sep 1916,Allery,"[1.89829, 49.96398]","",place,Allery,"{""place""=>[""Allery""], ""location""=>[""true""], ""name""=>[""Allery""], ""lat""=>[""49.96398""], ""long""=>[""1.89829""], ""id""=>[""3038135""]}",3038135,Allery,"[1.89829, 49.96398]"
6,AWD0001n1x,diary,472,3,1916-09-14 00:00:00 UTC,14 Sep 1916,Allery,"[1.89829, 49.96398]","",activity,training,{},3038135,Allery,"[1.89829, 49.96398]"
10,AWD0001n1x,diary,472,2,1916-09-14 00:00:00 UTC,14 Sep 1916,Allery,"[1.89829, 49.96398]","",place,Allery,"{""place""=>[""Allery""], ""location""=>[""true""], ""name""=>[""Allery""], ""lat""=>[""49.96398""], ""long""=>[""1.89829""], ""id""=>[""3038135""]}",3038135,Allery,"[1.89829, 49.96398]"
11,AWD0001n1x,diary,472,4,1916-09-14 00:00:00 UTC,14 Sep 1916,Allery,"[1.89829, 49.96398]","",person,Second Lieutenant  Girvan,"{""first""=>[""""], ""surname""=>[""Girvan""], ""rank""=>[""Second Lieutenant""], ""number""=>[""""], ""reason""=>[""joined""], ""unit""=>[""""]}",3038135,Allery,"[1.89829, 49.96398]"
12,AWD0001n1x,diary,472,5,1916-09-15 00:00:00 UTC,15 Sep 1916,Allery,"[1.89829, 49.96398]","",diaryDate,15 Sep 1916,"{""day""=>[""15""], ""month""=>[""Sep""], ""year""=>[""1916""]}",3038135,Allery,"[1.89829, 49.96398]"
13,AWD0001n1x,diary,472,5,1916-09-15 00:00:00 UTC,15 Sep 1916,Allery,"[1.89829, 49.96398]","",activity,training,{},3038135,Allery,"[1.89829, 49.96398]"
14,AWD0001n1x,diary,472,3,1916-09-15 07:00:00 UTC,15 Sep 1916,Allery,"[1.89829, 49.96398]",0700AM,time,0700AM,{},3038135,Allery,"[1.89829, 49.96398]"
16,AWD0001n1x,diary,472,3,1916-09-15 07:00:00 UTC,15 Sep 1916,Allery,"[1.89829, 49.96398]",0700AM,activity,training,{},3038135,Allery,"[1.89829, 49.96398]"
17,AWD0001n1x,diary,472,2,1916-09-15 07:00:00 UTC,15 Sep 1916,Allery,"[1.89829, 49.96398]",0700AM,person,"Colonel,Company Sergeant Major S M, Harker, MARKEN","{""first""=>[""S M"", """"], ""surname""=>[""Harker"", ""MARKEN""], ""rank""=>[""Colonel"", ""Company Sergeant Major""], ""number""=>[""""], ""reason""=>[""awol"", ""combat""], ""unit""=>[""""]}",3038135,Allery,"[1.89829, 49.96398]"
19,AWD0001n1x,diary,472,5,1916-09-16 00:00:00 UTC,16 Sep 1916,Allery,"[1.89829, 49.96398]","",diaryDate,16 Sep 1916,"{""day""=>[""16""], ""month""=>[""Sep""], ""year""=>[""1916""]}",3038135,Allery,"[1.89829, 49.96398]"
20,AWD0001n1x,diary,472,4,1916-09-16 07:00:00 UTC,16 Sep 1916,Allery,"[1.89829, 49.96398]",0700AM,time,0700AM,{},3038135,Allery,"[1.89829, 49.96398]"
21,AWD0001n1x,diary,472,3,1916-09-16 07:00:00 UTC,16 Sep 1916,Allery,"[1.89829, 49.96398]",0700AM,activity,training,{},3038135,Allery,"[1.89829, 49.96398]"
23,AWD0001n1x,diary,472,2,1916-09-16 07:00:00 UTC,16 Sep 1916,Allery,"[1.89829, 49.96398]",0700AM,person,"Company Sergeant Major  Morken, Hooker","{""first""=>[""""], ""surname""=>[""Morken"", ""Hooker""], ""rank""=>[""Company Sergeant Major""], ""number""=>[""""], ""reason""=>[""other""], ""unit""=>["""", ""8 Battalion Devonshire Regiment""]}",3038135,Allery,"[1.89829, 49.96398]"
24,AWD0001n1x,diary,472,3,1916-09-16 07:00:00 UTC,16 Sep 1916,Allery,"[1.89829, 49.96398]",0700AM,activity,training,{},3038135,Allery,"[1.89829, 49.96398]"
25,AWD0001n1x,diary,472,5,1916-09-17 00:00:00 UTC,17 Sep 1916,Allery,"[1.89829, 49.96398]","",diaryDate,17 Sep 1916,"{""day""=>[""17""], ""month""=>[""Sep""], ""year""=>[""1916""]}",3038135,Allery,"[1.89829, 49.96398]"
26,AWD0001n1x,diary,472,4,1916-09-17 00:00:00 UTC,17 Sep 1916,Allery,"[1.89829, 49.96398]","",domestic,religion,{},3038135,Allery,"[1.89829, 49.96398]"
27,AWD0001n1x,diary,472,2,1916-09-17 11:00:00 UTC,17 Sep 1916,Allery,"[1.89829, 49.96398]",1100AM,time,1100AM,{},3038135,Allery,"[1.89829, 49.96398]"
30,AWD0001n1x,diary,472,2,1916-09-17 11:00:00 UTC,17 Sep 1916,Allery,"[1.89829, 49.96398]",1100AM,time,1100AM,{},3038135,Allery,"[1.89829, 49.96398]"
32,AWD0001n1x,diary,472,2,1916-09-17 11:00:00 UTC,17 Sep 1916,Allery,"[1.89829, 49.96398]",1100AM,domestic,parades,{},3038135,Allery,"[1.89829, 49.96398]"
37,AWD0001n1x,diary,472,5,1916-09-18 00:00:00 UTC,18 Sep 1916,Allery,"[1.89829, 49.96398]","",diaryDate,18 Sep 1916,"{""day""=>[""18""], ""month""=>[""Sep""], ""year""=>[""1916""]}",3038135,Allery,"[1.89829, 49.96398]"
39,AWD0001n1x,diary,472,2,1916-09-18 00:00:00 UTC,18 Sep 1916,Allery,"[1.89829, 49.96398]","",place,Allery,"{""place""=>[""Allery""], ""location""=>[""true""], ""name""=>[""Allery"", """"], ""lat""=>[""49.96398"", """"], ""long""=>[""1.89829"", """"], ""id""=>[""3038135"", """"]}",3038135,Allery,"[1.89829, 49.96398]"
40,AWD0001n1x,diary,472,3,1916-09-18 00:00:00 UTC,18 Sep 1916,Allery,"[1.89829, 49.96398]","",activity,movement,{},3038135,Allery,"[1.89829, 49.96398]"
45,AWD0001n1x,diary,472,2,1916-09-18 00:00:00 UTC,18 Sep 1916,Allery,"[1.89829, 49.96398]","",activity,movement,{},3038135,Allery,"[1.89829, 49.96398]"
46,AWD0001n1x,diary,472,2,1916-09-18 12:00:00 UTC,18 Sep 1916,Allery,"[1.89829, 49.96398]",1200PM,time,1200PM,{},3038135,Allery,"[1.89829, 49.96398]"
47,AWD0001n1x,diary,472,2,1916-09-18 07:30:00 UTC,18 Sep 1916,Allery,"[1.89829, 49.96398]",0730AM,time,0730AM,{},3038135,Allery,"[1.89829, 49.96398]"
50,AWD0001n1x,diary,472,2,1916-09-18 05:15:00 UTC,18 Sep 1916,Allery,"[1.89829, 49.96398]",0515AM,time,0515AM,{},3038135,Allery,"[1.89829, 49.96398]"
51,AWD0001n1x,diary,472,3,1916-09-18 05:15:00 UTC,18 Sep 1916,"Bailluel, BAILLEUL, Bailleul","[0.0, 0.0]",0515AM,place,"Bailluel, BAILLEUL, Bailleul","{""place""=>[""Bailluel"", ""BAILLEUL"", ""Bailleul""], ""location""=>[""true""], ""name""=>[""""], ""lat""=>[""""], ""long""=>[""""], ""id""=>[""""]}",3035359,Bailleul,"[2.73594, 50.73592]"
52,AWD0001n1x,diary,472,2,1916-09-18 21:00:00 UTC,18 Sep 1916,"Bailluel, BAILLEUL, Bailleul","[0.0, 0.0]",0900PM,time,0900PM,{},3035359,Bailleul,"[2.73594, 50.73592]"
53,AWD0001n1x,diary,472,3,1916-09-18 21:00:00 UTC,18 Sep 1916,"Bailluel, BAILLEUL, Bailleul","[0.0, 0.0]",0900PM,domestic,accomodation,{},3035359,Bailleul,"[2.73594, 50.73592]"
54,AWD0001n1x,diary,472,2,1916-09-18 21:00:00 UTC,18 Sep 1916,"Bailluel, BAILLEUL, Bailleul","[0.0, 0.0]",0900PM,place,Le Romarin,"{""place""=>[""Le Romarin""], ""location""=>[""false"", ""true""], ""name""=>[""""], ""lat""=>[""""], ""long""=>[""""], ""id""=>[""""]}",3035359,Bailleul,"[2.73594, 50.73592]"
62,AWD0001n1x,diary,472,3,1916-09-18 21:00:00 UTC,18 Sep 1916,"Bailluel, BAILLEUL, Bailleul","[0.0, 0.0]",0900PM,strength,"officer: 31, other: 720",{},3035359,Bailleul,"[2.73594, 50.73592]"
1,AWD0001n22,diary,473,2,1916-09-19 00:00:00 UTC,19 Sep 1916,"Bailluel, BAILLEUL, Bailleul","[0.0, 0.0]","",diaryDate,19 Sep 1916,"{""day""=>[""19""], ""month""=>[""Sep""], ""year""=>[""1916""]}",3035359,Bailleul,"[2.73594, 50.73592]"
2,AWD0001n22,diary,473,2,1916-09-19 00:00:00 UTC,19 Sep 1916,Papot,"[0.0, 0.0]","",place,Papot,"{""place""=>[""Papot""], ""location""=>[""true""], ""name""=>[""""], ""lat""=>[""""], ""long""=>[""""], ""id""=>[""""]}",0,",Ploegsteert","[0.0, 0.0]"
3,AWD0001n22,diary,473,2,1916-09-19 00:00:00 UTC,19 Sep 1916,Papot,"[0.0, 0.0]","",diaryDate,19 Sep 1916,"{""day""=>[""19""], ""month""=>[""Sep""], ""year""=>[""1916""]}",0,",Ploegsteert","[0.0, 0.0]"
5,AWD0001n22,diary,473,2,1916-09-19 07:00:00 UTC,19 Sep 1916,Papot,"[0.0, 0.0]",0700AM,time,0700AM,{},0,",Ploegsteert","[0.0, 0.0]"
6,AWD0001n22,diary,473,4,1916-09-19 07:00:00 UTC,19 Sep 1916,Papot,"[0.0, 0.0]",0700AM,activity,movement,{},0,",Ploegsteert","[0.0, 0.0]"
11,AWD0001n22,diary,473,2,1916-09-19 07:00:00 UTC,19 Sep 1916,"LE BIZET, Le  Bizet","[2.88451, 50.70825]",0700AM,place,"LE BIZET, Le  Bizet","{""place""=>[""LE BIZET"", ""Le  Bizet""], ""location""=>[""true""], ""name""=>[""Le Bizet""], ""lat""=>[""50.70825""], ""long""=>[""2.88451""], ""id""=>[""2793135""]}",2793135,Le Bizet,"[2.88451, 50.70825]"
18,AWD0001n22,diary,473,2,1916-09-19 07:00:00 UTC,19 Sep 1916,"LE BIZET, Le  Bizet","[2.88451, 50.70825]",0700AM,unit,"9th Battn. Welsh Regt., 9th Bn Welsh Regt","{""name""=>[""9th Battn. Welsh Regt."", ""9th Bn Welsh Regt""], ""context""=>[""relieved""]}",2793135,Le Bizet,"[2.88451, 50.70825]"
23,AWD0001n22,diary,473,3,1916-09-19 07:00:00 UTC,19 Sep 1916,"LE BIZET, Le  Bizet","[2.88451, 50.70825]",0700AM,activity,support,{},2793135,Le Bizet,"[2.88451, 50.70825]"
25,AWD0001n22,diary,473,2,1916-09-19 07:00:00 UTC,19 Sep 1916,"LE BIZET, Le  Bizet","[2.88451, 50.70825]",0700AM,domestic,accomodation,{},2793135,Le Bizet,"[2.88451, 50.70825]"
33,AWD0001n22,diary,473,2,1916-09-19 07:00:00 UTC,19 Sep 1916,"LE BIZET, Le  Bizet","[2.88451, 50.70825]",0700AM,unit,"2nd Btn Gordon Highlanders, 2nd Bn Gordon Highlanderd","{""name""=>[""2nd Btn Gordon Highlanders"", ""2nd Bn Gordon Highlanderd""], ""context""=>[""other""]}",2793135,Le Bizet,"[2.88451, 50.70825]"
38,AWD0001n22,diary,473,4,1916-09-20 00:00:00 UTC,20 Sep 1916,"LE BIZET, Le  Bizet","[2.88451, 50.70825]","",diaryDate,20 Sep 1916,"{""day""=>[""20""], ""month""=>[""Sep""], ""year""=>[""1916""]}",2793135,Le Bizet,"[2.88451, 50.70825]"
39,AWD0001n22,diary,473,2,1916-09-20 00:00:00 UTC,20 Sep 1916,"LE BIZET, Le  Bizet","[2.88451, 50.70825]","",activity,other,{},2793135,Le Bizet,"[2.88451, 50.70825]"
40,AWD0001n22,diary,473,3,1916-09-20 00:00:00 UTC,20 Sep 1916,Le Bizet,"[2.88451, 50.70825]","",place,Le Bizet,"{""place""=>[""Le Bizet""], ""location""=>[""true""], ""name""=>[""Le Bizet""], ""lat""=>[""50.70825""], ""long""=>[""2.88451""], ""id""=>[""2793135""]}",2793135,Le Bizet,"[2.88451, 50.70825]"
41,AWD0001n22,diary,473,3,1916-09-20 00:00:00 UTC,20 Sep 1916,Le Bizet,"[2.88451, 50.70825]","",activity,support,{},2793135,Le Bizet,"[2.88451, 50.70825]"
42,AWD0001n22,diary,473,3,1916-09-20 00:00:00 UTC,20 Sep 1916,Le Bizet,"[2.88451, 50.70825]","",activity,training,{},2793135,Le Bizet,"[2.88451, 50.70825]"
43,AWD0001n22,diary,473,2,1916-09-20 00:00:00 UTC,20 Sep 1916,Le Bizet,"[2.88451, 50.70825]","",gridRef,C 15 d 2 5,{},2793135,Le Bizet,"[2.88451, 50.70825]"
46,AWD0001n22,diary,473,4,1916-09-21 00:00:00 UTC,21 Sep 1916,Le Bizet,"[2.88451, 50.70825]","",diaryDate,21 Sep 1916,"{""day""=>[""21""], ""month""=>[""Sep""], ""year""=>[""1916""]}",2793135,Le Bizet,"[2.88451, 50.70825]"
47,AWD0001n22,diary,473,4,1916-09-21 00:00:00 UTC,21 Sep 1916,Le Bizet,"[2.88451, 50.70825]","",activity,repair,{},2793135,Le Bizet,"[2.88451, 50.70825]"
48,AWD0001n22,diary,473,2,1916-09-21 00:00:00 UTC,21 Sep 1916,Le Bizet,"[2.88451, 50.70825]","",place,Le Bizet,"{""place""=>[""Le Bizet""], ""location""=>[""true""], ""name""=>[""Le Bizet""], ""lat""=>[""50.70825""], ""long""=>[""2.88451""], ""id""=>[""2793135""]}",2793135,Le Bizet,"[2.88451, 50.70825]"
49,AWD0001n22,diary,473,4,1916-09-22 00:00:00 UTC,22 Sep 1916,Le Bizet,"[2.88451, 50.70825]","",diaryDate,22 Sep 1916,"{""day""=>[""22""], ""month""=>[""Sep""], ""year""=>[""1916""]}",2793135,Le Bizet,"[2.88451, 50.70825]"
51,AWD0001n22,diary,473,2,1916-09-22 15:00:00 UTC,22 Sep 1916,Le Bizet,"[2.88451, 50.70825]",0300PM,time,0300PM,{},2793135,Le Bizet,"[2.88451, 50.70825]"
52,AWD0001n22,diary,473,4,1916-09-22 15:00:00 UTC,22 Sep 1916,Le Bizet,"[2.88451, 50.70825]",0300PM,activity,working,{},2793135,Le Bizet,"[2.88451, 50.70825]"
53,AWD0001n22,diary,473,2,1916-09-22 15:00:00 UTC,22 Sep 1916,Le Bizet,"[2.88451, 50.70825]",0300PM,unit,"9th Devons, 9TH DEVONS","{""name""=>[""9th Devons"", ""9TH DEVONS""], ""context""=>[""joined""]}",2793135,Le Bizet,"[2.88451, 50.70825]"
54,AWD0001n22,diary,473,2,1916-09-22 15:00:00 UTC,22 Sep 1916,Le Bizet,"[2.88451, 50.70825]",0300PM,activity,working,{},2793135,Le Bizet,"[2.88451, 50.70825]"
58,AWD0001n22,diary,473,2,1916-09-22 20:00:00 UTC,22 Sep 1916,Le Bizet,"[2.88451, 50.70825]",0800PM,time,0800PM,{},2793135,Le Bizet,"[2.88451, 50.70825]"
61,AWD0001n22,diary,473,3,1916-09-23 00:00:00 UTC,23 Sep 1916,Le Bizet,"[2.88451, 50.70825]","",diaryDate,23 Sep 1916,"{""day""=>[""23""], ""month""=>[""Sep""], ""year""=>[""1916""]}",2793135,Le Bizet,"[2.88451, 50.70825]"
62,AWD0001n22,diary,473,3,1916-09-23 00:00:00 UTC,23 Sep 1916,Le Bizet,"[2.88451, 50.70825]","",activity,working,{},2793135,Le Bizet,"[2.88451, 50.70825]"
65,AWD0001n22,diary,473,2,1916-09-23 21:00:00 UTC,23 Sep 1916,Le Bizet,"[2.88451, 50.70825]",0900PM,time,0900PM,{},2793135,Le Bizet,"[2.88451, 50.70825]"
67,AWD0001n22,diary,473,4,1916-09-24 00:00:00 UTC,24 Sep 1916,Le Bizet,"[2.88451, 50.70825]","",diaryDate,24 Sep 1916,"{""day""=>[""24""], ""month""=>[""Sep""], ""year""=>[""1916""]}",2793135,Le Bizet,"[2.88451, 50.70825]"
69,AWD0001n22,diary,473,4,1916-09-24 00:00:00 UTC,24 Sep 1916,Le Bizet,"[2.88451, 50.70825]","",activity,working,{},2793135,Le Bizet,"[2.88451, 50.70825]"
71,AWD0001n22,diary,473,2,1916-09-24 00:00:00 UTC,24 Sep 1916,Le Bizet,"[2.88451, 50.70825]","",person,"Captain C PEPYS, Pepys","{""first""=>[""C""], ""surname""=>[""PEPYS"", ""Pepys""], ""rank""=>[""Captain""], ""number""=>[""""], ""reason""=>[""author""], ""unit""=>["""", ""Adj. 8 Battalion Devonshire Regiment""]}",2793135,Le Bizet,"[2.88451, 50.70825]"
73,AWD0001n22,diary,473,2,1916-09-24 00:00:00 UTC,24 Sep 1916,Le Bizet,"[2.88451, 50.70825]","",activity,resupplying,{},2793135,Le Bizet,"[2.88451, 50.70825]"
1,AWD0001n1h,diary,474,3,1916-09-25 00:00:00 UTC,25 Sep 1916,Le Bizet,"[2.88451, 50.70825]","",diaryDate,25 Sep 1916,"{""day""=>[""25""], ""month""=>[""Sep""], ""year""=>[""1916""]}",2793135,Le Bizet,"[2.88451, 50.70825]"
2,AWD0001n1h,diary,474,3,1916-09-25 07:00:00 UTC,25 Sep 1916,Le Bizet,"[2.88451, 50.70825]",0700AM,time,0700AM,{},2793135,Le Bizet,"[2.88451, 50.70825]"
4,AWD0001n1h,diary,474,2,1916-09-25 00:00:00 UTC,25 Sep 1916,Le Bizet,"[2.88451, 50.70825]","",diaryDate,25 Sep 1916,"{""day""=>[""25""], ""month""=>[""Sep""], ""year""=>[""1916""]}",2793135,Le Bizet,"[2.88451, 50.70825]"
5,AWD0001n1h,diary,474,5,1916-09-25 00:00:00 UTC,25 Sep 1916,Le Bizet,"[2.88451, 50.70825]","",place,Le Bizet,"{""place""=>[""Le Bizet""], ""location""=>[""true""], ""name""=>[""Le Bizet""], ""lat""=>[""50.70825""], ""long""=>[""2.88451""], ""id""=>[""2793135""]}",2793135,Le Bizet,"[2.88451, 50.70825]"
8,AWD0001n1h,diary,474,2,1916-09-25 00:00:00 UTC,25 Sep 1916,Le Bizet,"[2.88451, 50.70825]","",unit,"2nd Border Regt., 2nd Border Regt","{""name""=>[""2nd Border Regt."", ""2nd Border Regt""], ""context""=>[""relieved""]}",2793135,Le Bizet,"[2.88451, 50.70825]"
12,AWD0001n1h,diary,474,4,1916-09-25 00:00:00 UTC,25 Sep 1916,Le Bizet,"[2.88451, 50.70825]","",gridRef,U 28 a 1 9,{},2793135,Le Bizet,"[2.88451, 50.70825]"
13,AWD0001n1h,diary,474,3,1916-09-25 00:00:00 UTC,25 Sep 1916,Le Touquet,"[2.91667, 50.71667]","",place,Le Touquet,"{""place""=>[""Le Touquet""], ""location""=>[""true""], ""name""=>[""Le Touquet""], ""lat""=>[""50.71667""], ""long""=>[""2.91667""], ""id""=>[""2792513""]}",2792513,Le Touquet,"[2.91667, 50.71667]"
14,AWD0001n1h,diary,474,3,1916-09-25 00:00:00 UTC,25 Sep 1916,Le Touquet,"[2.91667, 50.71667]","",gridRef,C 4 a 65 00,{},2792513,Le Touquet,"[2.91667, 50.71667]"
15,AWD0001n1h,diary,474,2,1916-09-25 00:00:00 UTC,25 Sep 1916,Le Touquet,"[2.91667, 50.71667]","",activity,line,{},2792513,Le Touquet,"[2.91667, 50.71667]"
17,AWD0001n1h,diary,474,2,1916-09-25 00:00:00 UTC,25 Sep 1916,Le Touquet,"[2.91667, 50.71667]","",gridRef,U 27 B 3 1,{},2792513,Le Touquet,"[2.91667, 50.71667]"
19,AWD0001n1h,diary,474,2,1916-09-25 00:00:00 UTC,25 Sep 1916,Le Touquet,"[2.91667, 50.71667]","",place,Lancashire Support Farm,"{""place""=>[""Lancashire Support Farm""], ""location""=>[""false"", ""true""], ""name""=>[""Le Touquet"", """"], ""lat""=>[""50.71667"", """"], ""long""=>[""2.91667"", """"], ""id""=>[""2792513"", """"]}",2792513,Le Touquet,"[2.91667, 50.71667]"
21,AWD0001n1h,diary,474,2,1916-09-25 00:00:00 UTC,25 Sep 1916,Le Touquet,"[2.91667, 50.71667]","",gridRef,U 27 b 1 3,{},2792513,Le Touquet,"[2.91667, 50.71667]"
23,AWD0001n1h,diary,474,2,1916-09-25 00:00:00 UTC,25 Sep 1916,Le Touquet,"[2.91667, 50.71667]","",gridRef,U 27 b 1 3,{},2792513,Le Touquet,"[2.91667, 50.71667]"
28,AWD0001n1h,diary,474,2,1916-09-25 00:00:00 UTC,25 Sep 1916,Le Touquet,"[2.91667, 50.71667]","",gridRef,U 27 b 1 5,{},2792513,Le Touquet,"[2.91667, 50.71667]"
29,AWD0001n1h,diary,474,2,1916-09-25 00:00:00 UTC,25 Sep 1916,Le Touquet,"[2.91667, 50.71667]","",place,Maison 1875,"{""place""=>[""Maison 1875""], ""location""=>[""false"", ""true""], ""name""=>[""""], ""lat""=>[""""], ""long""=>[""""], ""id""=>[""""]}",2792513,Le Touquet,"[2.91667, 50.71667]"
30,AWD0001n1h,diary,474,3,1916-09-25 00:00:00 UTC,25 Sep 1916,Le Touquet,"[2.91667, 50.71667]","",gridRef,U 26 c 7 5,{},2792513,Le Touquet,"[2.91667, 50.71667]"
31,AWD0001n1h,diary,474,2,1916-09-25 00:00:00 UTC,25 Sep 1916,Le Touquet,"[2.91667, 50.71667]","",place,Despierre Farm,"{""place""=>[""Despierre Farm""], ""location""=>[""true"", ""false""], ""name""=>[""""], ""lat""=>[""""], ""long""=>[""""], ""id""=>[""""]}",2792513,Le Touquet,"[2.91667, 50.71667]"
32,AWD0001n1h,diary,474,3,1916-09-25 00:00:00 UTC,25 Sep 1916,Le Touquet,"[2.91667, 50.71667]","",gridRef,C 3 c 7 7,{},2792513,Le Touquet,"[2.91667, 50.71667]"
33,AWD0001n1h,diary,474,2,1916-09-25 11:00:00 UTC,25 Sep 1916,Le Touquet,"[2.91667, 50.71667]",1100AM,time,1100AM,{},2792513,Le Touquet,"[2.91667, 50.71667]"
34,AWD0001n1h,diary,474,2,1916-09-25 11:00:00 UTC,25 Sep 1916,Le Touquet,"[2.91667, 50.71667]",1100AM,place,Reserve Farm,"{""place""=>[""Reserve Farm""], ""location""=>[""false"", ""true""], ""name""=>[""""], ""lat""=>[""""], ""long""=>[""""], ""id""=>[""""]}",2792513,Le Touquet,"[2.91667, 50.71667]"
35,AWD0001n1h,diary,474,2,1916-09-25 11:00:00 UTC,25 Sep 1916,Le Touquet,"[2.91667, 50.71667]",1100AM,gridRef,C 3 b 6 0,{},2792513,Le Touquet,"[2.91667, 50.71667]"
37,AWD0001n1h,diary,474,3,1916-09-25 11:00:00 UTC,25 Sep 1916,Le Touquet,"[2.91667, 50.71667]",1100AM,unit,"22nd Bde., 22nd Bde, 22ND BDE","{""name""=>[""22nd Bde."", ""22nd Bde"", ""22ND BDE""], ""context""=>[""left""]}",2792513,Le Touquet,"[2.91667, 50.71667]"
39,AWD0001n1h,diary,474,4,1916-09-25 11:00:00 UTC,25 Sep 1916,Le Touquet,"[2.91667, 50.71667]",1100AM,unit,2nd Gordons,"{""name""=>[""2nd Gordons""], ""context""=>[""right""]}",2792513,Le Touquet,"[2.91667, 50.71667]"
40,AWD0001n1h,diary,474,5,1916-09-26 00:00:00 UTC,26 Sep 1916,Le Touquet,"[2.91667, 50.71667]","",diaryDate,26 Sep 1916,"{""day""=>[""26""], ""month""=>[""Sep""], ""year""=>[""1916""]}",2792513,Le Touquet,"[2.91667, 50.71667]"
41,AWD0001n1h,diary,474,2,1916-09-26 00:00:00 UTC,26 Sep 1916,Le Touquet,"[2.91667, 50.71667]","",place,Le Touquet,"{""place""=>[""Le Touquet""], ""location""=>[""true""], ""name""=>[""Le Touquet""], ""lat""=>[""50.71667""], ""long""=>[""2.91667""], ""id""=>[""2792513""]}",2792513,Le Touquet,"[2.91667, 50.71667]"
42,AWD0001n1h,diary,474,7,1916-09-26 00:00:00 UTC,26 Sep 1916,Le Touquet,"[2.91667, 50.71667]","",activity,line,{},2792513,Le Touquet,"[2.91667, 50.71667]"
44,AWD0001n1h,diary,474,2,1916-09-26 00:00:00 UTC,26 Sep 1916,Le Touquet,"[2.91667, 50.71667]","",activity,support,{},2792513,Le Touquet,"[2.91667, 50.71667]"
45,AWD0001n1h,diary,474,3,1916-09-27 00:00:00 UTC,27 Sep 1916,Le Touquet,"[2.91667, 50.71667]","",diaryDate,27 Sep 1916,"{""day""=>[""27""], ""month""=>[""Sep""], ""year""=>[""1916""]}",2792513,Le Touquet,"[2.91667, 50.71667]"
46,AWD0001n1h,diary,474,5,1916-09-28 00:00:00 UTC,28 Sep 1916,Le Touquet,"[2.91667, 50.71667]","",diaryDate,28 Sep 1916,"{""day""=>[""28""], ""month""=>[""Sep""], ""year""=>[""1916""]}",2792513,Le Touquet,"[2.91667, 50.71667]"
47,AWD0001n1h,diary,474,4,1916-09-28 00:00:00 UTC,28 Sep 1916,Le Touquet,"[2.91667, 50.71667]","",activity,line,{},2792513,Le Touquet,"[2.91667, 50.71667]"
51,AWD0001n1h,diary,474,2,1916-09-28 00:00:00 UTC,28 Sep 1916,Le Touquet,"[2.91667, 50.71667]","",place,"Fusiliers Terrace, Fusilier Terrace","{""place""=>[""Fusiliers Terrace"", ""Fusilier Terrace""], ""location""=>[""true"", ""false""], ""name""=>[""""], ""lat""=>[""""], ""long""=>[""""], ""id""=>[""""]}",2792513,Le Touquet,"[2.91667, 50.71667]"
52,AWD0001n1h,diary,474,2,1916-09-28 00:00:00 UTC,28 Sep 1916,Le Touquet,"[2.91667, 50.71667]","",place,Le Touquet,"{""place""=>[""Le Touquet""], ""location""=>[""true""], ""name""=>[""Le Touquet""], ""lat""=>[""50.71667""], ""long""=>[""2.91667""], ""id""=>[""2792513""]}",2792513,Le Touquet,"[2.91667, 50.71667]"
54,AWD0001n1h,diary,474,2,1916-09-28 00:00:00 UTC,28 Sep 1916,Le Touquet,"[2.91667, 50.71667]","",place,Maison 1875,"{""place""=>[""Maison 1875""], ""location""=>[""false""], ""name""=>[""""], ""lat""=>[""""], ""long""=>[""""], ""id""=>[""""]}",2792513,Le Touquet,"[2.91667, 50.71667]"
56,AWD0001n1h,diary,474,5,1916-09-29 00:00:00 UTC,29 Sep 1916,Le Touquet,"[2.91667, 50.71667]","",diaryDate,29 Sep 1916,"{""day""=>[""29""], ""month""=>[""Sep""], ""year""=>[""1916""]}",2792513,Le Touquet,"[2.91667, 50.71667]"
57,AWD0001n1h,diary,474,2,1916-09-29 00:00:00 UTC,29 Sep 1916,Le Touquet,"[2.91667, 50.71667]","",activity,line,{},2792513,Le Touquet,"[2.91667, 50.71667]"
59,AWD0001n1h,diary,474,2,1916-09-29 00:00:00 UTC,29 Sep 1916,Le Touquet,"[2.91667, 50.71667]","",place,Le Touquet,"{""place""=>[""Le Touquet""], ""location""=>[""true""], ""name""=>[""Le Touquet""], ""lat""=>[""50.71667""], ""long""=>[""2.91667""], ""id""=>[""2792513""]}",2792513,Le Touquet,"[2.91667, 50.71667]"
60,AWD0001n1h,diary,474,5,1916-09-30 00:00:00 UTC,30 Sep 1916,Le Touquet,"[2.91667, 50.71667]","",diaryDate,30 Sep 1916,"{""day""=>[""30""], ""month""=>[""Sep""], ""year""=>[""1916""]}",2792513,Le Touquet,"[2.91667, 50.71667]"
61,AWD0001n1h,diary,474,2,1916-09-30 00:00:00 UTC,30 Sep 1916,Le Touquet,"[2.91667, 50.71667]","",activity,raid,{},2792513,Le Touquet,"[2.91667, 50.71667]"
63,AWD0001n1h,diary,474,2,1916-09-30 00:00:00 UTC,30 Sep 1916,Le Touquet,"[2.91667, 50.71667]","",unit,"9th Devon. Regt., 9th Devon Regt","{""name""=>[""9th Devon. Regt."", ""9th Devon Regt""], ""context""=>[""other""]}",2792513,Le Touquet,"[2.91667, 50.71667]"
65,AWD0001n1h,diary,474,4,1916-09-30 00:00:00 UTC,30 Sep 1916,Le Touquet,"[2.91667, 50.71667]","",activity,attack,{},2792513,Le Touquet,"[2.91667, 50.71667]"
66,AWD0001n1h,diary,474,2,1916-09-30 00:00:00 UTC,30 Sep 1916,Le Touquet,"[2.91667, 50.71667]","",place,Machine Gun House,"{""place""=>[""Machine Gun House""], ""location""=>[""false"", ""true""], ""name""=>[""""], ""lat""=>[""""], ""long""=>[""""], ""id""=>[""""]}",2792513,Le Touquet,"[2.91667, 50.71667]"
71,AWD0001n1h,diary,474,2,1916-09-30 22:15:00 UTC,30 Sep 1916,Le Touquet,"[2.91667, 50.71667]",1015PM,time,1015PM,{},2792513,Le Touquet,"[2.91667, 50.71667]"
73,AWD0001n1h,diary,474,2,1916-09-30 22:00:00 UTC,30 Sep 1916,Le Touquet,"[2.91667, 50.71667]",1000PM,time,1000PM,{},2792513,Le Touquet,"[2.91667, 50.71667]"
74,AWD0001n1h,diary,474,3,1916-09-30 22:00:00 UTC,30 Sep 1916,Le Touquet,"[2.91667, 50.71667]",1000PM,activity,fire,{},2792513,Le Touquet,"[2.91667, 50.71667]"
75,AWD0001n1h,diary,474,3,1916-09-30 22:00:00 UTC,30 Sep 1916,Le Touquet,"[2.91667, 50.71667]",1000PM,activity,quiet,{},2792513,Le Touquet,"[2.91667, 50.71667]"
76,AWD0001n1h,diary,474,2,1916-09-30 22:45:00 UTC,30 Sep 1916,Le Touquet,"[2.91667, 50.71667]",1045PM,time,1045PM,{},2792513,Le Touquet,"[2.91667, 50.71667]"
1,AWD0001mwq,diary,475,3,1916-09-30 00:00:00 UTC,30 Sep 1916,Le Touquet,"[2.91667, 50.71667]","",diaryDate,30 Sep 1916,"{""day""=>[""30""], ""month""=>[""Sep""], ""year""=>[""1916""]}",2792513,Le Touquet,"[2.91667, 50.71667]"
2,AWD0001mwq,diary,475,4,1916-09-30 00:00:00 UTC,30 Sep 1916,Pont Nieppe,"[0.0, 0.0]","",place,Pont Nieppe,"{""place""=>[""Pont Nieppe""], ""location""=>[""true""], ""name""=>[""Nieppe"", ""Le Touquet"", """", ""Le Bizet""], ""lat""=>[""50.70425"", ""50.71667"", """", ""50.70825""], ""long""=>[""2.83506"", ""2.91667"", """", ""2.88451""], ""id""=>[""2990392"", ""2792513"", """", ""2793135""]}",,,
4,AWD0001mwq,diary,475,2,1916-09-30 00:00:00 UTC,30 Sep 1916,Pont Nieppe,"[0.0, 0.0]","",diaryDate,30 Sep 1916,"{""day""=>[""30""], ""month""=>[""Sep""], ""year""=>[""1916""]}",,,
6,AWD0001mwq,diary,475,5,1916-09-30 00:00:00 UTC,30 Sep 1916,Pont Nieppe,"[0.0, 0.0]","",strength,"officer: 38, other: 802",{},,,
14,AWD0001mwq,diary,475,2,1916-09-30 00:00:00 UTC,30 Sep 1916,Pont Nieppe,"[0.0, 0.0]","",place,Devonport,"{""place""=>[""Devonport""], ""location""=>[""false""], ""name""=>["""", ""Devonport""], ""lat""=>["""", ""50.37807""], ""long""=>["""", ""-4.17534""], ""id""=>["""", ""2651289""]}",,,
15,AWD0001mwq,diary,475,3,1916-09-30 00:00:00 UTC,30 Sep 1916,Pont Nieppe,"[0.0, 0.0]","",person,Captain C Pepys,"{""first""=>[""C""], ""surname""=>[""Pepys""], ""rank""=>[""Captain""], ""number""=>[""""], ""reason""=>[""author""], ""unit""=>[""""]}",,,
10,AWD0001mzt,report,476,2,,,,[],,orders,move,{},,,
11,AWD0001mzt,report,476,5,,,,[],,person,Major C C Foss,"{""first""=>[""C C""], ""surname""=>[""Foss""], ""rank""=>[""Major""], ""number""=>[""""], ""reason""=>[""other""], ""unit""=>[""20th Infantry Brigade""]}",,,
12,AWD0001mzt,report,476,4,,,,[],,date,3 Sep 1916,{},,,
14,AWD0001mzt,report,476,2,,,,[],,orders,attack,{},,,
15,AWD0001mzt,report,476,2,,,,[],,person,Major C C Foss,"{""first""=>[""C C""], ""surname""=>[""Foss""], ""rank""=>[""Major""], ""number""=>[""""], ""reason""=>[""other""], ""unit""=>[""20th Infantry Brigade""]}",,,
16,AWD0001mzt,report,476,3,,,,[],,date,4 Sep 1916,{},,,
9,AWD0001mwo,orders,477,3,,,,[],,date,4 Sep 1916,{},,,
11,AWD0001mwo,orders,477,4,,,,[],,person,Major C C Foss,"{""first""=>[""C C""], ""surname""=>[""Foss""], ""rank""=>[""Major""], ""number""=>[""""], ""reason""=>[""other""], ""unit""=>[""20th Infantry Brigade""]}",,,
12,AWD0001mwo,orders,477,3,,,,[],,date,4 Sep 1916,{},,,
11,AWD0001n2f,"report, orders",478,2,,,,[],,date,5 Sep 1916,{},,,
15,AWD0001n2f,"report, orders",478,3,,,,[],,person,Major C C Foss,"{""first""=>[""C C""], ""surname""=>[""Foss""], ""rank""=>[""Major""], ""number""=>[""""], ""reason""=>[""other""], ""unit""=>[""20th Infantry Brigade""]}",,,
8,AWD0001mze,orders,479,2,,,,[],,orders,attack,{},,,
10,AWD0001mze,orders,479,3,,,,[],,person,Major C C Foss,"{""first""=>[""C C""], ""surname""=>[""Foss""], ""rank""=>[""Major""], ""number""=>[""""], ""reason""=>[""other""], ""unit""=>[""20th Infantry Brigade""]}",,,
11,AWD0001mze,orders,479,3,,,,[],,date,5 Sep 1916,{},,,
13,AWD0001mze,orders,479,2,,,,[],,orders,attack,{},,,
14,AWD0001mze,orders,479,2,,,,[],,person,Major C C Foss,"{""first""=>[""C C""], ""surname""=>[""Foss""], ""rank""=>[""Major""], ""number""=>[""""], ""reason""=>[""other""], ""unit""=>[""20th Infantry Brigade""]}",,,
15,AWD0001mze,orders,479,3,,,,[],,date,5 Sep 1916,{},,,
19,AWD0001mze,orders,479,2,,,,[],,date,5 Sep 1916,{},,,
24,AWD0001mze,orders,479,3,,,,[],,person,Major C C Foss,"{""first""=>[""C C""], ""surname""=>[""Foss""], ""rank""=>[""Major""], ""number""=>[""""], ""reason""=>[""other""], ""unit""=>[""20th Infantry Brigade""]}",,,
25,AWD0001mze,orders,479,3,,,,[],,date,5 Sep 1916,{},,,
7,AWD0001mxy,orders,480,2,,,,[],,orders,attack,{},,,
8,AWD0001mxy,orders,480,3,,,,[],,date,5 Sep 1916,{},,,
9,AWD0001mxy,orders,480,3,,,,[],,person,Lieutenant Colonel C Bonham Carter,"{""first""=>[""C""], ""surname""=>[""Bonham Carter""], ""rank""=>[""Lieutenant Colonel""], ""number""=>[""""], ""reason""=>[""other""], ""unit""=>[""7th Division""]}",,,
13,AWD0001mxy,orders,480,3,,,,[],,person,Major C C Foss,"{""first""=>[""C C""], ""surname""=>[""Foss""], ""rank""=>[""Major""], ""number""=>[""""], ""reason""=>[""other""], ""unit""=>[""20th Infantry Brigade""]}",,,
14,AWD0001mxy,orders,480,2,,,,[],,date,5 Sep 1916,{},,,
19,AWD0001mxy,orders,480,3,,,,[],,date,6 Sep 1916,{},,,
20,AWD0001mxy,orders,480,2,,,,[],,orders,attack,{},,,
21,AWD0001mxy,orders,480,3,,,,[],,person,Major C C Foss,"{""first""=>[""C C""], ""surname""=>[""Foss""], ""rank""=>[""Major""], ""number""=>[""""], ""reason""=>[""other""], ""unit""=>[""20th Infantry Brigade""]}",,,
9,AWD0001n1z,orders,481,2,,,,[],,orders,attack,{},,,
10,AWD0001n1z,orders,481,3,,,,[],,person,Major C C Foss,"{""first""=>[""C C""], ""surname""=>[""Foss""], ""rank""=>[""Major""], ""number""=>[""""], ""reason""=>[""other""], ""unit""=>[""20th Infantry Brigade""]}",,,
11,AWD0001n1z,orders,481,3,,,,[],,date,6 Sep 1916,{},,,
16,AWD0001n1z,orders,481,2,,,,[],,person,Major C C Foss,"{""first""=>[""C C""], ""surname""=>[""Foss""], ""rank""=>[""Major""], ""number""=>[""""], ""reason""=>[""other""], ""unit""=>[""20th Infantry Brigade""]}",,,
17,AWD0001n1z,orders,481,2,,,,[],,date,6 Sep 1916,{},,,
21,AWD0001n1z,orders,481,2,,,,[],,orders,move,{},,,
22,AWD0001n1z,orders,481,3,,,,[],,person,Major C C Foss,"{""first""=>[""C C""], ""surname""=>[""Foss""], ""rank""=>[""Major""], ""number""=>[""""], ""reason""=>[""other""], ""unit""=>[""20th Infantry Brigade""]}",,,
5,AWD0001n0z,report,482,2,,,,[],,reference,Appendix II,{},,,
7,AWD0001n0z,report,482,2,,,,[],,title,Report on operations from 3-9-16 to 7-9-16,{},,,
10,AWD0001n0z,report,482,2,,,,[],,date,3 Sep 1916,{},,,
4,AWD0001mzx,report,485,2,,,,[],,date,7 Sep 1916,{},,,
7,AWD0001mxh,report,489,5,,,,[],,date,6 Sep 1916,{},,,
7,AWD0001n3b,report,490,3,,,,[],,date,6 Sep 1916,{},,,
2,AWD0001mzk,report,491,2,,,,[],,date,7 Sep 1916,{},,,
4,AWD0001n2h,report,492,2,,,,[],,date,7 Sep 1916,{},,,
7,AWD0001n2h,report,492,2,,,,[],,person,Lieutenant  Lock,"{""first""=>[""""], ""surname""=>[""Lock""], ""rank""=>[""Lieutenant""], ""number""=>[""""], ""reason""=>[""other""], ""unit""=>[""8 Battalion Devonshire Regiment"", """"]}",,,
8,AWD0001n2h,report,492,2,,,,[],,person,"Captain  Hole, Hale","{""first""=>[""""], ""surname""=>[""Hole"", ""Hale""], ""rank""=>[""Captain""], ""number""=>[""""], ""reason""=>[""other""], ""unit""=>[""8 Battalion Devonshire Regiment"", """"]}",,,
8,AWD0001n0a,report,493,2,,,,[],,date,6 Sep 1916,{},,,
2,AWD0001mzf,report,494,2,,,,[],,date,7 Sep 1916,{},,,
7,AWD0001mzf,report,494,2,,,,[],,person,Second Lieutenant  Field,"{""first""=>[""""], ""surname""=>[""Field""], ""rank""=>[""Second Lieutenant""], ""number""=>[""""], ""reason""=>[""commander"", ""other""], ""unit""=>[""C Coy. platoon"", ""C Coy. 8 Battalion Devonshire Regiment""]}",,,
8,AWD0001mzf,report,494,2,,,,[],,person,Second Lieutenant  Jupe,"{""first""=>[""""], ""surname""=>[""Jupe""], ""rank""=>[""Second Lieutenant""], ""number""=>[""""], ""reason""=>[""commander"", ""other""], ""unit""=>[""C. Coy. platoon"", ""C Coy. 8 Battalion Devonshire Regiment""]}",,,
8,AWD0001n2t,report,495,2,,,,[],,date,7 Sep 1916,{},,,
4,AWD0001n2v,report,496,2,,,,[],,date,7 Sep 1916,{},,,
3,AWD0001mz1,report,497,2,,,,[],,date,7 Sep 1916,{},,,
6,AWD0001n35,report,498,2,,,,[],,person,Captain  Moore,"{""first""=>[""""], ""surname""=>[""Moore""], ""rank""=>[""Captain""], ""number""=>[""""], ""reason""=>[""casualty_wounded""], ""unit""=>["""", "" 8 Battalion Devonshire Regiment.""]}",,,
7,AWD0001n35,report,498,2,,,,[],,person,"Second Lieutenant  Old, Olo","{""first""=>[""""], ""surname""=>[""Old"", ""Olo""], ""rank""=>[""Second Lieutenant""], ""number""=>[""""], ""reason""=>[""casualty_wounded""], ""unit""=>["" 8 Battalion Devonshire Regiment."", """"]}",,,
8,AWD0001n35,report,498,2,,,,[],,person,Second Lieutenant  Smith,"{""first""=>[""""], ""surname""=>[""Smith""], ""rank""=>[""Second Lieutenant""], ""number""=>[""""], ""reason""=>[""casualty_wounded""], ""unit""=>["" 8 Battalion Devonshire Regiment."", """"]}",,,
9,AWD0001n35,report,498,4,,,,[],,date,10 Sep 1916,{},,,
10,AWD0001n35,report,498,2,,,,[],,reference,"Guillemont Map 1/20,000",{},,,
1,AWD0001my6,signals,500,4,,,,[],,date,6 Sep 1916,{},,,
13,AWD0001my6,signals,500,3,,,,[],,gridRef,T 19 a 6 9,{},,,
16,AWD0001my6,signals,500,2,,,,[],,gridRef,T 14 a 6 4,{},,,
18,AWD0001my6,signals,500,2,,,,[],,gridRef,T 7 d 4 5,{},,,
19,AWD0001my6,signals,500,2,,,,[],,gridRef,T 7 d 3 2,{},,,
1,AWD0001mxc,signals,501,2,,,,[],,signals,situation,{},,,
2,AWD0001mxc,signals,501,5,,,,[],,unit,Gordons,"{""name""=>[""Gordons""], ""context""=>[""joined""]}",,,
3,AWD0001mxc,signals,501,2,,,,[],,unit,Queens,"{""name""=>[""Queens""], ""context""=>[""other""]}",,,
4,AWD0001mxc,signals,501,2,,,,[],,time,0707AM,{},,,
3,AWD0001mxq,report,502,2,,,,[],,title,Report on operations from 3-9-16 to 7-9-16,{},,,
8,AWD0001n2y,report,503,3,,,,[],,person,Lieutenant Colonel B C James,"{""first""=>[""B C""], ""surname""=>[""James""], ""rank""=>[""Lieutenant Colonel""], ""number""=>[""""], ""reason""=>[""commander""], ""unit""=>[""""]}",,,
5,AWD0001mx7,report,504,3,,,,[],,date,4 Sep 1916,{},,,
6,AWD0001mx7,report,504,4,,,,[],,date,5 Sep 1916,{},,,
7,AWD0001mx7,report,504,2,,,,[],,date,6 Sep 1916,{},,,
4,AWD0001n2p,report,505,2,,,,[],,person,"Lieutenant R,R E Machin, Maclin","{""first""=>[""R"", ""R E""], ""surname""=>[""Machin"", ""Maclin""], ""rank""=>[""Lieutenant""], ""number""=>[""""], ""reason""=>[""other"", ""author""], ""unit""=>[""A  Coy.  8 Battalion Devonshire Regiment."", """"]}",,,
5,AWD0001n2p,report,505,3,,,,[],,date,10 Sep 1916,{},,,
1,AWD0001mx2,"report, other",508,2,,,,[],,date,7 Sep 1916,{},,,
4,AWD0001mx2,"report, other",508,2,,,,[],,date,10 Sep 1916,{},,,
1,AWD0001mwm,"signals, other",509,2,,,,[],,signals,situation,{},,,
2,AWD0001mwm,"signals, other",509,2,,,,[],,time,0715AM,{},,,
3,AWD0001mwm,"signals, other",509,4,,,,[],,person,Captain  Hole,"{""first""=>[""""], ""surname""=>[""Hole""], ""rank""=>[""Captain""], ""number""=>[""""], ""reason""=>[""other""], ""unit""=>["""", "" 8 Battalion Devonshire Regiment.""]}",,,
5,AWD0001mwm,"signals, other",509,2,,,,[],,time,0955AM,{},,,
6,AWD0001mwm,"signals, other",509,2,,,,[],,gridRef,S 18 b 8 2,{},,,
7,AWD0001mwm,"signals, other",509,2,,,,[],,gridRef,S 18 b 9 0,{},,,
8,AWD0001mwm,"signals, other",509,2,,,,[],,gridRef,T 13 a 2 0,{},,,
9,AWD0001mwm,"signals, other",509,6,,,,[],,person,Captain  Hole,"{""first""=>[""""], ""surname""=>[""Hole""], ""rank""=>[""Captain""], ""number""=>[""""], ""reason""=>[""other""], ""unit""=>["""", "" 8 Battalion Devonshire Regiment.""]}",,,
1,AWD0001mx0,"signals, other",510,2,,,,[],,signals,situation,{},,,
2,AWD0001mx0,"signals, other",510,4,,,,[],,person,Second Lieutenant  Old,"{""first""=>[""""], ""surname""=>[""Old""], ""rank""=>[""Second Lieutenant""], ""number""=>[""""], ""reason""=>[""other""], ""unit""=>["" 8 Battalion Devonshire Regiment.""]}",,,
3,AWD0001mx0,"signals, other",510,2,,,,[],,unit,Gordons,"{""name""=>[""Gordons""], ""context""=>[""other""]}",,,
4,AWD0001mx0,"signals, other",510,2,,,,[],,person,"Lieutenant G D, Lock","{""first""=>[""G D"", """"], ""surname""=>[""Lock""], ""rank""=>[""Lieutenant""], ""number""=>[""""], ""reason""=>[""commander"", ""other""], ""unit""=>[""B Coy  8 Battalion Devonshire Regiment."", """"]}",,,
5,AWD0001mx0,"signals, other",510,2,,,,[],,time,0650AM,{},,,
1,AWD0001n2c,signals,511,4,,,,[],,date,5 Sep 1916,{},,,
2,AWD0001n2c,signals,511,2,,,,[],,signals,situation,{},,,
4,AWD0001n2c,signals,511,4,,,,[],,person,Second Lieutenant Alan Monk,"{""first""=>[""Alan""], ""surname""=>[""Monk""], ""rank""=>[""Second Lieutenant""], ""number""=>[""""], ""reason""=>[""other"", ""author""], ""unit""=>[""""]}",,,
1,AWD0001myr,signals,512,2,,,,[],,time,0900PM,{},,,
2,AWD0001myr,signals,512,4,,,,[],,date,5 Sep 1916,{},,,
4,AWD0001myr,signals,512,2,,,,[],,signals,situation,{},,,
5,AWD0001myr,signals,512,4,,,,[],,time,0820PM,{},,,
1,AWD0001mwy,signals,513,3,,,,[],,time,0800PM,{},,,
2,AWD0001mwy,signals,513,5,,,,[],,date,5 Sep 1916,{},,,
9,AWD0001mwy,signals,513,3,,,,[],,time,0650PM,{},,,
1,AWD0001mzb,signals,514,5,,,,[],,date,6 Sep 1916,{},,,
4,AWD0001mzb,signals,514,2,,,,[],,time,0500PM,{},,,
1,AWD0001mwr,signals,515,2,,,,[],,signals,request,{},,,
2,AWD0001myj,signals,516,2,,,,[],,signals,situation,{},,,
1,AWD0001myp,signals,517,2,,,,[],,time,0845PM,{},,,
2,AWD0001myp,signals,517,2,,,,[],,date,6 Sep 1916,{},,,
4,AWD0001myp,signals,517,3,,,,[],,date,6 Sep 1916,{},,,
7,AWD0001myp,signals,517,3,,,,[],,time,0705PM,{},,,
1,AWD0001n1o,signals,518,2,,,,[],,signals,situation,{},,,
1,AWD0001n0d,signals,519,2,,,,[],,signals,situation,{},,,
1,AWD0001my0,signals,520,2,,,,[],,signals,situation,{},,,
2,AWD0001my0,signals,520,2,,,,[],,person,Lieutenant  Lock,"{""first""=>[""""], ""surname""=>[""Lock""], ""rank""=>[""Lieutenant""], ""number""=>[""""], ""reason""=>[""other"", ""combat""], ""unit""=>[""8 Battalion Devonshire Regiment"", """"]}",,,
3,AWD0001my0,signals,520,2,,,,[],,time,0945AM,{},,,
2,AWD0001mws,signals,521,3,,,,[],,signals,situation,{},,,
5,AWD0001mws,signals,521,4,,,,[],,person,"Captain G B,C B Hole","{""first""=>[""G B"", ""C B""], ""surname""=>[""Hole""], ""rank""=>[""Captain""], ""number""=>[""""], ""reason""=>[""commander""], ""unit""=>[""C. Coy. 8 Battalion Devonshire Regiment"", """", ""C Company Commander 8th Devons"", ""C Coy.""]}",,,
7,AWD0001mws,signals,521,3,,,,[],,time,0615PM,{},,,
10,AWD0001mws,signals,521,4,,,,[],,person,"Captain G B,C B Hole","{""first""=>[""G B"", ""C B""], ""surname""=>[""Hole""], ""rank""=>[""Captain""], ""number""=>[""""], ""reason""=>[""commander""], ""unit""=>[""Commdg. C Coy. 8 Battalion Devonshire Regiment"", ""C Coy."", ""Commander C Company 8th Devons"", """"]}",,,
11,AWD0001mws,signals,521,3,,,,[],,time,0755PM,{},,,
1,AWD0001n34,signals,522,2,,,,[],,signals,other,{},,,
2,AWD0001n34,signals,522,3,,,,[],,date,5 Sep 1916,{},,,
3,AWD0001n34,signals,522,2,,,,[],,person,Captain C Pepys,"{""first""=>[""C""], ""surname""=>[""Pepys""], ""rank""=>[""Captain""], ""number""=>[""""], ""reason""=>[""author"", ""other""], ""unit""=>["""", ""Adj. 8 Battalion Devonshire Regiment""]}",,,
4,AWD0001n34,signals,522,3,,,,[],,time,0700AM,{},,,
1,AWD0001n32,signals,523,4,,,,[],,date,5 Sep 1916,{},,,
2,AWD0001n32,signals,523,2,,,,[],,signals,request,{},,,
3,AWD0001n32,signals,523,5,,,,[],,person,Captain  Moore,"{""first""=>[""""], ""surname""=>[""Moore""], ""rank""=>[""Captain""], ""number""=>[""""], ""reason""=>[""other""], ""unit""=>[""""]}",,,
4,AWD0001n32,signals,523,3,,,,[],,time,1120PM,{},,,
6,AWD0001n32,signals,523,2,,,,[],,person,Captain C Pepys,"{""first""=>[""C""], ""surname""=>[""Pepys""], ""rank""=>[""Captain""], ""number""=>[""""], ""reason""=>[""other"", ""author""], ""unit""=>[""Adj. 8 Battalion Devonshire Regiment"", """"]}",,,
1,AWD0001n0t,signals,524,4,,,,[],,date,5 Sep 1916,{},,,
3,AWD0001n0t,signals,524,3,,,,[],,signals,order,{},,,
4,AWD0001n0t,signals,524,2,,,,[],,date,6 Sep 1916,{},,,
5,AWD0001n0t,signals,524,4,,,,[],,time,0100PM,{},,,
3,AWD0001n2x,signals,525,2,,,,[],,time,1200AM,{},,,
4,AWD0001n2x,signals,525,2,,,,[],,signals,order,{},,,
6,AWD0001n2x,signals,525,3,,,,[],,gridRef,T 13 a 0 4,{},,,
7,AWD0001n2x,signals,525,2,,,,[],,gridRef,T 13 b 6 4,{},,,
9,AWD0001n2x,signals,525,3,,,,[],,gridRef,T 14 c 3 0,{},,,
10,AWD0001n2x,signals,525,6,,,,[],,unit,Gordons,"{""name""=>[""Gordons""], ""context""=>[""other""]}",,,
11,AWD0001n2x,signals,525,5,,,,[],,gridRef,T 14 a 0 5,{},,,
16,AWD0001n2x,signals,525,3,,,,[],,gridRef,T 13 d 0 0,{},,,
18,AWD0001n2x,signals,525,2,,,,[],,unit,"Gordons, The Gordons","{""name""=>[""Gordons"", ""The Gordons""], ""context""=>[""other""]}",,,
1,AWD0001mz7,signals,526,4,,,,[],,date,5 Sep 1916,{},,,
2,AWD0001mz7,signals,526,4,,,,[],,signals,situation,{},,,
4,AWD0001mz7,signals,526,3,,,,[],,time,0925AM,{},,,
1,AWD0001n0i,signals,527,3,,,,[],,person,"Second Lieutenant N,,N E G Fenwick","{""first""=>[""N"", """", ""N E G""], ""surname""=>[""Fenwick""], ""rank""=>[""Second Lieutenant""], ""number""=>[""""], ""reason""=>[""other"", ""combat"", ""commander""], ""unit""=>[""No.6 Platoon. 8 Battalion Devonshire Regiment"", """", ""No. 6 Platoon""]}",,,
3,AWD0001n0i,signals,527,2,,,,[],,person,Captain G B Hole,"{""first""=>[""G B""], ""surname""=>[""Hole""], ""rank""=>[""Captain""], ""number""=>[""""], ""reason""=>[""commander""], ""unit""=>[""C Coy."", ""Commdg. C Coy. 8 Battalion Devonshire Regiment""]}",,,
8,AWD0001n0i,signals,527,3,,,,[],,time,0610PM,{},,,
3,AWD0001n00,signals,528,2,,,,[],,gridRef,S 12 d 60 00,{},,,
5,AWD0001n00,signals,528,2,,,,[],,gridRef,S 18 b 9 7,{},,,
10,AWD0001n00,signals,528,3,,,,[],,gridRef,T 7 c 20 00,{},,,
14,AWD0001n00,signals,528,3,,,,[],,date,5 Sep 1916,{},,,
1,AWD0001myl,signals,529,2,,,,[],,date,6 Sep 1916,{},,,
3,AWD0001myl,signals,529,2,,,,[],,unit,The French,"{""name""=>[""The French""], ""context""=>[""other""]}",,,
9,AWD0001myl,signals,529,2,,,,[],,gridRef,T 19 a 8 6,{},,,
10,AWD0001myl,signals,529,2,,,,[],,gridRef,T 19 a 6 9,{},,,
11,AWD0001myl,signals,529,2,,,,[],,unit,9th Devons,"{""name""=>[""9th Devons""], ""context""=>[""other""]}",,,
12,AWD0001myl,signals,529,2,,,,[],,gridRef,T 14 a 6 4,{},,,
14,AWD0001myl,signals,529,2,,,,[],,gridRef,T 7 d 3 2,{},,,
18,AWD0001myl,signals,529,2,,,,[],,gridRef,T 7 d 85,{},,,
4,AWD0001mzz,signals,530,5,,,,[],,unit,Gordons,"{""name""=>[""Gordons""], ""context""=>[""other""]}",,,
6,AWD0001mzz,signals,530,3,,,,[],,time,0707AM,{},,,
4,AWD0001n19,signals,531,2,,,,[],,gridRef,S 24 a 2 9,{},,,
3,AWD0001n1c,"report, signals",532,5,,,,[],,person,Private F Cleave,"{""first""=>[""F""], ""surname""=>[""Cleave""], ""rank""=>[""Private""], ""number""=>[""11825""], ""reason""=>[""casualty_kia""], ""unit""=>[""""]}",,,
4,AWD0001n1c,"report, signals",532,2,,,,[],,diaryDate,6 Jun 1915,"{""day""=>[""6""], ""month""=>[""Jun""], ""year""=>[""1915""]}",,,
5,AWD0001n1c,"report, signals",532,2,,,,[],,date,6 Sep 1916,{},,,
6,AWD0001n1c,"report, signals",532,5,,,,[],,person,Private W Gale,"{""first""=>[""W""], ""surname""=>[""Gale""], ""rank""=>[""Private""], ""number""=>[""10755""], ""reason""=>[""casualty_kia""], ""unit""=>[""""]}",,,
9,AWD0001n1c,"report, signals",532,5,,,,[],,person,Private A Jones,"{""first""=>[""A""], ""surname""=>[""Jones""], ""rank""=>[""Private""], ""number""=>[""24796""], ""reason""=>[""casualty_wounded""], ""unit""=>[""""]}",,,
11,AWD0001n1c,"report, signals",532,5,,,,[],,person,Private F Jewell,"{""first""=>[""F""], ""surname""=>[""Jewell""], ""rank""=>[""Private""], ""number""=>[""26754""], ""reason""=>[""casualty_wounded""], ""unit""=>[""""]}",,,
12,AWD0001n1c,"report, signals",532,2,,,,[],,diaryDate,5 Jun 1915,"{""day""=>[""5""], ""month""=>[""Jun""], ""year""=>[""1915""]}",,,
13,AWD0001n1c,"report, signals",532,2,,,,[],,date,5 Sep 1916,{},,,
14,AWD0001n1c,"report, signals",532,4,,,,[],,person,"Private G Alverton, Ilverton, Ulverton, OVERTON","{""first""=>[""G""], ""surname""=>[""Alverton"", ""Ilverton"", ""Ulverton"", ""OVERTON""], ""rank""=>[""Private""], ""number""=>[""26989""], ""reason""=>[""casualty_wounded""], ""unit""=>["""", ""D. C. L. I."", ""DCLI"", ""DCLION 5/9/16""]}",,,
16,AWD0001n1c,"report, signals",532,4,,,,[],,person,Private W Wilsted,"{""first""=>[""W""], ""surname""=>[""Wilsted""], ""rank""=>[""Private""], ""number""=>[""27004""], ""reason""=>[""casualty_wounded""], ""unit""=>[""""]}",,,
17,AWD0001n1c,"report, signals",532,4,,,,[],,date,7 Sep 1916,{},,,
1,AWD0001n2z,signals,533,3,,,,[],,person,Captain  Hole,"{""first""=>[""""], ""surname""=>[""Hole""], ""rank""=>[""Captain""], ""number""=>[""""], ""reason""=>[""commander""], ""unit""=>[""Commdg. C Coy. 8 Battalion Devonshire Regiment"", ""C Coy."", """"]}",,,
2,AWD0001n2z,signals,533,2,,,,[],,signals,order,{},,,
3,AWD0001n2z,signals,533,3,,,,[],,gridRef,T 13 a 4 1,{},,,
4,AWD0001n2z,signals,533,3,,,,[],,gridRef,T 13 a 2 0,{},,,
5,AWD0001n2z,signals,533,2,,,,[],,person,Captain C Pepys,"{""first""=>[""C""], ""surname""=>[""Pepys""], ""rank""=>[""Captain""], ""number""=>[""""], ""reason""=>[""other"", ""author""], ""unit""=>[""8 Battalion Devonshire Regiment"", """"]}",,,
6,AWD0001n2z,signals,533,3,,,,[],,date,7 Sep 1916,{},,,
8,AWD0001n2z,signals,533,2,,,,[],,time,0804AM,{},,,
1,AWD0001n2j,diary,535,4,1916-10-01 00:00:00 UTC,1 Oct 1916,Pont Nieppe,"[0.0, 0.0]","",diaryDate,1 Oct 1916,"{""day""=>[""1""], ""month""=>[""Oct""], ""year""=>[""1916""]}",,,
4,AWD0001n2j,diary,535,2,1916-10-01 00:00:00 UTC,1 Oct 1916,Pont Nieppe,"[0.0, 0.0]","",unit,"2nd Border Regt, 2ND BORDER REGT","{""name""=>[""2nd Border Regt"", ""2ND BORDER REGT""], ""context""=>[""relieved_by""]}",,,
5,AWD0001n2j,diary,535,2,1916-10-01 00:00:00 UTC,1 Oct 1916,Pont Nieppe,"[0.0, 0.0]","",activity,movement,{},,,
8,AWD0001n2j,diary,535,3,1916-10-01 00:00:00 UTC,1 Oct 1916,Pont Nieppe,"[0.0, 0.0]","",activity,reserve,{},,,
9,AWD0001n2j,diary,535,5,1916-10-01 00:00:00 UTC,1 Oct 1916,Pont de Nieppe,"[0.0, 0.0]","",place,Pont de Nieppe,"{""place""=>[""Pont de Nieppe""], ""location""=>[""true""], ""name""=>[""""], ""lat""=>[""""], ""long""=>[""""], ""id""=>[""""]}",2974198,Sorel,"[3.05, 50.01667]"
13,AWD0001n2j,diary,535,2,1916-10-01 00:00:00 UTC,1 Oct 1916,"Lancaster support farm , Lancaster Support Farm","[0.0, 0.0]","",place,"Lancaster support farm , Lancaster Support Farm","{""place""=>[""Lancaster support farm "", ""Lancaster Support Farm""], ""location""=>[""true""], ""name""=>[""""], ""lat""=>[""""], ""long""=>[""""], ""id""=>[""""]}",,,
15,AWD0001n2j,diary,535,2,1916-10-01 00:00:00 UTC,1 Oct 1916,"Lancaster support farm , Lancaster Support Farm","[0.0, 0.0]","",domestic,accomodation,{},,,
19,AWD0001n2j,diary,535,2,1916-10-01 00:00:00 UTC,1 Oct 1916,"Lancaster support farm , Lancaster Support Farm","[0.0, 0.0]","",gridRef,C 23 b 3 2,{},,,
20,AWD0001n2j,diary,535,5,1916-10-02 00:00:00 UTC,2 Oct 1916,"Lancaster support farm , Lancaster Support Farm","[0.0, 0.0]","",diaryDate,2 Oct 1916,"{""day""=>[""2""], ""month""=>[""Oct""], ""year""=>[""1916""]}",,,
21,AWD0001n2j,diary,535,4,1916-10-02 00:00:00 UTC,2 Oct 1916,"Lancaster support farm , Lancaster Support Farm","[0.0, 0.0]","",domestic,hygiene,{},,,
22,AWD0001n2j,diary,535,3,1916-10-02 00:00:00 UTC,2 Oct 1916,Pont de Nieppe,"[0.0, 0.0]","",place,Pont de Nieppe,"{""place""=>[""Pont de Nieppe""], ""location""=>[""true""], ""name""=>[""""], ""lat""=>[""""], ""long""=>[""""], ""id""=>[""""]}",2974198,Sorel,"[3.05, 50.01667]"
23,AWD0001n2j,diary,535,4,1916-10-02 00:00:00 UTC,2 Oct 1916,Pont de Nieppe,"[0.0, 0.0]","",domestic,inspections,{},2974198,Sorel,"[3.05, 50.01667]"
24,AWD0001n2j,diary,535,2,1916-10-02 00:00:00 UTC,2 Oct 1916,Pont de Nieppe,"[0.0, 0.0]","",activity,training,{},2974198,Sorel,"[3.05, 50.01667]"
25,AWD0001n2j,diary,535,4,1916-10-02 00:00:00 UTC,2 Oct 1916,Pont de Nieppe,"[0.0, 0.0]","",strength,"officer: 38, other: 802",{},2974198,Sorel,"[3.05, 50.01667]"
26,AWD0001n2j,diary,535,5,1916-10-03 00:00:00 UTC,3 Oct 1916,Pont de Nieppe,"[0.0, 0.0]","",diaryDate,3 Oct 1916,"{""day""=>[""3""], ""month""=>[""Oct""], ""year""=>[""1916""]}",2974198,Sorel,"[3.05, 50.01667]"
27,AWD0001n2j,diary,535,3,1916-10-03 00:00:00 UTC,3 Oct 1916,Pont de Nieppe,"[0.0, 0.0]","",place,Pont de Nieppe,"{""place""=>[""Pont de Nieppe""], ""location""=>[""true""], ""name""=>[""""], ""lat""=>[""""], ""long""=>[""""], ""id""=>[""""]}",2974198,Sorel,"[3.05, 50.01667]"
28,AWD0001n2j,diary,535,8,1916-10-03 00:00:00 UTC,3 Oct 1916,Pont de Nieppe,"[0.0, 0.0]","",activity,training,{},2974198,Sorel,"[3.05, 50.01667]"
30,AWD0001n2j,diary,535,6,1916-10-03 09:00:00 UTC,3 Oct 1916,Pont de Nieppe,"[0.0, 0.0]",0900AM,time,0900AM,{},2974198,Sorel,"[3.05, 50.01667]"
31,AWD0001n2j,diary,535,4,1916-10-04 00:00:00 UTC,4 Oct 1916,Pont de Nieppe,"[0.0, 0.0]","",diaryDate,4 Oct 1916,"{""day""=>[""4""], ""month""=>[""Oct""], ""year""=>[""1916""]}",2974198,Sorel,"[3.05, 50.01667]"
34,AWD0001n2j,diary,535,3,1916-10-04 00:00:00 UTC,4 Oct 1916,Pont de Nieppe,"[0.0, 0.0]","",activity,working,{},2974198,Sorel,"[3.05, 50.01667]"
36,AWD0001n2j,diary,535,4,1916-10-05 00:00:00 UTC,5 Oct 1916,Pont de Nieppe,"[0.0, 0.0]","",diaryDate,5 Oct 1916,"{""day""=>[""5""], ""month""=>[""Oct""], ""year""=>[""1916""]}",2974198,Sorel,"[3.05, 50.01667]"
37,AWD0001n2j,diary,535,3,1916-10-05 00:00:00 UTC,5 Oct 1916,Pont de Nieppe,"[0.0, 0.0]","",place,Pont de Nieppe,"{""place""=>[""Pont de Nieppe""], ""location""=>[""true""], ""name""=>[""""], ""lat""=>[""""], ""long""=>[""""], ""id""=>[""""]}",2974198,Sorel,"[3.05, 50.01667]"
38,AWD0001n2j,diary,535,3,1916-10-05 09:00:00 UTC,5 Oct 1916,Pont de Nieppe,"[0.0, 0.0]",0900AM,time,0900AM,{},2974198,Sorel,"[3.05, 50.01667]"
39,AWD0001n2j,diary,535,4,1916-10-05 09:00:00 UTC,5 Oct 1916,Pont de Nieppe,"[0.0, 0.0]",0900AM,activity,training,{},2974198,Sorel,"[3.05, 50.01667]"
41,AWD0001n2j,diary,535,5,1916-10-06 00:00:00 UTC,6 Oct 1916,Pont de Nieppe,"[0.0, 0.0]","",diaryDate,6 Oct 1916,"{""day""=>[""6""], ""month""=>[""Oct""], ""year""=>[""1916""]}",2974198,Sorel,"[3.05, 50.01667]"
42,AWD0001n2j,diary,535,3,1916-10-06 08:00:00 UTC,6 Oct 1916,Pont de Nieppe,"[0.0, 0.0]",0800AM,time,0800AM,{},2974198,Sorel,"[3.05, 50.01667]"
43,AWD0001n2j,diary,535,4,1916-10-06 08:00:00 UTC,6 Oct 1916,Pont de Nieppe,"[0.0, 0.0]",0800AM,activity,working,{},2974198,Sorel,"[3.05, 50.01667]"
44,AWD0001n2j,diary,535,4,1916-10-06 08:00:00 UTC,6 Oct 1916,Pont de Nieppe,"[0.0, 0.0]",0800AM,domestic,hygiene,{},2974198,Sorel,"[3.05, 50.01667]"
45,AWD0001n2j,diary,535,3,1916-10-06 08:00:00 UTC,6 Oct 1916,Pont de Nieppe,"[0.0, 0.0]",0800AM,place,Pont de Nieppe,"{""place""=>[""Pont de Nieppe""], ""location""=>[""true""], ""name""=>[""""], ""lat""=>[""""], ""long""=>[""""], ""id""=>[""""]}",2974198,Sorel,"[3.05, 50.01667]"
47,AWD0001n2j,diary,535,2,1916-10-06 08:00:00 UTC,6 Oct 1916,Pont de Nieppe,"[0.0, 0.0]",0800AM,place,Le Bizet,"{""place""=>[""Le Bizet""], ""location""=>[""false"", ""true""], ""name""=>["""", ""Le Bizet""], ""lat""=>["""", ""50.70825""], ""long""=>["""", ""2.88451""], ""id""=>["""", ""2793135""]}",2974198,Sorel,"[3.05, 50.01667]"
49,AWD0001n2j,diary,535,4,1916-10-07 00:00:00 UTC,7 Oct 1916,Pont de Nieppe,"[0.0, 0.0]","",diaryDate,7 Oct 1916,"{""day""=>[""7""], ""month""=>[""Oct""], ""year""=>[""1916""]}",2974198,Sorel,"[3.05, 50.01667]"
52,AWD0001n2j,diary,535,2,1916-10-07 07:30:00 UTC,7 Oct 1916,Pont de Nieppe,"[0.0, 0.0]",0730AM,time,0730AM,{},2974198,Sorel,"[3.05, 50.01667]"
55,AWD0001n2j,diary,535,2,1916-10-07 07:30:00 UTC,7 Oct 1916,Le Touquet,"[2.91667, 50.71667]",0730AM,place,Le Touquet,"{""place""=>[""Le Touquet""], ""location""=>[""true""], ""name""=>[""Le Touquet""], ""lat""=>[""50.71667""], ""long""=>[""2.91667""], ""id""=>[""2792513""]}",2792513,Le Touquet,"[2.91667, 50.71667]"
57,AWD0001n2j,diary,535,2,1916-10-07 12:05:00 UTC,7 Oct 1916,Le Touquet,"[2.91667, 50.71667]",1205PM,time,1205PM,{},2792513,Le Touquet,"[2.91667, 50.71667]"
58,AWD0001n2j,diary,535,4,1916-10-07 12:05:00 UTC,7 Oct 1916,Le Touquet,"[2.91667, 50.71667]",1205PM,unit,2nd Gordons,"{""name""=>[""2nd Gordons""], ""context""=>[""right""]}",2792513,Le Touquet,"[2.91667, 50.71667]"
59,AWD0001n2j,diary,535,4,1916-10-08 00:00:00 UTC,8 Oct 1916,Le Touquet,"[2.91667, 50.71667]","",diaryDate,8 Oct 1916,"{""day""=>[""8""], ""month""=>[""Oct""], ""year""=>[""1916""]}",2792513,Le Touquet,"[2.91667, 50.71667]"
61,AWD0001n2j,diary,535,4,1916-10-08 00:00:00 UTC,8 Oct 1916,Le Touquet,"[2.91667, 50.71667]","",activity,attack,{},2792513,Le Touquet,"[2.91667, 50.71667]"
62,AWD0001n2j,diary,535,2,1916-10-08 21:00:00 UTC,8 Oct 1916,Le Touquet,"[2.91667, 50.71667]",0900PM,time,0900PM,{},2792513,Le Touquet,"[2.91667, 50.71667]"
65,AWD0001n2j,diary,535,8,1916-10-08 21:00:00 UTC,8 Oct 1916,Le Touquet,"[2.91667, 50.71667]",0900PM,activity,quiet,{},2792513,Le Touquet,"[2.91667, 50.71667]"
67,AWD0001n2j,diary,535,3,1916-10-09 00:00:00 UTC,9 Oct 1916,Le Touquet,"[2.91667, 50.71667]","",diaryDate,9 Oct 1916,"{""day""=>[""9""], ""month""=>[""Oct""], ""year""=>[""1916""]}",2792513,Le Touquet,"[2.91667, 50.71667]"
1,AWD0001mxf,diary,536,3,1916-10-10 00:00:00 UTC,10 Oct 1916,Le Touquet,"[2.91667, 50.71667]","",diaryDate,10 Oct 1916,"{""day""=>[""10""], ""month""=>[""Oct""], ""year""=>[""1916""]}",2792513,Le Touquet,"[2.91667, 50.71667]"
3,AWD0001mxf,diary,536,3,1916-10-10 00:00:00 UTC,10 Oct 1916,Le Touquet,"[2.91667, 50.71667]","",activity,repair,{},2792513,Le Touquet,"[2.91667, 50.71667]"
4,AWD0001mxf,diary,536,4,1916-10-10 00:00:00 UTC,10 Oct 1916,Le Touquet,"[2.91667, 50.71667]","",activity,quiet,{},2792513,Le Touquet,"[2.91667, 50.71667]"
6,AWD0001mxf,diary,536,2,1916-10-10 00:00:00 UTC,10 Oct 1916,Le Touquet,"[2.91667, 50.71667]","",diaryDate,10 Oct 1916,"{""day""=>[""10""], ""month""=>[""Oct""], ""year""=>[""1916""]}",2792513,Le Touquet,"[2.91667, 50.71667]"
7,AWD0001mxf,diary,536,6,1916-10-10 00:00:00 UTC,10 Oct 1916,Le Touquet,"[2.91667, 50.71667]","",place,Le Touquet,"{""place""=>[""Le Touquet""], ""location""=>[""true""], ""name""=>[""Le Touquet""], ""lat""=>[""50.71667""], ""long""=>[""2.91667""], ""id""=>[""2792513""]}",2792513,Le Touquet,"[2.91667, 50.71667]"
8,AWD0001mxf,diary,536,4,1916-10-11 00:00:00 UTC,11 Oct 1916,Le Touquet,"[2.91667, 50.71667]","",diaryDate,11 Oct 1916,"{""day""=>[""11""], ""month""=>[""Oct""], ""year""=>[""1916""]}",2792513,Le Touquet,"[2.91667, 50.71667]"
9,AWD0001mxf,diary,536,4,1916-10-11 00:00:00 UTC,11 Oct 1916,Le Touquet,"[2.91667, 50.71667]","",person,Captain S S Barber,"{""first""=>[""S S""], ""surname""=>[""Barber""], ""rank""=>[""Captain""], ""number""=>[""""], ""reason""=>[""casualty_wounded""], ""unit""=>[""""]}",2792513,Le Touquet,"[2.91667, 50.71667]"
10,AWD0001mxf,diary,536,3,1916-10-11 00:00:00 UTC,11 Oct 1916,Le Touquet,"[2.91667, 50.71667]","",activity,quiet,{},2792513,Le Touquet,"[2.91667, 50.71667]"
13,AWD0001mxf,diary,536,2,1916-10-11 00:00:00 UTC,11 Oct 1916,Le Touquet,"[2.91667, 50.71667]","",activity,raid,{},2792513,Le Touquet,"[2.91667, 50.71667]"
14,AWD0001mxf,diary,536,2,1916-10-11 00:00:00 UTC,11 Oct 1916,Le Touquet,"[2.91667, 50.71667]","",unit,"2nd Border Regt, 2ND BORDER REGT","{""name""=>[""2nd Border Regt"", ""2ND BORDER REGT""], ""context""=>[""other"", ""joined""]}",2792513,Le Touquet,"[2.91667, 50.71667]"
16,AWD0001mxf,diary,536,5,1916-10-12 00:00:00 UTC,12 Oct 1916,Le Touquet,"[2.91667, 50.71667]","",diaryDate,12 Oct 1916,"{""day""=>[""12""], ""month""=>[""Oct""], ""year""=>[""1916""]}",2792513,Le Touquet,"[2.91667, 50.71667]"
17,AWD0001mxf,diary,536,4,1916-10-12 00:00:00 UTC,12 Oct 1916,Le Touquet,"[2.91667, 50.71667]","",activity,attack,{},2792513,Le Touquet,"[2.91667, 50.71667]"
20,AWD0001mxf,diary,536,2,1916-10-12 00:00:00 UTC,12 Oct 1916,Le Touquet,"[2.91667, 50.71667]","",place,Le Touquet,"{""place""=>[""Le Touquet""], ""location""=>[""true""], ""name""=>[""Le Touquet""], ""lat""=>[""50.71667""], ""long""=>[""2.91667""], ""id""=>[""2792513""]}",2792513,Le Touquet,"[2.91667, 50.71667]"
21,AWD0001mxf,diary,536,3,1916-10-12 19:40:00 UTC,12 Oct 1916,Le Touquet,"[2.91667, 50.71667]",0740PM,time,0740PM,{},2792513,Le Touquet,"[2.91667, 50.71667]"
25,AWD0001mxf,diary,536,3,1916-10-12 19:40:00 UTC,12 Oct 1916,Le Touquet,"[2.91667, 50.71667]",0740PM,activity,fire,{},2792513,Le Touquet,"[2.91667, 50.71667]"
26,AWD0001mxf,diary,536,5,1916-10-12 19:40:00 UTC,12 Oct 1916,Le Touquet,"[2.91667, 50.71667]",0740PM,casualties,wounded: 1,{},2792513,Le Touquet,"[2.91667, 50.71667]"
29,AWD0001mxf,diary,536,2,1916-10-12 12:50:00 UTC,12 Oct 1916,Le Touquet,"[2.91667, 50.71667]",1250PM,time,1250PM,{},2792513,Le Touquet,"[2.91667, 50.71667]"
30,AWD0001mxf,diary,536,4,1916-10-13 00:00:00 UTC,13 Oct 1916,Le Touquet,"[2.91667, 50.71667]","",diaryDate,13 Oct 1916,"{""day""=>[""13""], ""month""=>[""Oct""], ""year""=>[""1916""]}",2792513,Le Touquet,"[2.91667, 50.71667]"
31,AWD0001mxf,diary,536,3,1916-10-13 00:00:00 UTC,13 Oct 1916,Le Touquet,"[2.91667, 50.71667]","",unit,"2nd Border Regt., 2nd Border Regt, 2ND BORDER REGT","{""name""=>[""2nd Border Regt."", ""2nd Border Regt"", ""2ND BORDER REGT""], ""context""=>[""relieved_by""]}",2792513,Le Touquet,"[2.91667, 50.71667]"
33,AWD0001mxf,diary,536,5,1916-10-13 00:00:00 UTC,13 Oct 1916,Le Bizet,"[2.88451, 50.70825]","",place,Le Bizet,"{""place""=>[""Le Bizet""], ""location""=>[""true""], ""name""=>[""Le Bizet""], ""lat""=>[""50.70825""], ""long""=>[""2.88451""], ""id""=>[""2793135""]}",2793135,Le Bizet,"[2.88451, 50.70825]"
37,AWD0001mxf,diary,536,2,1916-10-13 00:00:00 UTC,13 Oct 1916,Le Bizet,"[2.88451, 50.70825]","",domestic,accomodation,{},2793135,Le Bizet,"[2.88451, 50.70825]"
45,AWD0001mxf,diary,536,5,1916-10-13 00:00:00 UTC,13 Oct 1916,Le Bizet,"[2.88451, 50.70825]","",person,Second Lieutenant A C Camer,"{""first""=>[""A C""], ""surname""=>[""Camer""], ""rank""=>[""Second Lieutenant""], ""number""=>[""""], ""reason""=>[""joined""], ""unit""=>[""""]}",2793135,Le Bizet,"[2.88451, 50.70825]"
47,AWD0001mxf,diary,536,5,1916-10-13 00:00:00 UTC,13 Oct 1916,Le Bizet,"[2.88451, 50.70825]","",casualties,killed: 1,{},2793135,Le Bizet,"[2.88451, 50.70825]"
48,AWD0001mxf,diary,536,5,1916-10-14 00:00:00 UTC,14 Oct 1916,Le Bizet,"[2.88451, 50.70825]","",diaryDate,14 Oct 1916,"{""day""=>[""14""], ""month""=>[""Oct""], ""year""=>[""1916""]}",2793135,Le Bizet,"[2.88451, 50.70825]"
49,AWD0001mxf,diary,536,3,1916-10-14 00:00:00 UTC,14 Oct 1916,Le Bizet,"[2.88451, 50.70825]","",place,Le Bizet,"{""place""=>[""Le Bizet""], ""location""=>[""true""], ""name""=>[""Le Bizet""], ""lat""=>[""50.70825""], ""long""=>[""2.88451""], ""id""=>[""2793135""]}",2793135,Le Bizet,"[2.88451, 50.70825]"
50,AWD0001mxf,diary,536,8,1916-10-14 00:00:00 UTC,14 Oct 1916,Le Bizet,"[2.88451, 50.70825]","",activity,working,{},2793135,Le Bizet,"[2.88451, 50.70825]"
51,AWD0001mxf,diary,536,5,1916-10-15 00:00:00 UTC,15 Oct 1916,Le Bizet,"[2.88451, 50.70825]","",diaryDate,15 Oct 1916,"{""day""=>[""15""], ""month""=>[""Oct""], ""year""=>[""1916""]}",2793135,Le Bizet,"[2.88451, 50.70825]"
53,AWD0001mxf,diary,536,5,1916-10-15 00:00:00 UTC,15 Oct 1916,Le Bizet,"[2.88451, 50.70825]","",activity,working,{},2793135,Le Bizet,"[2.88451, 50.70825]"
54,AWD0001mxf,diary,536,3,1916-10-15 00:00:00 UTC,15 Oct 1916,Le Bizet,"[0.0, 0.0]","",place,Le Bizet,"{""place""=>[""Le Bizet""], ""location""=>[""true""], ""name""=>[""""], ""lat""=>[""""], ""long""=>[""""], ""id""=>[""""]}",2793135,Le Bizet,"[2.88451, 50.70825]"
55,AWD0001mxf,diary,536,4,1916-10-16 00:00:00 UTC,16 Oct 1916,Le Bizet,"[0.0, 0.0]","",diaryDate,16 Oct 1916,"{""day""=>[""16""], ""month""=>[""Oct""], ""year""=>[""1916""]}",2793135,Le Bizet,"[2.88451, 50.70825]"
57,AWD0001mxf,diary,536,5,1916-10-16 00:00:00 UTC,16 Oct 1916,Le Bizet,"[0.0, 0.0]","",activity,working,{},2793135,Le Bizet,"[2.88451, 50.70825]"
58,AWD0001mxf,diary,536,4,1916-10-17 00:00:00 UTC,17 Oct 1916,Le Bizet,"[0.0, 0.0]","",diaryDate,17 Oct 1916,"{""day""=>[""17""], ""month""=>[""Oct""], ""year""=>[""1916""]}",2793135,Le Bizet,"[2.88451, 50.70825]"
59,AWD0001mxf,diary,536,3,1916-10-17 00:00:00 UTC,17 Oct 1916,Le Bizet,"[2.88451, 50.70825]","",place,Le Bizet,"{""place""=>[""Le Bizet""], ""location""=>[""true""], ""name""=>[""Le Bizet""], ""lat""=>[""50.70825""], ""long""=>[""2.88451""], ""id""=>[""2793135""]}",2793135,Le Bizet,"[2.88451, 50.70825]"
61,AWD0001mxf,diary,536,4,1916-10-17 00:00:00 UTC,17 Oct 1916,Le Bizet,"[2.88451, 50.70825]","",activity,working,{},2793135,Le Bizet,"[2.88451, 50.70825]"
62,AWD0001mxf,diary,536,4,1916-10-18 00:00:00 UTC,18 Oct 1916,Le Bizet,"[2.88451, 50.70825]","",diaryDate,18 Oct 1916,"{""day""=>[""18""], ""month""=>[""Oct""], ""year""=>[""1916""]}",2793135,Le Bizet,"[2.88451, 50.70825]"
64,AWD0001mxf,diary,536,4,1916-10-18 00:00:00 UTC,18 Oct 1916,Le Bizet,"[2.88451, 50.70825]","",unit,2nd Gordons,"{""name""=>[""2nd Gordons""], ""context""=>[""right""]}",2793135,Le Bizet,"[2.88451, 50.70825]"
66,AWD0001mxf,diary,536,2,1916-10-18 15:45:00 UTC,18 Oct 1916,Le Bizet,"[2.88451, 50.70825]",0345PM,time,0345PM,{},2793135,Le Bizet,"[2.88451, 50.70825]"
67,AWD0001mxf,diary,536,5,1916-10-19 00:00:00 UTC,19 Oct 1916,Le Bizet,"[2.88451, 50.70825]","",diaryDate,19 Oct 1916,"{""day""=>[""19""], ""month""=>[""Oct""], ""year""=>[""1916""]}",2793135,Le Bizet,"[2.88451, 50.70825]"
68,AWD0001mxf,diary,536,3,1916-10-19 00:00:00 UTC,19 Oct 1916,Le Bizet,"[2.88451, 50.70825]","",unit,"2nd Border Regt., 2nd Border Regt, 2ND BORDER REGT","{""name""=>[""2nd Border Regt."", ""2nd Border Regt"", ""2ND BORDER REGT""], ""context""=>[""relieved""]}",2793135,Le Bizet,"[2.88451, 50.70825]"
70,AWD0001mxf,diary,536,3,1916-10-19 08:00:00 UTC,19 Oct 1916,Le Bizet,"[2.88451, 50.70825]",0800AM,time,0800AM,{},2793135,Le Bizet,"[2.88451, 50.70825]"
71,AWD0001mxf,diary,536,5,1916-10-19 08:00:00 UTC,19 Oct 1916,Le Bizet,"[2.88451, 50.70825]",0800AM,weather,rain,{},2793135,Le Bizet,"[2.88451, 50.70825]"
73,AWD0001mxf,diary,536,4,1916-10-19 08:00:00 UTC,19 Oct 1916,Le Touquet,"[2.91667, 50.71667]",0800AM,place,Le Touquet,"{""place""=>[""Le Touquet""], ""location""=>[""true""], ""name""=>[""Le Touquet""], ""lat""=>[""50.71667""], ""long""=>[""2.91667""], ""id""=>[""2792513""]}",2792513,Le Touquet,"[2.91667, 50.71667]"
74,AWD0001mxf,diary,536,3,1916-10-19 08:00:00 UTC,19 Oct 1916,Le Touquet,"[2.91667, 50.71667]",0800AM,unit,2nd Warwicks,"{""name""=>[""2nd Warwicks""], ""context""=>[""left""]}",2792513,Le Touquet,"[2.91667, 50.71667]"
1,AWD0001n2o,diary,537,4,1916-10-20 00:00:00 UTC,20 Oct 1916,Le Touquet,"[2.91667, 50.71667]","",diaryDate,20 Oct 1916,"{""day""=>[""20""], ""month""=>[""Oct""], ""year""=>[""1916""]}",2792513,Le Touquet,"[2.91667, 50.71667]"
2,AWD0001n2o,diary,537,4,1916-10-20 00:00:00 UTC,20 Oct 1916,Le Touquet,"[2.91667, 50.71667]","",activity,repair,{},2792513,Le Touquet,"[2.91667, 50.71667]"
4,AWD0001n2o,diary,537,4,1916-10-20 00:00:00 UTC,20 Oct 1916,Le Touquet,"[2.91667, 50.71667]","",weather,rain,{},2792513,Le Touquet,"[2.91667, 50.71667]"
7,AWD0001n2o,diary,537,5,1916-10-20 00:00:00 UTC,20 Oct 1916,Le Touquet,"[2.91667, 50.71667]","",place,Le Touquet,"{""place""=>[""Le Touquet""], ""location""=>[""true""], ""name""=>[""Le Touquet""], ""lat""=>[""50.71667""], ""long""=>[""2.91667""], ""id""=>[""2792513""]}",2792513,Le Touquet,"[2.91667, 50.71667]"
8,AWD0001n2o,diary,537,3,1916-10-21 00:00:00 UTC,21 Oct 1916,Le Touquet,"[2.91667, 50.71667]","",diaryDate,21 Oct 1916,"{""day""=>[""21""], ""month""=>[""Oct""], ""year""=>[""1916""]}",2792513,Le Touquet,"[2.91667, 50.71667]"
10,AWD0001n2o,diary,537,6,1916-10-21 00:00:00 UTC,21 Oct 1916,Le Touquet,"[2.91667, 50.71667]","",activity,repair,{},2792513,Le Touquet,"[2.91667, 50.71667]"
11,AWD0001n2o,diary,537,9,1916-10-21 00:00:00 UTC,21 Oct 1916,Le Touquet,"[2.91667, 50.71667]","",activity,quiet,{},2792513,Le Touquet,"[2.91667, 50.71667]"
12,AWD0001n2o,diary,537,4,1916-10-22 00:00:00 UTC,22 Oct 1916,Le Touquet,"[2.91667, 50.71667]","",diaryDate,22 Oct 1916,"{""day""=>[""22""], ""month""=>[""Oct""], ""year""=>[""1916""]}",2792513,Le Touquet,"[2.91667, 50.71667]"
13,AWD0001n2o,diary,537,2,1916-10-22 00:00:00 UTC,22 Oct 1916,Le Touquet,"[2.91667, 50.71667]","",activity,repair,{},2792513,Le Touquet,"[2.91667, 50.71667]"
14,AWD0001n2o,diary,537,4,1916-10-22 00:00:00 UTC,22 Oct 1916,Le Touquet,"[2.91667, 50.71667]","",place,Le Touquet,"{""place""=>[""Le Touquet""], ""location""=>[""true""], ""name""=>[""Le Touquet""], ""lat""=>[""50.71667""], ""long""=>[""2.91667""], ""id""=>[""2792513""]}",2792513,Le Touquet,"[2.91667, 50.71667]"
15,AWD0001n2o,diary,537,4,1916-10-23 00:00:00 UTC,23 Oct 1916,Le Touquet,"[2.91667, 50.71667]","",diaryDate,23 Oct 1916,"{""day""=>[""23""], ""month""=>[""Oct""], ""year""=>[""1916""]}",2792513,Le Touquet,"[2.91667, 50.71667]"
16,AWD0001n2o,diary,537,10,1916-10-23 00:00:00 UTC,23 Oct 1916,Le Touquet,"[2.91667, 50.71667]","",activity,quiet,{},2792513,Le Touquet,"[2.91667, 50.71667]"
17,AWD0001n2o,diary,537,4,1916-10-24 00:00:00 UTC,24 Oct 1916,Le Touquet,"[2.91667, 50.71667]","",diaryDate,24 Oct 1916,"{""day""=>[""24""], ""month""=>[""Oct""], ""year""=>[""1916""]}",2792513,Le Touquet,"[2.91667, 50.71667]"
18,AWD0001n2o,diary,537,4,1916-10-24 00:00:00 UTC,24 Oct 1916,Le Touquet,"[2.91667, 50.71667]","",place,Le Touquet,"{""place""=>[""Le Touquet""], ""location""=>[""true""], ""name""=>[""Le Touquet""], ""lat""=>[""50.71667""], ""long""=>[""2.91667""], ""id""=>[""2792513""]}",2792513,Le Touquet,"[2.91667, 50.71667]"
19,AWD0001n2o,diary,537,4,1916-10-24 00:00:00 UTC,24 Oct 1916,Le Touquet,"[2.91667, 50.71667]","",activity,movement,{},2792513,Le Touquet,"[2.91667, 50.71667]"
20,AWD0001n2o,diary,537,3,1916-10-24 00:00:00 UTC,24 Oct 1916,Le Touquet,"[2.91667, 50.71667]","",domestic,accomodation,{},2792513,Le Touquet,"[2.91667, 50.71667]"
21,AWD0001n2o,diary,537,4,1916-10-25 00:00:00 UTC,25 Oct 1916,Le Touquet,"[2.91667, 50.71667]","",diaryDate,25 Oct 1916,"{""day""=>[""25""], ""month""=>[""Oct""], ""year""=>[""1916""]}",2792513,Le Touquet,"[2.91667, 50.71667]"
22,AWD0001n2o,diary,537,2,1916-10-25 00:00:00 UTC,25 Oct 1916,Le Touquet,"[2.91667, 50.71667]","",unit,"2nd Bat Border Reg, 2nd Battn Border Regt.","{""name""=>[""2nd Bat Border Reg"", ""2nd Battn Border Regt.""], ""context""=>[""relieved_by""]}",2792513,Le Touquet,"[2.91667, 50.71667]"
25,AWD0001n2o,diary,537,2,1916-10-25 14:45:00 UTC,25 Oct 1916,Le Touquet,"[2.91667, 50.71667]",0245PM,time,0245PM,{},2792513,Le Touquet,"[2.91667, 50.71667]"
26,AWD0001n2o,diary,537,7,1916-10-25 14:45:00 UTC,25 Oct 1916,Pont Nieppe,"[0.0, 0.0]",0245PM,place,Pont Nieppe,"{""place""=>[""Pont Nieppe""], ""location""=>[""true""], ""name""=>[""""], ""lat""=>[""""], ""long""=>[""""], ""id""=>[""""]}",,,
27,AWD0001n2o,diary,537,4,1916-10-26 00:00:00 UTC,26 Oct 1916,Pont Nieppe,"[0.0, 0.0]","",diaryDate,26 Oct 1916,"{""day""=>[""26""], ""month""=>[""Oct""], ""year""=>[""1916""]}",,,
29,AWD0001n2o,diary,537,6,1916-10-26 00:00:00 UTC,26 Oct 1916,Pont Nieppe,"[0.0, 0.0]","",activity,working,{},,,
30,AWD0001n2o,diary,537,7,1916-10-26 00:00:00 UTC,26 Oct 1916,Pont Nieppe,"[0.0, 0.0]","",domestic,hygiene,{},,,
31,AWD0001n2o,diary,537,6,1916-10-26 00:00:00 UTC,26 Oct 1916,Pont Nieppe,"[0.0, 0.0]","",domestic,inspections,{},,,
32,AWD0001n2o,diary,537,4,1916-10-27 00:00:00 UTC,27 Oct 1916,Pont Nieppe,"[0.0, 0.0]","",diaryDate,27 Oct 1916,"{""day""=>[""27""], ""month""=>[""Oct""], ""year""=>[""1916""]}",,,
33,AWD0001n2o,diary,537,4,1916-10-27 00:00:00 UTC,27 Oct 1916,Pont Nieppe,"[2.91667, 50.71667]","",place,Pont Nieppe,"{""place""=>[""Pont Nieppe""], ""location""=>[""true""], ""name""=>[""Le Touquet"", """"], ""lat""=>[""50.71667"", """"], ""long""=>[""2.91667"", """"], ""id""=>[""2792513"", """"]}",,,
34,AWD0001n2o,diary,537,3,1916-10-27 00:00:00 UTC,27 Oct 1916,Pont Nieppe,"[2.91667, 50.71667]","",activity,working,{},,,
35,AWD0001n2o,diary,537,4,1916-10-28 00:00:00 UTC,28 Oct 1916,Pont Nieppe,"[2.91667, 50.71667]","",diaryDate,28 Oct 1916,"{""day""=>[""28""], ""month""=>[""Oct""], ""year""=>[""1916""]}",,,
36,AWD0001n2o,diary,537,3,1916-10-28 00:00:00 UTC,28 Oct 1916,Pont Nieppe,"[2.91667, 50.71667]","",activity,working,{},,,
37,AWD0001n2o,diary,537,4,1916-10-29 00:00:00 UTC,29 Oct 1916,Pont Nieppe,"[2.91667, 50.71667]","",diaryDate,29 Oct 1916,"{""day""=>[""29""], ""month""=>[""Oct""], ""year""=>[""1916""]}",,,
38,AWD0001n2o,diary,537,3,1916-10-29 00:00:00 UTC,29 Oct 1916,Pont Nieppe,"[2.91667, 50.71667]","",domestic,religion,{},,,
40,AWD0001n2o,diary,537,3,1916-10-29 00:00:00 UTC,29 Oct 1916,Pont Nieppe,"[2.91667, 50.71667]","",place,Pont Nieppe,"{""place""=>[""Pont Nieppe""], ""location""=>[""true""], ""name""=>[""Le Touquet""], ""lat""=>[""50.71667""], ""long""=>[""2.91667""], ""id""=>[""2792513""]}",,,
41,AWD0001n2o,diary,537,6,1916-10-29 00:00:00 UTC,29 Oct 1916,Pont Nieppe,"[2.91667, 50.71667]","",activity,working,{},,,
42,AWD0001n2o,diary,537,4,1916-10-30 00:00:00 UTC,30 Oct 1916,Pont Nieppe,"[2.91667, 50.71667]","",diaryDate,30 Oct 1916,"{""day""=>[""30""], ""month""=>[""Oct""], ""year""=>[""1916""]}",,,
43,AWD0001n2o,diary,537,2,1916-10-30 00:00:00 UTC,30 Oct 1916,Pont Nieppe,"[2.91667, 50.71667]","",place,Pont Nieppe,"{""place""=>[""Pont Nieppe""], ""location""=>[""true""], ""name""=>["""", ""Le Touquet""], ""lat""=>["""", ""50.71667""], ""long""=>["""", ""2.91667""], ""id""=>["""", ""2792513""]}",,,
44,AWD0001n2o,diary,537,4,1916-10-31 00:00:00 UTC,31 Oct 1916,Pont Nieppe,"[2.91667, 50.71667]","",diaryDate,31 Oct 1916,"{""day""=>[""31""], ""month""=>[""Oct""], ""year""=>[""1916""]}",,,
45,AWD0001n2o,diary,537,3,1916-10-31 00:00:00 UTC,31 Oct 1916,Pont Nieppe,"[2.91667, 50.71667]","",activity,working,{},,,
52,AWD0001n2o,diary,537,4,1916-10-31 00:00:00 UTC,31 Oct 1916,Pont Nieppe,"[2.91667, 50.71667]","",strength,"officer: 35, other: 784",{},,,
53,AWD0001n2o,diary,537,3,1916-10-31 00:00:00 UTC,31 Oct 1916,Pont Nieppe,"[2.91667, 50.71667]","",casualties,"killed: 3, wounded: 14, sick: 29",{},,,
55,AWD0001n2o,diary,537,3,1916-10-31 00:00:00 UTC,31 Oct 1916,Pont Nieppe,"[2.91667, 50.71667]","",person,Captain C Pepys,"{""first""=>[""C""], ""surname""=>[""Pepys""], ""rank""=>[""Captain""], ""number""=>[""""], ""reason""=>[""author""], ""unit""=>[""""]}",,,
6,AWD0001n38,report,538,3,,,,[],,title,Report on Gas Attack,{},,,
17,AWD0001n38,report,538,2,,,,[],,activity,fire,{},,,
18,AWD0001n38,report,538,3,,,,[],,time,0920PM,{},,,
1,AWD0001mzl,diary,539,3,1916-11-01 00:00:00 UTC,1 Nov 1916,Pont Nieppe,"[2.91667, 50.71667]","",diaryDate,1 Nov 1916,"{""day""=>[""1""], ""month""=>[""Nov""], ""year""=>[""1916""]}",,,
2,AWD0001mzl,diary,539,2,1916-11-01 00:00:00 UTC,1 Nov 1916,"Point Nieppe, PONT NIEPPE","[0.0, 0.0]","",place,"Point Nieppe, PONT NIEPPE","{""place""=>[""Point Nieppe"", ""PONT NIEPPE""], ""location""=>[""true""], ""name""=>[""""], ""lat""=>[""""], ""long""=>[""""], ""id""=>[""""]}",,,
3,AWD0001mzl,diary,539,2,1916-11-01 08:30:00 UTC,1 Nov 1916,"Point Nieppe, PONT NIEPPE","[0.0, 0.0]",0830AM,time,0830AM,{},,,
5,AWD0001mzl,diary,539,3,1916-11-01 08:30:00 UTC,1 Nov 1916,"Point Nieppe, PONT NIEPPE","[0.0, 0.0]",0830AM,domestic,accomodation,{},,,
8,AWD0001mzl,diary,539,3,1916-11-01 08:30:00 UTC,1 Nov 1916,La Creche,"[-0.3, 46.36667]",0830AM,place,La Creche,"{""place""=>[""La Creche""], ""location""=>[""true""], ""name""=>[""La Crèche""], ""lat""=>[""46.36667""], ""long""=>[""-0.3""], ""id""=>[""3030377""]}",3030377,La Crèche,"[-0.3, 46.36667]"
12,AWD0001mzl,diary,539,3,1916-11-01 08:30:00 UTC,1 Nov 1916,La Creche,"[-0.3, 46.36667]",0830AM,strength,"officer: 35, other: 784",{},3030377,La Crèche,"[-0.3, 46.36667]"
14,AWD0001mzl,diary,539,2,1916-11-02 00:00:00 UTC,2 Nov 1916,La Creche,"[-0.3, 46.36667]","",diaryDate,2 Nov 1916,"{""day""=>[""2""], ""month""=>[""Nov""], ""year""=>[""1916""]}",3030377,La Crèche,"[-0.3, 46.36667]"
15,AWD0001mzl,diary,539,2,1916-11-02 08:30:00 UTC,2 Nov 1916,La Creche,"[-0.3, 46.36667]",0830AM,time,0830AM,{},3030377,La Crèche,"[-0.3, 46.36667]"
16,AWD0001mzl,diary,539,2,1916-11-02 12:00:00 UTC,2 Nov 1916,La Creche,"[-0.3, 46.36667]",1200PM,time,1200PM,{},3030377,La Crèche,"[-0.3, 46.36667]"
17,AWD0001mzl,diary,539,2,1916-11-02 12:00:00 UTC,2 Nov 1916,"LA CRECHE, La Creche","[-0.3, 46.36667]",1200PM,place,"LA CRECHE, La Creche","{""place""=>[""LA CRECHE"", ""La Creche""], ""location""=>[""true""], ""name""=>[""La Crèche""], ""lat""=>[""46.36667""], ""long""=>[""-0.3""], ""id""=>[""3030377""]}",3030377,La Crèche,"[-0.3, 46.36667]"
18,AWD0001mzl,diary,539,2,1916-11-02 12:00:00 UTC,2 Nov 1916,"LA CRECHE, La Creche","[-0.3, 46.36667]",1200PM,activity,movement,{},3030377,La Crèche,"[-0.3, 46.36667]"
19,AWD0001mzl,diary,539,3,1916-11-02 12:00:00 UTC,2 Nov 1916,"LA CRECHE, La Creche","[-0.3, 46.36667]",1200PM,domestic,accomodation,{},3030377,La Crèche,"[-0.3, 46.36667]"
20,AWD0001mzl,diary,539,3,1916-11-02 12:00:00 UTC,2 Nov 1916,"Theos Hauk, Thieoshauk, THIEUSHAUK","[0.0, 0.0]",1200PM,place,"Theos Hauk, Thieoshauk, THIEUSHAUK","{""place""=>[""Theos Hauk"", ""Thieoshauk"", ""THIEUSHAUK""], ""location""=>[""true""], ""name""=>[""""], ""lat""=>[""""], ""long""=>[""""], ""id""=>[""""]}",,,
22,AWD0001mzl,diary,539,3,1916-11-03 00:00:00 UTC,3 Nov 1916,"Theos Hauk, Thieoshauk, THIEUSHAUK","[0.0, 0.0]","",diaryDate,3 Nov 1916,"{""day""=>[""3""], ""month""=>[""Nov""], ""year""=>[""1916""]}",,,
23,AWD0001mzl,diary,539,2,1916-11-03 00:00:00 UTC,3 Nov 1916,"THIEUSHAUK, Thieos Hauk","[-0.3, 46.36667]","",place,"THIEUSHAUK, Thieos Hauk","{""place""=>[""THIEUSHAUK"", ""Thieos Hauk""], ""location""=>[""true""], ""name""=>[""La Crèche"", """"], ""lat""=>[""46.36667"", """"], ""long""=>[""-0.3"", """"], ""id""=>[""3030377"", """"]}",,,
24,AWD0001mzl,diary,539,2,1916-11-03 09:00:00 UTC,3 Nov 1916,"THIEUSHAUK, Thieos Hauk","[-0.3, 46.36667]",0900AM,time,0900AM,{},,,
25,AWD0001mzl,diary,539,5,1916-11-03 09:00:00 UTC,3 Nov 1916,"THIEUSHAUK, Thieos Hauk","[-0.3, 46.36667]",0900AM,activity,training,{},,,
26,AWD0001mzl,diary,539,3,1916-11-04 00:00:00 UTC,4 Nov 1916,"THIEUSHAUK, Thieos Hauk","[-0.3, 46.36667]","",diaryDate,4 Nov 1916,"{""day""=>[""4""], ""month""=>[""Nov""], ""year""=>[""1916""]}",,,
29,AWD0001mzl,diary,539,2,1916-11-04 07:00:00 UTC,4 Nov 1916,"THIEUSHAUK, Thieos Hauk","[-0.3, 46.36667]",0700AM,time,0700AM,{},,,
30,AWD0001mzl,diary,539,4,1916-11-04 07:00:00 UTC,4 Nov 1916,"THIEUSHAUK, Thieos Hauk","[-0.3, 46.36667]",0700AM,activity,training,{},,,
31,AWD0001mzl,diary,539,3,1916-11-05 00:00:00 UTC,5 Nov 1916,"THIEUSHAUK, Thieos Hauk","[-0.3, 46.36667]","",diaryDate,5 Nov 1916,"{""day""=>[""5""], ""month""=>[""Nov""], ""year""=>[""1916""]}",,,
32,AWD0001mzl,diary,539,2,1916-11-05 10:00:00 UTC,5 Nov 1916,"THIEUSHAUK, Thieos Hauk","[-0.3, 46.36667]",1000AM,time,1000AM,{},,,
33,AWD0001mzl,diary,539,3,1916-11-05 10:00:00 UTC,5 Nov 1916,"THIEUSHAUK, Thieos Hauk","[-0.3, 46.36667]",1000AM,domestic,religion,{},,,
35,AWD0001mzl,diary,539,2,1916-11-05 10:00:00 UTC,5 Nov 1916,"THIEUSHAUK, Thieos Hauk","[-0.3, 46.36667]",1000AM,domestic,inspections,{},,,
36,AWD0001mzl,diary,539,3,1916-11-05 10:00:00 UTC,5 Nov 1916,"THIEUSHAUK, Thieos Hauk","[-0.3, 46.36667]",1000AM,person,Second Lieutenant  Yaxley,"{""first""=>[""""], ""surname""=>[""Yaxley""], ""rank""=>[""Second Lieutenant""], ""number""=>[""""], ""reason""=>[""joined""], ""unit""=>[""""]}",,,
37,AWD0001mzl,diary,539,2,1916-11-05 10:00:00 UTC,5 Nov 1916,Thieos Hauk,"[0.0, 0.0]",1000AM,place,Thieos Hauk,"{""place""=>[""Thieos Hauk""], ""location""=>[""true""], ""name""=>[""""], ""lat""=>[""""], ""long""=>[""""], ""id""=>[""""]}",,,
38,AWD0001mzl,diary,539,3,1916-11-06 00:00:00 UTC,6 Nov 1916,Thieos Hauk,"[0.0, 0.0]","",diaryDate,6 Nov 1916,"{""day""=>[""6""], ""month""=>[""Nov""], ""year""=>[""1916""]}",,,
40,AWD0001mzl,diary,539,2,1916-11-06 09:00:00 UTC,6 Nov 1916,Thieos Hauk,"[0.0, 0.0]",0900AM,time,0900AM,{},,,
41,AWD0001mzl,diary,539,3,1916-11-06 09:00:00 UTC,6 Nov 1916,Thieos Hauk,"[0.0, 0.0]",0900AM,activity,training,{},,,
47,AWD0001mzl,diary,539,3,1916-11-06 09:00:00 UTC,6 Nov 1916,Thieos Hauk,"[0.0, 0.0]",0900AM,domestic,inspections,{},,,
48,AWD0001mzl,diary,539,3,1916-11-07 00:00:00 UTC,7 Nov 1916,Thieos Hauk,"[0.0, 0.0]","",diaryDate,7 Nov 1916,"{""day""=>[""7""], ""month""=>[""Nov""], ""year""=>[""1916""]}",,,
49,AWD0001mzl,diary,539,3,1916-11-07 00:00:00 UTC,7 Nov 1916,Thieos Hauk,"[0.0, 0.0]","",weather,rain,{},,,
50,AWD0001mzl,diary,539,2,1916-11-07 09:00:00 UTC,7 Nov 1916,Thieos Hauk,"[0.0, 0.0]",0900AM,time,0900AM,{},,,
51,AWD0001mzl,diary,539,2,1916-11-07 09:00:00 UTC,7 Nov 1916,Thieos Hauk,"[0.0, 0.0]",0900AM,place,Thieos Hauk,"{""place""=>[""Thieos Hauk""], ""location""=>[""true""], ""name""=>[""""], ""lat""=>[""""], ""long""=>[""""], ""id""=>[""""]}",,,
53,AWD0001mzl,diary,539,8,1916-11-07 09:00:00 UTC,7 Nov 1916,Thieos Hauk,"[0.0, 0.0]",0900AM,activity,training,{},,,
54,AWD0001mzl,diary,539,2,1916-11-08 00:00:00 UTC,8 Nov 1916,Thieos Hauk,"[0.0, 0.0]","",diaryDate,8 Nov 1916,"{""day""=>[""8""], ""month""=>[""Nov""], ""year""=>[""1916""]}",,,
55,AWD0001mzl,diary,539,2,1916-11-08 07:00:00 UTC,8 Nov 1916,Thieos Hauk,"[0.0, 0.0]",0700AM,time,0700AM,{},,,
56,AWD0001mzl,diary,539,2,1916-11-08 07:00:00 UTC,8 Nov 1916,Thieos Hauk,"[0.0, 0.0]",0700AM,activity,training,{},,,
57,AWD0001mzl,diary,539,3,1916-11-09 00:00:00 UTC,9 Nov 1916,Thieos Hauk,"[0.0, 0.0]","",diaryDate,9 Nov 1916,"{""day""=>[""9""], ""month""=>[""Nov""], ""year""=>[""1916""]}",,,
58,AWD0001mzl,diary,539,6,1916-11-09 00:00:00 UTC,9 Nov 1916,Lynde,"[2.4207, 50.71284]","",place,Lynde,"{""place""=>[""Lynde""], ""location""=>[""true""], ""name""=>[""Lynde""], ""lat""=>[""50.71284""], ""long""=>[""2.4207""], ""id""=>[""2996946""]}",2996946,Lynde,"[2.4207, 50.71284]"
60,AWD0001mzl,diary,539,2,1916-11-09 00:00:00 UTC,9 Nov 1916,Lynde,"[2.4207, 50.71284]","",domestic,accomodation,{},2996946,Lynde,"[2.4207, 50.71284]"
61,AWD0001mzl,diary,539,2,1916-11-09 13:15:00 UTC,9 Nov 1916,Lynde,"[2.4207, 50.71284]",0115PM,time,0115PM,{},2996946,Lynde,"[2.4207, 50.71284]"
64,AWD0001mzl,diary,539,4,1916-11-09 13:15:00 UTC,9 Nov 1916,Lynde,"[2.4207, 50.71284]",0115PM,activity,movement,{},2996946,Lynde,"[2.4207, 50.71284]"
65,AWD0001mzl,diary,539,3,1916-11-09 07:15:00 UTC,9 Nov 1916,Lynde,"[2.4207, 50.71284]",0715AM,time,0715AM,{},2996946,Lynde,"[2.4207, 50.71284]"
66,AWD0001mzl,diary,539,3,1916-11-10 00:00:00 UTC,10 Nov 1916,Lynde,"[2.4207, 50.71284]","",diaryDate,10 Nov 1916,"{""day""=>[""10""], ""month""=>[""Nov""], ""year""=>[""1916""]}",2996946,Lynde,"[2.4207, 50.71284]"
67,AWD0001mzl,diary,539,3,1916-11-10 00:00:00 UTC,10 Nov 1916,Lynde,"[2.4207, 50.71284]","",domestic,accomodation,{},2996946,Lynde,"[2.4207, 50.71284]"
68,AWD0001mzl,diary,539,6,1916-11-10 00:00:00 UTC,10 Nov 1916,Serques,"[2.20134, 50.79338]","",place,Serques,"{""place""=>[""Serques""], ""location""=>[""true""], ""name""=>[""Serques""], ""lat""=>[""50.79338""], ""long""=>[""2.20134""], ""id""=>[""2974870""]}",2974870,Serques,"[2.20134, 50.79338]"
69,AWD0001mzl,diary,539,2,1916-11-10 13:00:00 UTC,10 Nov 1916,Serques,"[2.20134, 50.79338]",0100PM,time,0100PM,{},2974870,Serques,"[2.20134, 50.79338]"
73,AWD0001mzl,diary,539,3,1916-11-11 00:00:00 UTC,11 Nov 1916,Serques,"[2.20134, 50.79338]","",diaryDate,11 Nov 1916,"{""day""=>[""11""], ""month""=>[""Nov""], ""year""=>[""1916""]}",2974870,Serques,"[2.20134, 50.79338]"
74,AWD0001mzl,diary,539,2,1916-11-11 08:30:00 UTC,11 Nov 1916,Serques,"[2.20134, 50.79338]",0830AM,time,0830AM,{},2974870,Serques,"[2.20134, 50.79338]"
75,AWD0001mzl,diary,539,2,1916-11-11 08:30:00 UTC,11 Nov 1916,Serques,"[2.20134, 50.79338]",0830AM,activity,movement,{},2974870,Serques,"[2.20134, 50.79338]"
76,AWD0001mzl,diary,539,2,1916-11-11 08:30:00 UTC,11 Nov 1916,Serques,"[2.20134, 50.79338]",0830AM,domestic,accomodation,{},2974870,Serques,"[2.20134, 50.79338]"
77,AWD0001mzl,diary,539,2,1916-11-11 08:30:00 UTC,11 Nov 1916,Serques,"[2.20134, 50.79338]",0830AM,place,"Nort Leulinghem, Nortleulinghem","{""place""=>[""Nort Leulinghem"", ""Nortleulinghem""], ""location""=>[""true"", ""false""], ""name""=>[""""], ""lat""=>[""""], ""long""=>[""""], ""id""=>[""""]}",2974870,Serques,"[2.20134, 50.79338]"
78,AWD0001mzl,diary,539,2,1916-11-11 12:00:00 UTC,11 Nov 1916,Serques,"[2.20134, 50.79338]",1200PM,time,1200PM,{},2974870,Serques,"[2.20134, 50.79338]"
80,AWD0001mzl,diary,539,4,1916-11-11 12:00:00 UTC,11 Nov 1916,Nort Leulinghem,"[2.09269, 50.79848]",1200PM,place,Nort Leulinghem,"{""place""=>[""Nort Leulinghem""], ""location""=>[""true""], ""name""=>[""Nort-Leulinghem""], ""lat""=>[""50.79848""], ""long""=>[""2.09269""], ""id""=>[""2990086""]}",2990086,Nort-Leulinghem,"[2.09269, 50.79848]"
81,AWD0001mzl,diary,539,3,1916-11-12 00:00:00 UTC,12 Nov 1916,Nort Leulinghem,"[2.09269, 50.79848]","",diaryDate,12 Nov 1916,"{""day""=>[""12""], ""month""=>[""Nov""], ""year""=>[""1916""]}",2990086,Nort-Leulinghem,"[2.09269, 50.79848]"
82,AWD0001mzl,diary,539,2,1916-11-12 11:00:00 UTC,12 Nov 1916,Nort Leulinghem,"[2.09269, 50.79848]",1100AM,time,1100AM,{},2990086,Nort-Leulinghem,"[2.09269, 50.79848]"
83,AWD0001mzl,diary,539,3,1916-11-12 11:00:00 UTC,12 Nov 1916,Nort Leulinghem,"[2.09269, 50.79848]",1100AM,domestic,religion,{},2990086,Nort-Leulinghem,"[2.09269, 50.79848]"
84,AWD0001mzl,diary,539,3,1916-11-13 00:00:00 UTC,13 Nov 1916,Nort Leulinghem,"[2.09269, 50.79848]","",diaryDate,13 Nov 1916,"{""day""=>[""13""], ""month""=>[""Nov""], ""year""=>[""1916""]}",2990086,Nort-Leulinghem,"[2.09269, 50.79848]"
85,AWD0001mzl,diary,539,2,1916-11-13 09:00:00 UTC,13 Nov 1916,Nort Leulinghem,"[2.09269, 50.79848]",0900AM,time,0900AM,{},2990086,Nort-Leulinghem,"[2.09269, 50.79848]"
86,AWD0001mzl,diary,539,9,1916-11-13 09:00:00 UTC,13 Nov 1916,Nort Leulinghem,"[2.09269, 50.79848]",0900AM,activity,training,{},2990086,Nort-Leulinghem,"[2.09269, 50.79848]"
87,AWD0001mzl,diary,539,3,1916-11-14 00:00:00 UTC,14 Nov 1916,Nort Leulinghem,"[2.09269, 50.79848]","",diaryDate,14 Nov 1916,"{""day""=>[""14""], ""month""=>[""Nov""], ""year""=>[""1916""]}",2990086,Nort-Leulinghem,"[2.09269, 50.79848]"
88,AWD0001mzl,diary,539,2,1916-11-14 00:00:00 UTC,14 Nov 1916,Nort Leulinghem,"[2.09269, 50.79848]","",place,Nort Leulinghem,"{""place""=>[""Nort Leulinghem""], ""location""=>[""true""], ""name""=>[""Nort-Leulinghem""], ""lat""=>[""50.79848""], ""long""=>[""2.09269""], ""id""=>[""2990086""]}",2990086,Nort-Leulinghem,"[2.09269, 50.79848]"
89,AWD0001mzl,diary,539,2,1916-11-14 08:00:00 UTC,14 Nov 1916,Nort Leulinghem,"[2.09269, 50.79848]",0800AM,time,0800AM,{},2990086,Nort-Leulinghem,"[2.09269, 50.79848]"
1,AWD0001mye,diary,540,5,1916-11-15 00:00:00 UTC,15 Nov 1916,Nort Leulinghem,"[2.09269, 50.79848]","",diaryDate,15 Nov 1916,"{""day""=>[""15""], ""month""=>[""Nov""], ""year""=>[""1916""]}",2990086,Nort-Leulinghem,"[2.09269, 50.79848]"
2,AWD0001mye,diary,540,3,1916-11-15 00:00:00 UTC,15 Nov 1916,Nort Leulinghem,"[2.09269, 50.79848]","",activity,movement,{},2990086,Nort-Leulinghem,"[2.09269, 50.79848]"
3,AWD0001mye,diary,540,2,1916-11-15 14:20:00 UTC,15 Nov 1916,Nort Leulinghem,"[2.09269, 50.79848]",0220PM,time,0220PM,{},2990086,Nort-Leulinghem,"[2.09269, 50.79848]"
8,AWD0001mye,diary,540,2,1916-11-15 14:20:00 UTC,15 Nov 1916,Nort Leulinghem,"[2.09269, 50.79848]",0220PM,activity,movement,{},2990086,Nort-Leulinghem,"[2.09269, 50.79848]"
10,AWD0001mye,diary,540,7,1916-11-15 14:20:00 UTC,15 Nov 1916,Setques,"[2.15859, 50.7116]",0220PM,place,Setques,"{""place""=>[""Setques""], ""location""=>[""true""], ""name""=>[""Setques""], ""lat""=>[""50.7116""], ""long""=>[""2.15859""], ""id""=>[""2974726""]}",2967327,Wisques,"[2.19307, 50.72318]"
11,AWD0001mye,diary,540,2,1916-11-15 09:15:00 UTC,15 Nov 1916,Setques,"[2.15859, 50.7116]",0915AM,time,0915AM,{},2967327,Wisques,"[2.19307, 50.72318]"
13,AWD0001mye,diary,540,5,1916-11-15 09:15:00 UTC,15 Nov 1916,Setques,"[2.15859, 50.7116]",0915AM,domestic,accomodation,{},2967327,Wisques,"[2.19307, 50.72318]"
16,AWD0001mye,diary,540,5,1916-11-16 00:00:00 UTC,16 Nov 1916,Setques,"[2.15859, 50.7116]","",diaryDate,16 Nov 1916,"{""day""=>[""16""], ""month""=>[""Nov""], ""year""=>[""1916""]}",2967327,Wisques,"[2.19307, 50.72318]"
18,AWD0001mye,diary,540,5,1916-11-16 00:00:00 UTC,16 Nov 1916,Radinghem,"[2.12175, 50.54928]","",place,Radinghem,"{""place""=>[""Radinghem""], ""location""=>[""true""], ""name""=>[""Radinghem""], ""lat""=>[""50.54928""], ""long""=>[""2.12175""], ""id""=>[""2984584""]}",2984584,Radinghem,"[2.12175, 50.54928]"
19,AWD0001mye,diary,540,5,1916-11-16 00:00:00 UTC,16 Nov 1916,Radinghem,"[2.12175, 50.54928]","",activity,movement,{},2984584,Radinghem,"[2.12175, 50.54928]"
23,AWD0001mye,diary,540,2,1916-11-16 08:30:00 UTC,16 Nov 1916,Radinghem,"[2.12175, 50.54928]",0830AM,time,0830AM,{},2984584,Radinghem,"[2.12175, 50.54928]"
28,AWD0001mye,diary,540,4,1916-11-16 08:30:00 UTC,16 Nov 1916,Radinghem,"[2.12175, 50.54928]",0830AM,place,Radinghem,"{""place""=>[""Radinghem""], ""location""=>[""true""], ""name""=>[""Radinghem""], ""lat""=>[""50.54928""], ""long""=>[""2.12175""], ""id""=>[""2984584""]}",2984584,Radinghem,"[2.12175, 50.54928]"
30,AWD0001mye,diary,540,5,1916-11-17 00:00:00 UTC,17 Nov 1916,Radinghem,"[2.12175, 50.54928]","",diaryDate,17 Nov 1916,"{""day""=>[""17""], ""month""=>[""Nov""], ""year""=>[""1916""]}",2984584,Radinghem,"[2.12175, 50.54928]"
31,AWD0001mye,diary,540,5,1916-11-17 00:00:00 UTC,17 Nov 1916,Radinghem,"[2.12175, 50.54928]","",activity,resting,{},2984584,Radinghem,"[2.12175, 50.54928]"
32,AWD0001mye,diary,540,5,1916-11-18 00:00:00 UTC,18 Nov 1916,Radinghem,"[2.12175, 50.54928]","",diaryDate,18 Nov 1916,"{""day""=>[""18""], ""month""=>[""Nov""], ""year""=>[""1916""]}",2984584,Radinghem,"[2.12175, 50.54928]"
33,AWD0001mye,diary,540,4,1916-11-18 00:00:00 UTC,18 Nov 1916,Radinghem,"[2.12175, 50.54928]","",domestic,accomodation,{},2984584,Radinghem,"[2.12175, 50.54928]"
36,AWD0001mye,diary,540,5,1916-11-18 00:00:00 UTC,18 Nov 1916,Verchin,"[2.1854, 50.49451]","",place,Verchin,"{""place""=>[""Verchin""], ""location""=>[""true""], ""name""=>[""Verchin""], ""lat""=>[""50.49451""], ""long""=>[""2.1854""], ""id""=>[""2970007""]}",2970007,Verchin,"[2.1854, 50.49451]"
37,AWD0001mye,diary,540,2,1916-11-18 10:15:00 UTC,18 Nov 1916,Verchin,"[2.1854, 50.49451]",1015AM,time,1015AM,{},2970007,Verchin,"[2.1854, 50.49451]"
38,AWD0001mye,diary,540,3,1916-11-18 10:15:00 UTC,18 Nov 1916,"Verchin, VERCHIN, Erin","[2.1854, 50.49451]",1015AM,place,"Verchin, VERCHIN, Erin","{""place""=>[""Verchin"", ""VERCHIN"", ""Erin""], ""location""=>[""true""], ""name""=>[""Verchin""], ""lat""=>[""50.49451""], ""long""=>[""2.1854""], ""id""=>[""2970007""]}",3019918,Érin,"[2.20839, 50.44009]"
39,AWD0001mye,diary,540,10,1916-11-18 10:15:00 UTC,18 Nov 1916,"Verchin, VERCHIN, Erin","[2.1854, 50.49451]",1015AM,activity,movement,{},3019918,Érin,"[2.20839, 50.44009]"
40,AWD0001mye,diary,540,5,1916-11-19 00:00:00 UTC,19 Nov 1916,"Verchin, VERCHIN, Erin","[2.1854, 50.49451]","",diaryDate,19 Nov 1916,"{""day""=>[""19""], ""month""=>[""Nov""], ""year""=>[""1916""]}",3019918,Érin,"[2.20839, 50.44009]"
42,AWD0001mye,diary,540,2,1916-11-19 00:00:00 UTC,19 Nov 1916,"Oeuf, OEUF","[2.2112, 50.3588]","",place,"Oeuf, OEUF","{""place""=>[""Oeuf"", ""OEUF""], ""location""=>[""true""], ""name""=>["""", ""Œuf-en-Ternois""], ""lat""=>["""", ""50.3588""], ""long""=>["""", ""2.2112""], ""id""=>["""", ""2989734""]}",2989734,Œuf-en-Ternois,"[2.2112, 50.3588]"
44,AWD0001mye,diary,540,2,1916-11-19 00:00:00 UTC,19 Nov 1916,Oeuf,"[0.0, 0.0]","",place,Oeuf,"{""place""=>[""Oeuf""], ""location""=>[""true""], ""name""=>[""""], ""lat""=>[""""], ""long""=>[""""], ""id""=>[""""]}",2989734,Œuf-en-Ternois,"[2.2112, 50.3588]"
45,AWD0001mye,diary,540,2,1916-11-19 09:45:00 UTC,19 Nov 1916,Oeuf,"[0.0, 0.0]",0945AM,time,0945AM,{},2989734,Œuf-en-Ternois,"[2.2112, 50.3588]"
49,AWD0001mye,diary,540,2,1916-11-19 09:45:00 UTC,19 Nov 1916,Oeuf,"[0.0, 0.0]",0945AM,unit,"11th Devon Reg, 11TH DEVONS","{""name""=>[""11th Devon Reg"", ""11TH DEVONS""], ""context""=>[""other""]}",2989734,Œuf-en-Ternois,"[2.2112, 50.3588]"
51,AWD0001mye,diary,540,5,1916-11-20 00:00:00 UTC,20 Nov 1916,Oeuf,"[0.0, 0.0]","",diaryDate,20 Nov 1916,"{""day""=>[""20""], ""month""=>[""Nov""], ""year""=>[""1916""]}",2989734,Œuf-en-Ternois,"[2.2112, 50.3588]"
53,AWD0001mye,diary,540,3,1916-11-20 00:00:00 UTC,20 Nov 1916,Oeuf,"[0.0, 0.0]","",domestic,accomodation,{},2989734,Œuf-en-Ternois,"[2.2112, 50.3588]"
54,AWD0001mye,diary,540,2,1916-11-20 00:00:00 UTC,20 Nov 1916,"Boire Au Bois, BOIRE AU BOIS","[0.0, 0.0]","",place,"Boire Au Bois, BOIRE AU BOIS","{""place""=>[""Boire Au Bois"", ""BOIRE AU BOIS""], ""location""=>[""true""], ""name""=>[""""], ""lat""=>[""""], ""long""=>[""""], ""id""=>[""""]}",,,
56,AWD0001mye,diary,540,4,1916-11-20 00:00:00 UTC,20 Nov 1916,"Buire Au Bois, Buire au Bois","[2.15114, 50.26242]","",place,"Buire Au Bois, Buire au Bois","{""place""=>[""Buire Au Bois"", ""Buire au Bois""], ""location""=>[""true""], ""name""=>[""Buire-au-Bois""], ""lat""=>[""50.26242""], ""long""=>[""2.15114""], ""id""=>[""3029610""]}",3029610,Buire-au-Bois,"[2.15114, 50.26243]"
57,AWD0001mye,diary,540,2,1916-11-20 10:10:00 UTC,20 Nov 1916,"Buire Au Bois, Buire au Bois","[2.15114, 50.26242]",1010AM,time,1010AM,{},3029610,Buire-au-Bois,"[2.15114, 50.26243]"
60,AWD0001mye,diary,540,9,1916-11-20 10:10:00 UTC,20 Nov 1916,"Buire Au Bois, Buire au Bois","[2.15114, 50.26242]",1010AM,activity,movement,{},3029610,Buire-au-Bois,"[2.15114, 50.26243]"
61,AWD0001mye,diary,540,4,1916-11-21 00:00:00 UTC,21 Nov 1916,"Buire Au Bois, Buire au Bois","[2.15114, 50.26242]","",diaryDate,21 Nov 1916,"{""day""=>[""21""], ""month""=>[""Nov""], ""year""=>[""1916""]}",3029610,Buire-au-Bois,"[2.15114, 50.26243]"
62,AWD0001mye,diary,540,2,1916-11-21 00:00:00 UTC,21 Nov 1916,"Doullens, DOULLENS","[2.34019, 50.15724]","",place,"Doullens, DOULLENS","{""place""=>[""Doullens"", ""DOULLENS""], ""location""=>[""true""], ""name""=>[""Doullens""], ""lat""=>[""50.15724""], ""long""=>[""2.34019""], ""id""=>[""3020944""]}",3020944,Doullens,"[2.34019, 50.15724]"
65,AWD0001mye,diary,540,4,1916-11-21 00:00:00 UTC,21 Nov 1916,Doullens,"[2.34019, 50.15724]","",place,Doullens,"{""place""=>[""Doullens""], ""location""=>[""true""], ""name""=>[""Doullens""], ""lat""=>[""50.15724""], ""long""=>[""2.34019""], ""id""=>[""3020944""]}",3020944,Doullens,"[2.34019, 50.15724]"
66,AWD0001mye,diary,540,2,1916-11-21 07:45:00 UTC,21 Nov 1916,Doullens,"[2.34019, 50.15724]",0745AM,time,0745AM,{},3020944,Doullens,"[2.34019, 50.15724]"
70,AWD0001mye,diary,540,4,1916-11-22 00:00:00 UTC,22 Nov 1916,Doullens,"[2.34019, 50.15724]","",diaryDate,22 Nov 1916,"{""day""=>[""22""], ""month""=>[""Nov""], ""year""=>[""1916""]}",3020944,Doullens,"[2.34019, 50.15724]"
71,AWD0001mye,diary,540,2,1916-11-22 00:00:00 UTC,22 Nov 1916,"Bertrancourt, BERTANCOURT","[2.55828, 50.09298]","",place,"Bertrancourt, BERTANCOURT","{""place""=>[""Bertrancourt"", ""BERTANCOURT""], ""location""=>[""true""], ""name""=>[""Bertrancourt"", """"], ""lat""=>[""50.09298"", """"], ""long""=>[""2.55828"", """"], ""id""=>[""3033168"", """"]}",3033168,"Bertrancourt,","[2.55828, 50.09298]"
72,AWD0001mye,diary,540,2,1916-11-22 00:00:00 UTC,22 Nov 1916,"Bertrancourt, BERTANCOURT","[2.55828, 50.09298]","",activity,movement,{},3033168,"Bertrancourt,","[2.55828, 50.09298]"
73,AWD0001mye,diary,540,2,1916-11-22 21:00:00 UTC,22 Nov 1916,"Bertrancourt, BERTANCOURT","[2.55828, 50.09298]",0900PM,time,0900PM,{},3033168,"Bertrancourt,","[2.55828, 50.09298]"
74,AWD0001mye,diary,540,2,1916-11-22 21:00:00 UTC,22 Nov 1916,Bertancourt,"[2.34019, 50.15724]",0900PM,place,Bertancourt,"{""place""=>[""Bertancourt""], ""location""=>[""true""], ""name""=>[""Doullens"", """"], ""lat""=>[""50.15724"", """"], ""long""=>[""2.34019"", """"], ""id""=>[""3020944"", """"]}",3033168,Bertrancourt,"[2.55828, 50.09298]"
76,AWD0001mye,diary,540,9,1916-11-22 21:00:00 UTC,22 Nov 1916,Bertancourt,"[2.34019, 50.15724]",0900PM,activity,movement,{},3033168,Bertrancourt,"[2.55828, 50.09298]"
79,AWD0001mye,diary,540,2,1916-11-22 21:00:00 UTC,22 Nov 1916,"Mailly Maillet, MAILLY MALLE","[2.60473, 50.08025]",0900PM,place,"Mailly Maillet, MAILLY MALLE","{""place""=>[""Mailly Maillet"", ""MAILLY MALLE""], ""location""=>[""true""], ""name""=>[""Mailly-Maillet"", """"], ""lat""=>[""50.08025"", """"], ""long""=>[""2.60473"", """"], ""id""=>[""2996685"", """"]}",,,
80,AWD0001mye,diary,540,4,1916-11-23 00:00:00 UTC,23 Nov 1916,"Mailly Maillet, MAILLY MALLE","[2.60473, 50.08025]","",diaryDate,23 Nov 1916,"{""day""=>[""23""], ""month""=>[""Nov""], ""year""=>[""1916""]}",,,
82,AWD0001mye,diary,540,3,1916-11-23 08:00:00 UTC,23 Nov 1916,"Mailly Maillet, MAILLY MALLE","[2.60473, 50.08025]",0800AM,time,0800AM,{},,,
83,AWD0001mye,diary,540,4,1916-11-23 08:00:00 UTC,23 Nov 1916,"Mailly Mallet, Mailly Maillet","[2.60473, 50.08025]",0800AM,place,"Mailly Mallet, Mailly Maillet","{""place""=>[""Mailly Mallet"", ""Mailly Maillet""], ""location""=>[""true""], ""name""=>["""", ""Mailly-Maillet""], ""lat""=>["""", ""50.08025""], ""long""=>["""", ""2.60473""], ""id""=>["""", ""2996685""]}",2996685,Mailly-Maillet,"[2.60473, 50.08025]"
86,AWD0001mye,diary,540,5,1916-11-23 08:00:00 UTC,23 Nov 1916,"Mailly Mallet, Mailly Maillet","[2.60473, 50.08025]",0800AM,unit,2nd Gordon Highlanders,"{""name""=>[""2nd Gordon Highlanders""], ""context""=>[""left""]}",2996685,Mailly-Maillet,"[2.60473, 50.08025]"
87,AWD0001mye,diary,540,6,1916-11-23 08:00:00 UTC,23 Nov 1916,"Mailly Mallet, Mailly Maillet","[2.60473, 50.08025]",0800AM,unit,South Staffs,"{""name""=>[""South Staffs""], ""context""=>[""right""]}",2996685,Mailly-Maillet,"[2.60473, 50.08025]"
89,AWD0001mye,diary,540,2,1916-11-23 08:00:00 UTC,23 Nov 1916,"Mailly Mallet, Mailly Maillet","[2.60473, 50.08025]",0800AM,activity,line,{},2996685,Mailly-Maillet,"[2.60473, 50.08025]"
90,AWD0001mye,diary,540,5,1916-11-24 00:00:00 UTC,24 Nov 1916,"Mailly Mallet, Mailly Maillet","[2.60473, 50.08025]","",diaryDate,24 Nov 1916,"{""day""=>[""24""], ""month""=>[""Nov""], ""year""=>[""1916""]}",2996685,Mailly-Maillet,"[2.60473, 50.08025]"
91,AWD0001mye,diary,540,4,1916-11-24 00:00:00 UTC,24 Nov 1916,Beaumont Hamiel,"[0.0, 0.0]","",place,Beaumont Hamiel,"{""place""=>[""Beaumont Hamiel""], ""location""=>[""true""], ""name""=>[""""], ""lat""=>[""""], ""long""=>[""""], ""id""=>[""""]}",3034157,Beaumont-Hamel,"[2.65746, 50.08429]"
93,AWD0001mye,diary,540,4,1916-11-24 00:00:00 UTC,24 Nov 1916,Beaumont Hamiel,"[0.0, 0.0]","",activity,enemy_activity,{},3034157,Beaumont-Hamel,"[2.65746, 50.08429]"
94,AWD0001mye,diary,540,4,1916-11-24 00:00:00 UTC,24 Nov 1916,Beaumont Hamiel,"[0.0, 0.0]","",activity,quiet,{},3034157,Beaumont-Hamel,"[2.65746, 50.08429]"
95,AWD0001mye,diary,540,5,1916-11-25 00:00:00 UTC,25 Nov 1916,Beaumont Hamiel,"[0.0, 0.0]","",diaryDate,25 Nov 1916,"{""day""=>[""25""], ""month""=>[""Nov""], ""year""=>[""1916""]}",3034157,Beaumont-Hamel,"[2.65746, 50.08429]"
96,AWD0001mye,diary,540,4,1916-11-25 00:00:00 UTC,25 Nov 1916,Beaumont Hamiel,"[0.0, 0.0]","",activity,enemy_activity,{},3034157,Beaumont-Hamel,"[2.65746, 50.08429]"
98,AWD0001mye,diary,540,2,1916-11-25 00:00:00 UTC,25 Nov 1916,"Beaumont Hamiel, Beaumont Hamel","[2.65746, 50.08429]","",place,"Beaumont Hamiel, Beaumont Hamel","{""place""=>[""Beaumont Hamiel"", ""Beaumont Hamel""], ""location""=>[""true""], ""name""=>["""", ""Beaumont-Hamel""], ""lat""=>["""", ""50.08429""], ""long""=>["""", ""2.65746""], ""id""=>["""", ""3034157""]}",3034157,Beaumont-Hamel,"[2.65746, 50.08429]"
101,AWD0001mye,diary,540,4,1916-11-25 00:00:00 UTC,25 Nov 1916,"Beaumont Hamiel, Beaumont Hamel","[2.65746, 50.08429]","",activity,quiet,{},3034157,Beaumont-Hamel,"[2.65746, 50.08429]"
102,AWD0001mye,diary,540,2,1916-11-25 00:00:00 UTC,25 Nov 1916,"Mailly Maillet, MAILLY-MALLET","[2.60473, 50.08025]","",place,"Mailly Maillet, MAILLY-MALLET","{""place""=>[""Mailly Maillet"", ""MAILLY-MALLET""], ""location""=>[""true""], ""name""=>[""Mailly-Maillet"", """"], ""lat""=>[""50.08025"", """"], ""long""=>[""2.60473"", """"], ""id""=>[""2996685"", """"]}",2996685,Mailly-Maillet,"[2.60473, 50.08025]"
103,AWD0001mye,diary,540,5,1916-11-26 00:00:00 UTC,26 Nov 1916,"Mailly Maillet, MAILLY-MALLET","[2.60473, 50.08025]","",diaryDate,26 Nov 1916,"{""day""=>[""26""], ""month""=>[""Nov""], ""year""=>[""1916""]}",2996685,Mailly-Maillet,"[2.60473, 50.08025]"
104,AWD0001mye,diary,540,3,1916-11-26 00:00:00 UTC,26 Nov 1916,"Mailly Maillet, MAILLY-MALLET","[2.60473, 50.08025]","",domestic,accomodation,{},2996685,Mailly-Maillet,"[2.60473, 50.08025]"
106,AWD0001mye,diary,540,3,1916-11-26 00:00:00 UTC,26 Nov 1916,"Mailly Maillet, MAILLY-MALLET","[2.60473, 50.08025]","",unit,"9th Devon Reg, 9th Devon Regt., 9TH DEVON REGT","{""name""=>[""9th Devon Reg"", ""9th Devon Regt."", ""9TH DEVON REGT""], ""context""=>[""relieved_by""]}",2996685,Mailly-Maillet,"[2.60473, 50.08025]"
107,AWD0001mye,diary,540,3,1916-11-26 00:00:00 UTC,26 Nov 1916,"Mailly Maillet, MAILLY-MALLET","[2.60473, 50.08025]","",activity,movement,{},2996685,Mailly-Maillet,"[2.60473, 50.08025]"
108,AWD0001mye,diary,540,5,1916-11-27 00:00:00 UTC,27 Nov 1916,"Mailly Maillet, MAILLY-MALLET","[2.60473, 50.08025]","",diaryDate,27 Nov 1916,"{""day""=>[""27""], ""month""=>[""Nov""], ""year""=>[""1916""]}",2996685,Mailly-Maillet,"[2.60473, 50.08025]"
109,AWD0001mye,diary,540,3,1916-11-27 00:00:00 UTC,27 Nov 1916,"Mailly Maillet, MAILLY-MALLET","[2.60473, 50.08025]","",domestic,medical,{},2996685,Mailly-Maillet,"[2.60473, 50.08025]"
114,AWD0001mye,diary,540,2,1916-11-27 05:30:00 UTC,27 Nov 1916,"Mailly Maillet, MAILLY-MALLET","[2.60473, 50.08025]",0530AM,time,0530AM,{},2996685,Mailly-Maillet,"[2.60473, 50.08025]"
2,AWD0001my7,diary,541,6,1916-11-28 00:00:00 UTC,28 Nov 1916,"Mailly Maillet, MAILLY-MALLET","[2.60473, 50.08025]","",diaryDate,28 Nov 1916,"{""day""=>[""28""], ""month""=>[""Nov""], ""year""=>[""1916""]}",2996685,Mailly-Maillet,"[2.60473, 50.08025]"
5,AWD0001my7,diary,541,4,1916-11-28 00:00:00 UTC,28 Nov 1916,"Mailly Maillet, MAILLY-MALLET","[2.60473, 50.08025]","",domestic,hygiene,{},2996685,Mailly-Maillet,"[2.60473, 50.08025]"
6,AWD0001my7,diary,541,5,1916-11-28 00:00:00 UTC,28 Nov 1916,Mailly Mallet,"[0.0, 0.0]","",place,Mailly Mallet,"{""place""=>[""Mailly Mallet""], ""location""=>[""true""], ""name""=>[""""], ""lat""=>[""""], ""long""=>[""""], ""id""=>[""""]}",2996685,Mailly-Maillet,"[2.60473, 50.08025]"
7,AWD0001my7,diary,541,8,1916-11-28 00:00:00 UTC,28 Nov 1916,Mailly Mallet,"[0.0, 0.0]","",activity,resting,{},2996685,Mailly-Maillet,"[2.60473, 50.08025]"
8,AWD0001my7,diary,541,3,1916-11-28 00:00:00 UTC,28 Nov 1916,Mailly Mallet,"[0.0, 0.0]","",activity,working,{},2996685,Mailly-Maillet,"[2.60473, 50.08025]"
9,AWD0001my7,diary,541,5,1916-11-29 00:00:00 UTC,29 Nov 1916,Mailly Mallet,"[0.0, 0.0]","",diaryDate,29 Nov 1916,"{""day""=>[""29""], ""month""=>[""Nov""], ""year""=>[""1916""]}",2996685,Mailly-Maillet,"[2.60473, 50.08025]"
11,AWD0001my7,diary,541,2,1916-11-29 00:00:00 UTC,29 Nov 1916,Mailly Mallet,"[0.0, 0.0]","",place,Bertrancourt,"{""place""=>[""Bertrancourt""], ""location""=>[""false"", ""true""], ""name""=>[""Bertrancourt""], ""lat""=>[""50.09298""], ""long""=>[""2.55828""], ""id""=>[""3033168""]}",2996685,Mailly-Maillet,"[2.60473, 50.08025]"
12,AWD0001my7,diary,541,3,1916-11-29 00:00:00 UTC,29 Nov 1916,Mailly Mallet,"[0.0, 0.0]","",place,Mailly Mallet,"{""place""=>[""Mailly Mallet""], ""location""=>[""true""], ""name""=>[""""], ""lat""=>[""""], ""long""=>[""""], ""id""=>[""""]}",2996685,Mailly-Maillet,"[2.60473, 50.08025]"
14,AWD0001my7,diary,541,4,1916-11-29 00:00:00 UTC,29 Nov 1916,Mailly Mallet,"[0.0, 0.0]","",activity,working,{},2996685,Mailly-Maillet,"[2.60473, 50.08025]"
15,AWD0001my7,diary,541,2,1916-11-29 00:00:00 UTC,29 Nov 1916,Mailly Mallet,"[0.0, 0.0]","",place,Acheux,"{""place""=>[""Acheux""], ""location""=>[""true"", ""false""], ""name""=>[""""], ""lat""=>[""""], ""long""=>[""""], ""id""=>[""""]}",2996685,Mailly-Maillet,"[2.60473, 50.08025]"
16,AWD0001my7,diary,541,3,1916-11-29 00:00:00 UTC,29 Nov 1916,Mailly Mallet,"[0.0, 0.0]","",activity,working,{},2996685,Mailly-Maillet,"[2.60473, 50.08025]"
17,AWD0001my7,diary,541,5,1916-11-30 00:00:00 UTC,30 Nov 1916,Mailly Mallet,"[0.0, 0.0]","",diaryDate,30 Nov 1916,"{""day""=>[""30""], ""month""=>[""Nov""], ""year""=>[""1916""]}",2996685,Mailly-Maillet,"[2.60473, 50.08025]"
18,AWD0001my7,diary,541,2,1916-11-30 00:00:00 UTC,30 Nov 1916,Mailly Mallet,"[0.0, 0.0]","",unit,RE,"{""name""=>[""RE""], ""context""=>[""joined""]}",2996685,Mailly-Maillet,"[2.60473, 50.08025]"
19,AWD0001my7,diary,541,6,1916-11-30 00:00:00 UTC,30 Nov 1916,Mailly Mallet,"[0.0, 0.0]","",domestic,hygiene,{},2996685,Mailly-Maillet,"[2.60473, 50.08025]"
20,AWD0001my7,diary,541,3,1916-11-30 00:00:00 UTC,30 Nov 1916,Mailly Mallet,"[0.0, 0.0]","",activity,working,{},2996685,Mailly-Maillet,"[2.60473, 50.08025]"
21,AWD0001my7,diary,541,4,1916-11-30 00:00:00 UTC,30 Nov 1916,Mailly Mallet,"[0.0, 0.0]","",activity,fire,{},2996685,Mailly-Maillet,"[2.60473, 50.08025]"
26,AWD0001my7,diary,541,4,1916-11-30 00:00:00 UTC,30 Nov 1916,Mailly Mallet,"[0.0, 0.0]","",strength,"officer: 32, other: 828",{},2996685,Mailly-Maillet,"[2.60473, 50.08025]"
28,AWD0001my7,diary,541,2,1916-11-30 00:00:00 UTC,30 Nov 1916,Mailly Mallet,"[0.0, 0.0]","",casualties,"wounded: 6, sick: 125, missing: 2",{},2996685,Mailly-Maillet,"[2.60473, 50.08025]"
32,AWD0001my7,diary,541,2,1916-11-30 00:00:00 UTC,30 Nov 1916,Mailly Mallet,"[0.0, 0.0]","",person,"Second Lieutenant,Lieutenant A C Cameron, CAMERON","{""first""=>[""A C""], ""surname""=>[""Cameron"", ""CAMERON""], ""rank""=>[""Second Lieutenant"", ""Lieutenant""], ""number""=>[""""], ""reason""=>[""author"", ""joined""], ""unit""=>[""Act. Adj. 8 Battalion Devonshire Regiment"", """"]}",2996685,Mailly-Maillet,"[2.60473, 50.08025]"
1,AWD0001n2q,diary,543,4,1916-12-01 00:00:00 UTC,1 Dec 1916,Mailly Mallet,"[0.0, 0.0]","",diaryDate,1 Dec 1916,"{""day""=>[""1""], ""month""=>[""Dec""], ""year""=>[""1916""]}",2996685,Mailly-Maillet,"[2.60473, 50.08025]"
3,AWD0001n2q,diary,543,4,1916-12-01 00:00:00 UTC,1 Dec 1916,Mailly Maillet,"[2.60473, 50.08025]","",place,Mailly Maillet,"{""place""=>[""Mailly Maillet""], ""location""=>[""true""], ""name""=>[""Mailly-Maillet""], ""lat""=>[""50.08025""], ""long""=>[""2.60473""], ""id""=>[""2996685""]}",2996685,Mailly-Maillet,"[2.60473, 50.08025]"
4,AWD0001n2q,diary,543,3,1916-12-01 00:00:00 UTC,1 Dec 1916,Mailly Maillet,"[2.60473, 50.08025]","",unit,9th Devon Regt.,"{""name""=>[""9th Devon Regt.""], ""context""=>[""relieved""]}",2996685,Mailly-Maillet,"[2.60473, 50.08025]"
5,AWD0001n2q,diary,543,2,1916-12-01 00:00:00 UTC,1 Dec 1916,Mailly Maillet,"[2.60473, 50.08025]","",unit,9th Devons,"{""name""=>[""9th Devons""], ""context""=>[""relieved""]}",2996685,Mailly-Maillet,"[2.60473, 50.08025]"
9,AWD0001n2q,diary,543,2,1916-12-01 07:30:00 UTC,1 Dec 1916,Mailly Maillet,"[2.60473, 50.08025]",0730AM,time,0730AM,{},2996685,Mailly-Maillet,"[2.60473, 50.08025]"
11,AWD0001n2q,diary,543,3,1916-12-01 07:30:00 UTC,1 Dec 1916,Mailly Maillet,"[2.60473, 50.08025]",0730AM,activity,repair,{},2996685,Mailly-Maillet,"[2.60473, 50.08025]"
13,AWD0001n2q,diary,543,5,1916-12-01 07:30:00 UTC,1 Dec 1916,Mailly Maillet,"[2.60473, 50.08025]",0730AM,unit,2nd Gordons,"{""name""=>[""2nd Gordons""], ""context""=>[""left""]}",2996685,Mailly-Maillet,"[2.60473, 50.08025]"
14,AWD0001n2q,diary,543,2,1916-12-01 07:30:00 UTC,1 Dec 1916,Mailly Maillet,"[2.60473, 50.08025]",0730AM,unit,1st South Staffs,"{""name""=>[""1st South Staffs""], ""context""=>[""right""]}",2996685,Mailly-Maillet,"[2.60473, 50.08025]"
15,AWD0001n2q,diary,543,2,1916-12-01 07:30:00 UTC,1 Dec 1916,Mailly Maillet,"[2.60473, 50.08025]",0730AM,unit,"1st S Staffs, 1ST S. STAFFS","{""name""=>[""1st S Staffs"", ""1ST S. STAFFS""], ""context""=>[""right""]}",2996685,Mailly-Maillet,"[2.60473, 50.08025]"
18,AWD0001n2q,diary,543,6,1916-12-01 07:30:00 UTC,1 Dec 1916,Mailly Maillet,"[2.60473, 50.08025]",0730AM,weather,fine,{},2996685,Mailly-Maillet,"[2.60473, 50.08025]"
20,AWD0001n2q,diary,543,4,1916-12-02 00:00:00 UTC,2 Dec 1916,Mailly Maillet,"[2.60473, 50.08025]","",diaryDate,2 Dec 1916,"{""day""=>[""2""], ""month""=>[""Dec""], ""year""=>[""1916""]}",2996685,Mailly-Maillet,"[2.60473, 50.08025]"
23,AWD0001n2q,diary,543,4,1916-12-02 00:00:00 UTC,2 Dec 1916,Beaumont Hamel,"[2.65746, 50.08429]","",place,Beaumont Hamel,"{""place""=>[""Beaumont Hamel""], ""location""=>[""true""], ""name""=>[""Beaumont-Hamel""], ""lat""=>[""50.08429""], ""long""=>[""2.65746""], ""id""=>[""3034157""]}",3034157,Beaumont-Hamel,"[2.65746, 50.08429]"
24,AWD0001n2q,diary,543,2,1916-12-02 15:00:00 UTC,2 Dec 1916,Beaumont Hamel,"[2.65746, 50.08429]",0300PM,time,0300PM,{},3034157,Beaumont-Hamel,"[2.65746, 50.08429]"
26,AWD0001n2q,diary,543,2,1916-12-02 15:00:00 UTC,2 Dec 1916,Beaumont Hamel,"[2.65746, 50.08429]",0300PM,activity,repair,{},3034157,Beaumont-Hamel,"[2.65746, 50.08429]"
27,AWD0001n2q,diary,543,3,1916-12-03 00:00:00 UTC,3 Dec 1916,Beaumont Hamel,"[2.65746, 50.08429]","",diaryDate,3 Dec 1916,"{""day""=>[""3""], ""month""=>[""Dec""], ""year""=>[""1916""]}",3034157,Beaumont-Hamel,"[2.65746, 50.08429]"
28,AWD0001n2q,diary,543,4,1916-12-03 00:00:00 UTC,3 Dec 1916,Beaumont Hamel,"[2.65746, 50.08429]","",weather,fine,{},3034157,Beaumont-Hamel,"[2.65746, 50.08429]"
32,AWD0001n2q,diary,543,2,1916-12-03 00:00:00 UTC,3 Dec 1916,Beaumont Hamel,"[2.65746, 50.08429]","",domestic,medical,{},3034157,Beaumont-Hamel,"[2.65746, 50.08429]"
33,AWD0001n2q,diary,543,4,1916-12-04 00:00:00 UTC,4 Dec 1916,Beaumont Hamel,"[2.65746, 50.08429]","",diaryDate,4 Dec 1916,"{""day""=>[""4""], ""month""=>[""Dec""], ""year""=>[""1916""]}",3034157,Beaumont-Hamel,"[2.65746, 50.08429]"
35,AWD0001n2q,diary,543,4,1916-12-04 00:00:00 UTC,4 Dec 1916,Beaumont Hamel,"[2.65746, 50.08429]","",weather,fine,{},3034157,Beaumont-Hamel,"[2.65746, 50.08429]"
36,AWD0001n2q,diary,543,2,1916-12-04 00:00:00 UTC,4 Dec 1916,Beaumont Hamel,"[2.65746, 50.08429]","",activity,enemy_activity,{},3034157,Beaumont-Hamel,"[2.65746, 50.08429]"
37,AWD0001n2q,diary,543,2,1916-12-04 00:00:00 UTC,4 Dec 1916,Beaumont Hamel,"[2.65746, 50.08429]","",activity,fire,{},3034157,Beaumont-Hamel,"[2.65746, 50.08429]"
38,AWD0001n2q,diary,543,2,1916-12-04 00:00:00 UTC,4 Dec 1916,Beaumont Hamel,"[2.65746, 50.08429]","",place,Beaumont Hamel,"{""place""=>[""Beaumont Hamel""], ""location""=>[""true""], ""name""=>[""Beaumont-Hamel""], ""lat""=>[""50.08429""], ""long""=>[""2.65746""], ""id""=>[""3034157""]}",3034157,Beaumont-Hamel,"[2.65746, 50.08429]"
41,AWD0001n2q,diary,543,3,1916-12-04 00:00:00 UTC,4 Dec 1916,Beaumont Hamel,"[2.65746, 50.08429]","",unit,2nd Gordons,"{""name""=>[""2nd Gordons""], ""context""=>[""left""]}",3034157,Beaumont-Hamel,"[2.65746, 50.08429]"
43,AWD0001n2q,diary,543,4,1916-12-05 00:00:00 UTC,5 Dec 1916,Beaumont Hamel,"[2.65746, 50.08429]","",diaryDate,5 Dec 1916,"{""day""=>[""5""], ""month""=>[""Dec""], ""year""=>[""1916""]}",3034157,Beaumont-Hamel,"[2.65746, 50.08429]"
45,AWD0001n2q,diary,543,4,1916-12-05 00:00:00 UTC,5 Dec 1916,Beaumont Hamel,"[2.65746, 50.08429]","",unit,20th Manchesters,"{""name""=>[""20th Manchesters""], ""context""=>[""relieved_by"", ""relieved""]}",3034157,Beaumont-Hamel,"[2.65746, 50.08429]"
46,AWD0001n2q,diary,543,2,1916-12-05 19:30:00 UTC,5 Dec 1916,Beaumont Hamel,"[2.65746, 50.08429]",0730PM,time,0730PM,{},3034157,Beaumont-Hamel,"[2.65746, 50.08429]"
47,AWD0001n2q,diary,543,3,1916-12-05 19:30:00 UTC,5 Dec 1916,Beaumont Hamel,"[2.65746, 50.08429]",0730PM,place,Beaumont Hamel,"{""place""=>[""Beaumont Hamel""], ""location""=>[""true""], ""name""=>[""Beaumont-Hamel""], ""lat""=>[""50.08429""], ""long""=>[""2.65746""], ""id""=>[""3034157""]}",3034157,Beaumont-Hamel,"[2.65746, 50.08429]"
48,AWD0001n2q,diary,543,3,1916-12-05 19:30:00 UTC,5 Dec 1916,Beaumont Hamel,"[2.65746, 50.08429]",0730PM,activity,movement,{},3034157,Beaumont-Hamel,"[2.65746, 50.08429]"
49,AWD0001n2q,diary,543,3,1916-12-05 19:30:00 UTC,5 Dec 1916,Beaumont Hamel,"[2.65746, 50.08429]",0730PM,domestic,accomodation,{},3034157,Beaumont-Hamel,"[2.65746, 50.08429]"
50,AWD0001n2q,diary,543,2,1916-12-05 19:30:00 UTC,5 Dec 1916,"Bertrancourt, BERTRANCOURT","[2.55828, 50.09298]",0730PM,place,"Bertrancourt, BERTRANCOURT","{""place""=>[""Bertrancourt"", ""BERTRANCOURT""], ""location""=>[""true""], ""name""=>[""Bertrancourt""], ""lat""=>[""50.09298""], ""long""=>[""2.55828"", ""2.55829""], ""id""=>[""3033168""]}",3033168,Bertrancourt,"[2.55828, 50.09298]"
51,AWD0001n2q,diary,543,3,1916-12-05 19:30:00 UTC,5 Dec 1916,"Bertrancourt, BERTRANCOURT","[2.55828, 50.09298]",0730PM,activity,reserve,{},3033168,Bertrancourt,"[2.55828, 50.09298]"
52,AWD0001n2q,diary,543,2,1916-12-05 19:30:00 UTC,5 Dec 1916,"Bertrancourt, BERTRANCOURT","[2.55828, 50.09298]",0730PM,casualties,other: 3,{},3033168,Bertrancourt,"[2.55828, 50.09298]"
55,AWD0001n2q,diary,543,4,1916-12-06 00:00:00 UTC,6 Dec 1916,"Bertrancourt, BERTRANCOURT","[2.55828, 50.09298]","",diaryDate,6 Dec 1916,"{""day""=>[""6""], ""month""=>[""Dec""], ""year""=>[""1916""]}",3033168,Bertrancourt,"[2.55828, 50.09298]"
57,AWD0001n2q,diary,543,4,1916-12-06 00:00:00 UTC,6 Dec 1916,"Bertrancourt, BERTRANCOURT","[2.55828, 50.09298]","",activity,resting,{},3033168,Bertrancourt,"[2.55828, 50.09298]"
58,AWD0001n2q,diary,543,4,1916-12-06 00:00:00 UTC,6 Dec 1916,"Bertrancourt, BERTRANCOURT","[2.55828, 50.09298]","",domestic,inspections,{},3033168,Bertrancourt,"[2.55828, 50.09298]"
59,AWD0001n2q,diary,543,2,1916-12-06 00:00:00 UTC,6 Dec 1916,"Bertrancourt, BERTRANCOURT","[2.55828, 50.09298]","",domestic,medical,{},3033168,Bertrancourt,"[2.55828, 50.09298]"
61,AWD0001n2q,diary,543,4,1916-12-06 00:00:00 UTC,6 Dec 1916,Bertrancourt,"[2.55828, 50.09298]","",place,Bertrancourt,"{""place""=>[""Bertrancourt""], ""location""=>[""true""], ""name""=>[""Bertrancourt""], ""lat""=>[""50.09298""], ""long""=>[""2.55828""], ""id""=>[""3033168""]}",3033026,Béthancourt-en-Valois,"[2.87704, 49.2855]"
65,AWD0001n2q,diary,543,4,1916-12-07 00:00:00 UTC,7 Dec 1916,Bertrancourt,"[2.55828, 50.09298]","",diaryDate,7 Dec 1916,"{""day""=>[""7""], ""month""=>[""Dec""], ""year""=>[""1916""]}",3033026,Béthancourt-en-Valois,"[2.87704, 49.2855]"
66,AWD0001n2q,diary,543,4,1916-12-07 00:00:00 UTC,7 Dec 1916,Bertrancourt,"[2.55828, 50.09298]","",person,Major  Whitsman,"{""first""=>[""""], ""surname""=>[""Whitsman""], ""rank""=>[""Major""], ""number""=>[""""], ""reason""=>[""commander""], ""unit""=>[""4th Battn Middlesex Regt"", ""4th Batln Middlesex Regt"", ""4TH BDE MIDDLESEX REGT"", ""Temp. Comm.8th Battalion Devonshire Regiment""]}",3033026,Béthancourt-en-Valois,"[2.87704, 49.2855]"
67,AWD0001n2q,diary,543,3,1916-12-07 00:00:00 UTC,7 Dec 1916,Bertrancourt,"[2.55828, 50.09298]","",place,Bertrancourt,"{""place""=>[""Bertrancourt""], ""location""=>[""true""], ""name""=>[""Bertrancourt""], ""lat""=>[""50.09298""], ""long""=>[""2.55828""], ""id""=>[""3033168""]}",3033026,Béthancourt-en-Valois,"[2.87704, 49.2855]"
69,AWD0001n2q,diary,543,3,1916-12-07 00:00:00 UTC,7 Dec 1916,Bertrancourt,"[2.55828, 50.09298]","",activity,working,{},3033026,Béthancourt-en-Valois,"[2.87704, 49.2855]"
70,AWD0001n2q,diary,543,4,1916-12-07 00:00:00 UTC,7 Dec 1916,Bertrancourt,"[2.55828, 50.09298]","",activity,training,{},3033026,Béthancourt-en-Valois,"[2.87704, 49.2855]"
71,AWD0001n2q,diary,543,2,1916-12-07 00:00:00 UTC,7 Dec 1916,Bertrancourt,"[2.55828, 50.09298]","",domestic,inspections,{},3033026,Béthancourt-en-Valois,"[2.87704, 49.2855]"
73,AWD0001n2q,diary,543,5,1916-12-08 00:00:00 UTC,8 Dec 1916,Bertrancourt,"[2.55828, 50.09298]","",diaryDate,8 Dec 1916,"{""day""=>[""8""], ""month""=>[""Dec""], ""year""=>[""1916""]}",3033026,Béthancourt-en-Valois,"[2.87704, 49.2855]"
74,AWD0001n2q,diary,543,4,1916-12-08 00:00:00 UTC,8 Dec 1916,Bertrancourt,"[2.55828, 50.09298]","",domestic,hygiene,{},3033026,Béthancourt-en-Valois,"[2.87704, 49.2855]"
75,AWD0001n2q,diary,543,2,1916-12-08 00:00:00 UTC,8 Dec 1916,Bertrancourt,"[2.55828, 50.09298]","",activity,training,{},3033026,Béthancourt-en-Valois,"[2.87704, 49.2855]"
76,AWD0001n2q,diary,543,6,1916-12-08 00:00:00 UTC,8 Dec 1916,Bertrancourt,"[2.55828, 50.09298]","",place,Bertrancourt,"{""place""=>[""Bertrancourt""], ""location""=>[""true""], ""name""=>[""Bertrancourt""], ""lat""=>[""50.09298""], ""long""=>[""2.55828""], ""id""=>[""3033168""]}",3033026,Béthancourt-en-Valois,"[2.87704, 49.2855]"
77,AWD0001n2q,diary,543,4,1916-12-09 00:00:00 UTC,9 Dec 1916,Bertrancourt,"[2.55828, 50.09298]","",diaryDate,9 Dec 1916,"{""day""=>[""9""], ""month""=>[""Dec""], ""year""=>[""1916""]}",3033026,Béthancourt-en-Valois,"[2.87704, 49.2855]"
78,AWD0001n2q,diary,543,4,1916-12-09 00:00:00 UTC,9 Dec 1916,Bertrancourt,"[2.55828, 50.09298]","",person,Second Lieutenant G Cummings,"{""first""=>[""G""], ""surname""=>[""Cummings""], ""rank""=>[""Second Lieutenant""], ""number""=>[""""], ""reason""=>[""joined""], ""unit""=>[""""]}",3033026,Béthancourt-en-Valois,"[2.87704, 49.2855]"
79,AWD0001n2q,diary,543,4,1916-12-09 00:00:00 UTC,9 Dec 1916,Bertrancourt,"[2.55828, 50.09298]","",person,Second Lieutenant H Drew,"{""first""=>[""H""], ""surname""=>[""Drew""], ""rank""=>[""Second Lieutenant""], ""number""=>[""""], ""reason""=>[""joined""], ""unit""=>[""""]}",3033026,Béthancourt-en-Valois,"[2.87704, 49.2855]"
80,AWD0001n2q,diary,543,5,1916-12-09 00:00:00 UTC,9 Dec 1916,Bertrancourt,"[2.55828, 50.09298]","",activity,working,{},3033026,Béthancourt-en-Valois,"[2.87704, 49.2855]"
81,AWD0001n2q,diary,543,4,1916-12-09 00:00:00 UTC,9 Dec 1916,Bertrancourt,"[2.55828, 50.09298]","",person,Second Lieutenant A Evans,"{""first""=>[""A""], ""surname""=>[""Evans""], ""rank""=>[""Second Lieutenant""], ""number""=>[""""], ""reason""=>[""joined""], ""unit""=>[""""]}",3033026,Béthancourt-en-Valois,"[2.87704, 49.2855]"
82,AWD0001n2q,diary,543,2,1916-12-09 00:00:00 UTC,9 Dec 1916,Bertrancourt,"[2.55828, 50.09298]","",activity,working,{},3033026,Béthancourt-en-Valois,"[2.87704, 49.2855]"
1,AWD0001myy,diary,544,4,1916-12-10 00:00:00 UTC,10 Dec 1916,Bertrancourt,"[2.55828, 50.09298]","",diaryDate,10 Dec 1916,"{""day""=>[""10""], ""month""=>[""Dec""], ""year""=>[""1916""]}",3033026,Béthancourt-en-Valois,"[2.87704, 49.2855]"
2,AWD0001myy,diary,544,4,1916-12-10 00:00:00 UTC,10 Dec 1916,Bertrancourt,"[2.55828, 50.09298]","",person,Captain G B Hole,"{""first""=>[""G B""], ""surname""=>[""Hole""], ""rank""=>[""Captain""], ""number""=>[""""], ""reason""=>[""departed_sick""], ""unit""=>[""""]}",3033026,Béthancourt-en-Valois,"[2.87704, 49.2855]"
3,AWD0001myy,diary,544,4,1916-12-10 00:00:00 UTC,10 Dec 1916,Bertrancourt,"[2.55828, 50.09298]","",person,Major  Whiteman,"{""first""=>[""""], ""surname""=>[""Whiteman""], ""rank""=>[""Major""], ""number""=>[""""], ""reason""=>[""departed_posted""], ""unit""=>[""""]}",3033026,Béthancourt-en-Valois,"[2.87704, 49.2855]"
4,AWD0001myy,diary,544,4,1916-12-10 00:00:00 UTC,10 Dec 1916,Bertrancourt,"[2.55828, 50.09298]","",place,Bertrancourt,"{""place""=>[""Bertrancourt""], ""location""=>[""true""], ""name""=>[""Bertrancourt""], ""lat""=>[""50.09298""], ""long""=>[""2.55828""], ""id""=>[""3033168""]}",3033026,Béthancourt-en-Valois,"[2.87704, 49.2855]"
5,AWD0001myy,diary,544,4,1916-12-10 00:00:00 UTC,10 Dec 1916,Bertrancourt,"[2.55828, 50.09298]","",person,Captain S H Duff,"{""first""=>[""S H""], ""surname""=>[""Duff""], ""rank""=>[""Captain""], ""number""=>[""""], ""reason""=>[""commander""], ""unit""=>[""""]}",3033026,Béthancourt-en-Valois,"[2.87704, 49.2855]"
6,AWD0001myy,diary,544,4,1916-12-11 00:00:00 UTC,11 Dec 1916,Bertrancourt,"[2.55828, 50.09298]","",diaryDate,11 Dec 1916,"{""day""=>[""11""], ""month""=>[""Dec""], ""year""=>[""1916""]}",3033026,Béthancourt-en-Valois,"[2.87704, 49.2855]"
8,AWD0001myy,diary,544,4,1916-12-11 00:00:00 UTC,11 Dec 1916,Bertrancourt,"[2.55828, 50.09298]","",unit,"2nd H.H.C., 2ND H.A.C., 2nd H.A.C., 2nd H A C","{""name""=>[""2nd H.H.C."", ""2ND H.A.C."", ""2nd H.A.C."", ""2nd H A C""], ""context""=>[""relieved""]}",3033026,Béthancourt-en-Valois,"[2.87704, 49.2855]"
9,AWD0001myy,diary,544,3,1916-12-11 00:00:00 UTC,11 Dec 1916,Bertrancourt,"[2.55828, 50.09298]","",activity,reserve,{},3033026,Béthancourt-en-Valois,"[2.87704, 49.2855]"
12,AWD0001myy,diary,544,2,1916-12-11 00:00:00 UTC,11 Dec 1916,Beaumont Hamel,"[2.65746, 50.08429]","",place,Beaumont Hamel,"{""place""=>[""Beaumont Hamel""], ""location""=>[""true""], ""name""=>[""Beaumont-Hamel""], ""lat""=>[""50.08429""], ""long""=>[""2.65746""], ""id""=>[""3034157""]}",3034157,Beaumont-Hamel,"[2.65746, 50.08429]"
14,AWD0001myy,diary,544,2,1916-12-11 16:00:00 UTC,11 Dec 1916,Beaumont Hamel,"[2.65746, 50.08429]",0400PM,time,0400PM,{},3034157,Beaumont-Hamel,"[2.65746, 50.08429]"
15,AWD0001myy,diary,544,4,1916-12-12 00:00:00 UTC,12 Dec 1916,Beaumont Hamel,"[2.65746, 50.08429]","",diaryDate,12 Dec 1916,"{""day""=>[""12""], ""month""=>[""Dec""], ""year""=>[""1916""]}",3034157,Beaumont-Hamel,"[2.65746, 50.08429]"
16,AWD0001myy,diary,544,3,1916-12-12 00:00:00 UTC,12 Dec 1916,Beaumont Hamel,"[2.65746, 50.08429]","",activity,quiet,{},3034157,Beaumont-Hamel,"[2.65746, 50.08429]"
17,AWD0001myy,diary,544,4,1916-12-12 00:00:00 UTC,12 Dec 1916,Beaumont Hamel,"[2.65746, 50.08429]","",weather,rain,{},3034157,Beaumont-Hamel,"[2.65746, 50.08429]"
18,AWD0001myy,diary,544,3,1916-12-12 00:00:00 UTC,12 Dec 1916,Beaumont Hamel,"[2.65746, 50.08429]","",activity,repair,{},3034157,Beaumont-Hamel,"[2.65746, 50.08429]"
21,AWD0001myy,diary,544,2,1916-12-12 00:00:00 UTC,12 Dec 1916,Beaumont Hamel,"[2.65746, 50.08429]","",place,Beaumont Hamel,"{""place""=>[""Beaumont Hamel""], ""location""=>[""true""], ""name""=>[""Beaumont-Hamel""], ""lat""=>[""50.08429""], ""long""=>[""2.65746""], ""id""=>[""3034157""]}",3034157,Beaumont-Hamel,"[2.65746, 50.08429]"
22,AWD0001myy,diary,544,4,1916-12-12 00:00:00 UTC,12 Dec 1916,Beaumont Hamel,"[2.65746, 50.08429]","",person,Major P V Davidson,"{""first""=>[""P V""], ""surname""=>[""Davidson""], ""rank""=>[""Major""], ""number""=>[""""], ""reason""=>[""commander""], ""unit""=>[""2nd Warwicks"", ""(2nd Warwicks) -Commdg. 8th Battalion Devonshire Regiment"", ""2ND WARWICKS"", """"]}",3034157,Beaumont-Hamel,"[2.65746, 50.08429]"
23,AWD0001myy,diary,544,4,1916-12-13 00:00:00 UTC,13 Dec 1916,Beaumont Hamel,"[2.65746, 50.08429]","",diaryDate,13 Dec 1916,"{""day""=>[""13""], ""month""=>[""Dec""], ""year""=>[""1916""]}",3034157,Beaumont-Hamel,"[2.65746, 50.08429]"
24,AWD0001myy,diary,544,4,1916-12-13 00:00:00 UTC,13 Dec 1916,Beaumont Hamel,"[2.65746, 50.08429]","",casualties,wounded: 2,{},3034157,Beaumont-Hamel,"[2.65746, 50.08429]"
25,AWD0001myy,diary,544,4,1916-12-13 00:00:00 UTC,13 Dec 1916,Beaumont Hamel,"[2.65746, 50.08429]","",unit,2nd Gordons,"{""name""=>[""2nd Gordons""], ""context""=>[""relieved""]}",3034157,Beaumont-Hamel,"[2.65746, 50.08429]"
26,AWD0001myy,diary,544,3,1916-12-13 00:00:00 UTC,13 Dec 1916,Beaumont Hamel,"[2.65746, 50.08429]","",activity,line,{},3034157,Beaumont-Hamel,"[2.65746, 50.08429]"
27,AWD0001myy,diary,544,2,1916-12-13 00:00:00 UTC,13 Dec 1916,Beaumont Hamel,"[2.65746, 50.08429]","",place,Beaumont Hamel,"{""place""=>[""Beaumont Hamel""], ""location""=>[""true""], ""name""=>[""Beaumont-Hamel""], ""lat""=>[""50.08429""], ""long""=>[""2.65746""], ""id""=>[""3034157""]}",3034157,Beaumont-Hamel,"[2.65746, 50.08429]"
29,AWD0001myy,diary,544,2,1916-12-13 00:00:00 UTC,13 Dec 1916,Beaumont Hamel,"[2.65746, 50.08429]","",unit,2nd Border Regt,"{""name""=>[""2nd Border Regt""], ""context""=>[""left""]}",3034157,Beaumont-Hamel,"[2.65746, 50.08429]"
31,AWD0001myy,diary,544,2,1916-12-13 20:00:00 UTC,13 Dec 1916,Beaumont Hamel,"[2.65746, 50.08429]",0800PM,time,0800PM,{},3034157,Beaumont-Hamel,"[2.65746, 50.08429]"
33,AWD0001myy,diary,544,3,1916-12-13 20:00:00 UTC,13 Dec 1916,Beaumont Hamel,"[2.65746, 50.08429]",0800PM,unit,11th Division,"{""name""=>[""11th Division""], ""context""=>[""right""]}",3034157,Beaumont-Hamel,"[2.65746, 50.08429]"
34,AWD0001myy,diary,544,4,1916-12-14 00:00:00 UTC,14 Dec 1916,Beaumont Hamel,"[2.65746, 50.08429]","",diaryDate,14 Dec 1916,"{""day""=>[""14""], ""month""=>[""Dec""], ""year""=>[""1916""]}",3034157,Beaumont-Hamel,"[2.65746, 50.08429]"
37,AWD0001myy,diary,544,3,1916-12-14 00:00:00 UTC,14 Dec 1916,Beaumont Hamel,"[2.65746, 50.08429]","",activity,repair,{},3034157,Beaumont-Hamel,"[2.65746, 50.08429]"
38,AWD0001myy,diary,544,2,1916-12-14 00:00:00 UTC,14 Dec 1916,Beaumont Hamel,"[2.65746, 50.08429]","",place,Beaumont Hamel,"{""place""=>[""Beaumont Hamel""], ""location""=>[""true""], ""name""=>[""Beaumont-Hamel""], ""lat""=>[""50.08429""], ""long""=>[""2.65746""], ""id""=>[""3034157""]}",3034157,Beaumont-Hamel,"[2.65746, 50.08429]"
40,AWD0001myy,diary,544,2,1916-12-14 00:00:00 UTC,14 Dec 1916,Beaumont Hamel,"[2.65746, 50.08429]","",activity,fire,{},3034157,Beaumont-Hamel,"[2.65746, 50.08429]"
43,AWD0001myy,diary,544,2,1916-12-14 18:45:00 UTC,14 Dec 1916,Beaumont Hamel,"[2.65746, 50.08429]",0645PM,time,0645PM,{},3034157,Beaumont-Hamel,"[2.65746, 50.08429]"
44,AWD0001myy,diary,544,4,1916-12-15 00:00:00 UTC,15 Dec 1916,Beaumont Hamel,"[2.65746, 50.08429]","",diaryDate,15 Dec 1916,"{""day""=>[""15""], ""month""=>[""Dec""], ""year""=>[""1916""]}",3034157,Beaumont-Hamel,"[2.65746, 50.08429]"
45,AWD0001myy,diary,544,2,1916-12-15 00:00:00 UTC,15 Dec 1916,Beaumont Hamel,"[2.65746, 50.08429]","",place,Beaumont Hamel,"{""place""=>[""Beaumont Hamel""], ""location""=>[""true""], ""name""=>[""Beaumont-Hamel""], ""lat""=>[""50.08429""], ""long""=>[""2.65746""], ""id""=>[""3034157""]}",3034157,Beaumont-Hamel,"[2.65746, 50.08429]"
46,AWD0001myy,diary,544,4,1916-12-15 00:00:00 UTC,15 Dec 1916,Beaumont Hamel,"[2.65746, 50.08429]","",unit,2nd Gordons,"{""name""=>[""2nd Gordons""], ""context""=>[""relieved_by"", ""relieved""]}",3034157,Beaumont-Hamel,"[2.65746, 50.08429]"
47,AWD0001myy,diary,544,4,1916-12-15 00:00:00 UTC,15 Dec 1916,Beaumont Hamel,"[2.65746, 50.08429]","",activity,reserve,{},3034157,Beaumont-Hamel,"[2.65746, 50.08429]"
48,AWD0001myy,diary,544,3,1916-12-15 00:00:00 UTC,15 Dec 1916,Beaumont Hamel,"[2.65746, 50.08429]","",gridRef,Q 17 a 8 8,{},3034157,Beaumont-Hamel,"[2.65746, 50.08429]"
49,AWD0001myy,diary,544,2,1916-12-15 00:00:00 UTC,15 Dec 1916,Beaumont Hamel,"[2.65746, 50.08429]","",activity,movement,{},3034157,Beaumont-Hamel,"[2.65746, 50.08429]"
50,AWD0001myy,diary,544,4,1916-12-16 00:00:00 UTC,16 Dec 1916,Beaumont Hamel,"[2.65746, 50.08429]","",diaryDate,16 Dec 1916,"{""day""=>[""16""], ""month""=>[""Dec""], ""year""=>[""1916""]}",3034157,Beaumont-Hamel,"[2.65746, 50.08429]"
51,AWD0001myy,diary,544,2,1916-12-16 00:00:00 UTC,16 Dec 1916,Beaumont Hamel,"[2.65746, 50.08429]","",place,Beaumont Hamel,"{""place""=>[""Beaumont Hamel""], ""location""=>[""true""], ""name""=>[""Beaumont-Hamel""], ""lat""=>[""50.08429""], ""long""=>[""2.65746""], ""id""=>[""3034157""]}",3034157,Beaumont-Hamel,"[2.65746, 50.08429]"
52,AWD0001myy,diary,544,3,1916-12-16 00:00:00 UTC,16 Dec 1916,Beaumont Hamel,"[2.65746, 50.08429]","",activity,working,{},3034157,Beaumont-Hamel,"[2.65746, 50.08429]"
53,AWD0001myy,diary,544,3,1916-12-16 00:00:00 UTC,16 Dec 1916,Beaumont Hamel,"[2.65746, 50.08429]","",activity,repair,{},3034157,Beaumont-Hamel,"[2.65746, 50.08429]"
54,AWD0001myy,diary,544,4,1916-12-17 00:00:00 UTC,17 Dec 1916,Beaumont Hamel,"[2.65746, 50.08429]","",diaryDate,17 Dec 1916,"{""day""=>[""17""], ""month""=>[""Dec""], ""year""=>[""1916""]}",3034157,Beaumont-Hamel,"[2.65746, 50.08429]"
55,AWD0001myy,diary,544,2,1916-12-17 00:00:00 UTC,17 Dec 1916,Beaumont Hamel,"[2.65746, 50.08429]","",unit,"22nd Inf Bdn, 20th Inf Bdn","{""name""=>[""22nd Inf Bdn"", ""20th Inf Bdn""], ""context""=>[""other""]}",3034157,Beaumont-Hamel,"[2.65746, 50.08429]"
56,AWD0001myy,diary,544,2,1916-12-17 00:00:00 UTC,17 Dec 1916,Beaumont Hamel,"[2.65746, 50.08429]","",unit,"22nd Infantry Brigade, 20th Infantry Brigade","{""name""=>[""22nd Infantry Brigade"", ""20th Infantry Brigade""], ""context""=>[""relieved"", ""other""]}",3034157,Beaumont-Hamel,"[2.65746, 50.08429]"
57,AWD0001myy,diary,544,4,1916-12-17 00:00:00 UTC,17 Dec 1916,Beaumont Hamel,"[2.65746, 50.08429]","",activity,support,{},3034157,Beaumont-Hamel,"[2.65746, 50.08429]"
58,AWD0001myy,diary,544,2,1916-12-17 00:00:00 UTC,17 Dec 1916,Beaumont Hamel,"[2.65746, 50.08429]","",place,Beaumont Hamel,"{""place""=>[""Beaumont Hamel""], ""location""=>[""true""], ""name""=>[""Beaumont-Hamel"", """"], ""lat""=>[""50.08429"", """"], ""long""=>[""2.65746"", """"], ""id""=>[""3034157"", """"]}",3034157,Beaumont-Hamel,"[2.65746, 50.08429]"
59,AWD0001myy,diary,544,3,1916-12-17 00:00:00 UTC,17 Dec 1916,Beaumont Hamel,"[2.65746, 50.08429]","",activity,working,{},3034157,Beaumont-Hamel,"[2.65746, 50.08429]"
60,AWD0001myy,diary,544,4,1916-12-18 00:00:00 UTC,18 Dec 1916,Beaumont Hamel,"[2.65746, 50.08429]","",diaryDate,18 Dec 1916,"{""day""=>[""18""], ""month""=>[""Dec""], ""year""=>[""1916""]}",3034157,Beaumont-Hamel,"[2.65746, 50.08429]"
61,AWD0001myy,diary,544,4,1916-12-18 00:00:00 UTC,18 Dec 1916,Beaumont Hamel,"[2.65746, 50.08429]","",activity,working,{},3034157,Beaumont-Hamel,"[2.65746, 50.08429]"
62,AWD0001myy,diary,544,4,1916-12-18 00:00:00 UTC,18 Dec 1916,Beaumont Hamel,"[2.65746, 50.08429]","",place,Beaumont Hamel,"{""place""=>[""Beaumont Hamel""], ""location""=>[""true""], ""name""=>[""Beaumont-Hamel"", """"], ""lat""=>[""50.08429"", """"], ""long""=>[""2.65746"", """"], ""id""=>[""3034157"", """"]}",3034157,Beaumont-Hamel,"[2.65746, 50.08429]"
64,AWD0001myy,diary,544,5,1916-12-18 00:00:00 UTC,18 Dec 1916,Beaumont Hamel,"[2.65746, 50.08429]","",activity,working,{},3034157,Beaumont-Hamel,"[2.65746, 50.08429]"
65,AWD0001myy,diary,544,3,1916-12-19 00:00:00 UTC,19 Dec 1916,Beaumont Hamel,"[2.65746, 50.08429]","",diaryDate,19 Dec 1916,"{""day""=>[""19""], ""month""=>[""Dec""], ""year""=>[""1916""]}",3034157,Beaumont-Hamel,"[2.65746, 50.08429]"
66,AWD0001myy,diary,544,4,1916-12-19 00:00:00 UTC,19 Dec 1916,Beaumont Hamel,"[2.65746, 50.08429]","",person,Second Lieutenant  Renton,"{""first""=>[""""], ""surname""=>[""Renton""], ""rank""=>[""Second Lieutenant""], ""number""=>[""""], ""reason""=>[""returned_posted""], ""unit""=>[""""]}",3034157,Beaumont-Hamel,"[2.65746, 50.08429]"
70,AWD0001myy,diary,544,3,1916-12-20 00:00:00 UTC,20 Dec 1916,Beaumont Hamel,"[2.65746, 50.08429]","",diaryDate,20 Dec 1916,"{""day""=>[""20""], ""month""=>[""Dec""], ""year""=>[""1916""]}",3034157,Beaumont-Hamel,"[2.65746, 50.08429]"
71,AWD0001myy,diary,544,4,1916-12-20 00:00:00 UTC,20 Dec 1916,Beaumont Hamel,"[2.65746, 50.08429]","",activity,working,{},3034157,Beaumont-Hamel,"[2.65746, 50.08429]"
72,AWD0001myy,diary,544,4,1916-12-20 00:00:00 UTC,20 Dec 1916,Beaumont Hamel,"[2.65746, 50.08429]","",person,Second Lieutenant  Mitchel,"{""first""=>[""""], ""surname""=>[""Mitchel""], ""rank""=>[""Second Lieutenant""], ""number""=>[""""], ""reason""=>[""joined""], ""unit""=>[""""]}",3034157,Beaumont-Hamel,"[2.65746, 50.08429]"
73,AWD0001myy,diary,544,2,1916-12-20 00:00:00 UTC,20 Dec 1916,Beaumont Hamel,"[2.65746, 50.08429]","",place,Beaumont Hamel,"{""place""=>[""Beaumont Hamel""], ""location""=>[""true""], ""name""=>[""Beaumont-Hamel""], ""lat""=>[""50.08429""], ""long""=>[""2.65746""], ""id""=>[""3034157""]}",3034157,Beaumont-Hamel,"[2.65746, 50.08429]"
3,AWD0001mxg,diary,545,4,1916-12-21 00:00:00 UTC,21 Dec 1916,Beaumont Hamel,"[2.65746, 50.08429]","",diaryDate,21 Dec 1916,"{""day""=>[""21""], ""month""=>[""Dec""], ""year""=>[""1916""]}",3034157,Beaumont-Hamel,"[2.65746, 50.08429]"
4,AWD0001mxg,diary,545,4,1916-12-21 00:00:00 UTC,21 Dec 1916,Beaumont Hamel,"[2.65746, 50.08429]","",activity,working,{},3034157,Beaumont-Hamel,"[2.65746, 50.08429]"
6,AWD0001mxg,diary,545,4,1916-12-21 00:00:00 UTC,21 Dec 1916,Beaumont Hamel,"[2.65746, 50.08429]","",place,Beaumont Hamel,"{""place""=>[""Beaumont Hamel""], ""location""=>[""true""], ""name""=>[""Beaumont-Hamel""], ""lat""=>[""50.08429""], ""long""=>[""2.65746""], ""id""=>[""3034157""]}",3034157,Beaumont-Hamel,"[2.65746, 50.08429]"
7,AWD0001mxg,diary,545,3,1916-12-22 00:00:00 UTC,22 Dec 1916,Beaumont Hamel,"[2.65746, 50.08429]","",diaryDate,22 Dec 1916,"{""day""=>[""22""], ""month""=>[""Dec""], ""year""=>[""1916""]}",3034157,Beaumont-Hamel,"[2.65746, 50.08429]"
8,AWD0001mxg,diary,545,2,1916-12-22 06:30:00 UTC,22 Dec 1916,Beaumont Hamel,"[2.65746, 50.08429]",0630AM,time,0630AM,{},3034157,Beaumont-Hamel,"[2.65746, 50.08429]"
9,AWD0001mxg,diary,545,4,1916-12-22 06:30:00 UTC,22 Dec 1916,Beaumont Hamel,"[2.65746, 50.08429]",0630AM,unit,9th Devons,"{""name""=>[""9th Devons""], ""context""=>[""relieved_by"", ""relieved""]}",3034157,Beaumont-Hamel,"[2.65746, 50.08429]"
10,AWD0001mxg,diary,545,4,1916-12-22 06:30:00 UTC,22 Dec 1916,Beaumont Hamel,"[2.65746, 50.08429]",0630AM,activity,movement,{},3034157,Beaumont-Hamel,"[2.65746, 50.08429]"
11,AWD0001mxg,diary,545,3,1916-12-22 06:30:00 UTC,22 Dec 1916,Beaumont Hamel,"[2.65746, 50.08429]",0630AM,domestic,accomodation,{},3034157,Beaumont-Hamel,"[2.65746, 50.08429]"
12,AWD0001mxg,diary,545,2,1916-12-22 06:30:00 UTC,22 Dec 1916,"MAILLY-MAILLET, Mailly Maillet","[2.60473, 50.08025]",0630AM,place,"MAILLY-MAILLET, Mailly Maillet","{""place""=>[""MAILLY-MAILLET"", ""Mailly Maillet""], ""location""=>[""true""], ""name""=>[""Mailly-Maillet""], ""lat""=>[""50.08025""], ""long""=>[""2.60473""], ""id""=>[""2996685""]}",2996685,Mailly-Maillet,"[2.60473, 50.08025]"
13,AWD0001mxg,diary,545,3,1916-12-22 06:30:00 UTC,22 Dec 1916,"MAILLY-MAILLET, Mailly Maillet","[2.60473, 50.08025]",0630AM,activity,reserve,{},2996685,Mailly-Maillet,"[2.60473, 50.08025]"
15,AWD0001mxg,diary,545,2,1916-12-22 06:30:00 UTC,22 Dec 1916,"MAILLY-MAILLET, Mailly Maillet","[2.60473, 50.08025]",0630AM,unit,Royal Engineers,"{""name""=>[""Royal Engineers""], ""context""=>[""joined""]}",2996685,Mailly-Maillet,"[2.60473, 50.08025]"
16,AWD0001mxg,diary,545,6,1916-12-22 06:30:00 UTC,22 Dec 1916,"MAILLY-MAILLET, Mailly Maillet","[2.60473, 50.08025]",0630AM,activity,working,{},2996685,Mailly-Maillet,"[2.60473, 50.08025]"
17,AWD0001mxg,diary,545,4,1916-12-23 00:00:00 UTC,23 Dec 1916,"MAILLY-MAILLET, Mailly Maillet","[2.60473, 50.08025]","",diaryDate,23 Dec 1916,"{""day""=>[""23""], ""month""=>[""Dec""], ""year""=>[""1916""]}",2996685,Mailly-Maillet,"[2.60473, 50.08025]"
18,AWD0001mxg,diary,545,2,1916-12-23 00:00:00 UTC,23 Dec 1916,"MAILLY-MAILLET, Mailly Maillet","[2.60473, 50.08025]","",activity,movement,{},2996685,Mailly-Maillet,"[2.60473, 50.08025]"
19,AWD0001mxg,diary,545,6,1916-12-23 00:00:00 UTC,23 Dec 1916,Mailly Maillet,"[2.60473, 50.08025]","",place,Mailly Maillet,"{""place""=>[""Mailly Maillet""], ""location""=>[""true""], ""name""=>[""Mailly-Maillet""], ""lat""=>[""50.08025""], ""long""=>[""2.60473""], ""id""=>[""2996685""]}",2996685,Mailly-Maillet,"[2.60473, 50.08025]"
20,AWD0001mxg,diary,545,8,1916-12-23 00:00:00 UTC,23 Dec 1916,Mailly Maillet,"[2.60473, 50.08025]","",domestic,hygiene,{},2996685,Mailly-Maillet,"[2.60473, 50.08025]"
21,AWD0001mxg,diary,545,4,1916-12-24 00:00:00 UTC,24 Dec 1916,Mailly Maillet,"[2.60473, 50.08025]","",diaryDate,24 Dec 1916,"{""day""=>[""24""], ""month""=>[""Dec""], ""year""=>[""1916""]}",2996685,Mailly-Maillet,"[2.60473, 50.08025]"
22,AWD0001mxg,diary,545,3,1916-12-24 00:00:00 UTC,24 Dec 1916,Mailly Maillet,"[2.60473, 50.08025]","",activity,working,{},2996685,Mailly-Maillet,"[2.60473, 50.08025]"
24,AWD0001mxg,diary,545,4,1916-12-25 00:00:00 UTC,25 Dec 1916,Mailly Maillet,"[2.60473, 50.08025]","",diaryDate,25 Dec 1916,"{""day""=>[""25""], ""month""=>[""Dec""], ""year""=>[""1916""]}",2996685,Mailly-Maillet,"[2.60473, 50.08025]"
26,AWD0001mxg,diary,545,2,1916-12-25 00:00:00 UTC,25 Dec 1916,Mailly Maillet,"[2.60473, 50.08025]","",place,Mailly Maillet,"{""place""=>[""Mailly Maillet""], ""location""=>[""true""], ""name""=>[""Mailly-Maillet""], ""lat""=>[""50.08025""], ""long""=>[""2.60473""], ""id""=>[""2996685""]}",2996685,Mailly-Maillet,"[2.60473, 50.08025]"
30,AWD0001mxg,diary,545,4,1916-12-26 00:00:00 UTC,26 Dec 1916,Mailly Maillet,"[2.60473, 50.08025]","",diaryDate,26 Dec 1916,"{""day""=>[""26""], ""month""=>[""Dec""], ""year""=>[""1916""]}",2996685,Mailly-Maillet,"[2.60473, 50.08025]"
31,AWD0001mxg,diary,545,2,1916-12-26 00:00:00 UTC,26 Dec 1916,Mailly Maillet,"[2.60473, 50.08025]","",unit,"1st R.W. Fusiliers, 1st R. W. Fusiliers","{""name""=>[""1st R.W. Fusiliers"", ""1st R. W. Fusiliers""], ""context""=>[""relieved""]}",2996685,Mailly-Maillet,"[2.60473, 50.08025]"
32,AWD0001mxg,diary,545,3,1916-12-26 00:00:00 UTC,26 Dec 1916,Mailly Maillet,"[2.60473, 50.08025]","",activity,line,{},2996685,Mailly-Maillet,"[2.60473, 50.08025]"
37,AWD0001mxg,diary,545,3,1916-12-26 00:00:00 UTC,26 Dec 1916,Beaumont Hamel,"[2.65746, 50.08429]","",place,Beaumont Hamel,"{""place""=>[""Beaumont Hamel""], ""location""=>[""true""], ""name""=>[""Beaumont-Hamel""], ""lat""=>[""50.08429""], ""long""=>[""2.65746""], ""id""=>[""3034157""]}",3034157,Beaumont-Hamel,"[2.65746, 50.08429]"
38,AWD0001mxg,diary,545,4,1916-12-26 00:00:00 UTC,26 Dec 1916,Beaumont Hamel,"[2.65746, 50.08429]","",unit,9th Devons,"{""name""=>[""9th Devons""], ""context""=>[""left""]}",3034157,Beaumont-Hamel,"[2.65746, 50.08429]"
40,AWD0001mxg,diary,545,3,1916-12-26 00:00:00 UTC,26 Dec 1916,Beaumont Hamel,"[2.65746, 50.08429]","",unit,11th Division,"{""name""=>[""11th Division""], ""context""=>[""right""]}",3034157,Beaumont-Hamel,"[2.65746, 50.08429]"
42,AWD0001mxg,diary,545,4,1916-12-27 00:00:00 UTC,27 Dec 1916,Beaumont Hamel,"[2.65746, 50.08429]","",diaryDate,27 Dec 1916,"{""day""=>[""27""], ""month""=>[""Dec""], ""year""=>[""1916""]}",3034157,Beaumont-Hamel,"[2.65746, 50.08429]"
43,AWD0001mxg,diary,545,3,1916-12-27 00:00:00 UTC,27 Dec 1916,Beaumont Hamel,"[2.65746, 50.08429]","",activity,quiet,{},3034157,Beaumont-Hamel,"[2.65746, 50.08429]"
46,AWD0001mxg,diary,545,2,1916-12-27 00:00:00 UTC,27 Dec 1916,Beaumont Hamel,"[2.65746, 50.08429]","",place,Beaumont Hamel,"{""place""=>[""Beaumont Hamel""], ""location""=>[""true""], ""name""=>[""Beaumont-Hamel""], ""lat""=>[""50.08429""], ""long""=>[""2.65746""], ""id""=>[""3034157""]}",3034157,Beaumont-Hamel,"[2.65746, 50.08429]"
47,AWD0001mxg,diary,545,2,1916-12-27 00:00:00 UTC,27 Dec 1916,Beaumont Hamel,"[2.65746, 50.08429]","",activity,attack,{},3034157,Beaumont-Hamel,"[2.65746, 50.08429]"
48,AWD0001mxg,diary,545,2,1916-12-27 00:00:00 UTC,27 Dec 1916,Beaumont Hamel,"[2.65746, 50.08429]","",activity,other,{},3034157,Beaumont-Hamel,"[2.65746, 50.08429]"
49,AWD0001mxg,diary,545,2,1916-12-27 00:00:00 UTC,27 Dec 1916,Beaumont Hamel,"[2.65746, 50.08429]","",activity,enemy_activity,{},3034157,Beaumont-Hamel,"[2.65746, 50.08429]"
51,AWD0001mxg,diary,545,4,1916-12-28 00:00:00 UTC,28 Dec 1916,Beaumont Hamel,"[2.65746, 50.08429]","",diaryDate,28 Dec 1916,"{""day""=>[""28""], ""month""=>[""Dec""], ""year""=>[""1916""]}",3034157,Beaumont-Hamel,"[2.65746, 50.08429]"
52,AWD0001mxg,diary,545,3,1916-12-28 00:00:00 UTC,28 Dec 1916,Beaumont Hamel,"[2.65746, 50.08429]","",activity,attack,{},3034157,Beaumont-Hamel,"[2.65746, 50.08429]"
53,AWD0001mxg,diary,545,2,1916-12-28 00:00:00 UTC,28 Dec 1916,Beaumont Hamel,"[2.65746, 50.08429]","",place,Beaumont Hamel,"{""place""=>[""Beaumont Hamel""], ""location""=>[""true""], ""name""=>[""Beaumont-Hamel""], ""lat""=>[""50.08429""], ""long""=>[""2.65746""], ""id""=>[""3034157""]}",3034157,Beaumont-Hamel,"[2.65746, 50.08429]"
54,AWD0001mxg,diary,545,4,1916-12-28 00:00:00 UTC,28 Dec 1916,Beaumont Hamel,"[2.65746, 50.08429]","",person,Second Lieutenant C D L Caleb,"{""first""=>[""C D L""], ""surname""=>[""Caleb""], ""rank""=>[""Second Lieutenant""], ""number""=>[""""], ""reason""=>[""joined""], ""unit""=>[""""]}",3034157,Beaumont-Hamel,"[2.65746, 50.08429]"
55,AWD0001mxg,diary,545,4,1916-12-28 00:00:00 UTC,28 Dec 1916,Beaumont Hamel,"[2.65746, 50.08429]","",person,Second Lieutenant R Gibbons,"{""first""=>[""R""], ""surname""=>[""Gibbons""], ""rank""=>[""Second Lieutenant""], ""number""=>[""""], ""reason""=>[""joined""], ""unit""=>[""""]}",3034157,Beaumont-Hamel,"[2.65746, 50.08429]"
56,AWD0001mxg,diary,545,5,1916-12-28 00:00:00 UTC,28 Dec 1916,Beaumont Hamel,"[2.65746, 50.08429]","",activity,other,{},3034157,Beaumont-Hamel,"[2.65746, 50.08429]"
57,AWD0001mxg,diary,545,4,1916-12-29 00:00:00 UTC,29 Dec 1916,Beaumont Hamel,"[2.65746, 50.08429]","",diaryDate,29 Dec 1916,"{""day""=>[""29""], ""month""=>[""Dec""], ""year""=>[""1916""]}",3034157,Beaumont-Hamel,"[2.65746, 50.08429]"
62,AWD0001mxg,diary,545,2,1916-12-29 00:00:00 UTC,29 Dec 1916,Beaumont Hamel,"[2.65746, 50.08429]","",place,Beaumont Hamel,"{""place""=>[""Beaumont Hamel""], ""location""=>[""true""], ""name""=>[""Beaumont-Hamel"", """"], ""lat""=>[""50.08429"", """"], ""long""=>[""2.65746"", """"], ""id""=>[""3034157"", """"]}",3034157,Beaumont-Hamel,"[2.65746, 50.08429]"
63,AWD0001mxg,diary,545,3,1916-12-29 00:00:00 UTC,29 Dec 1916,Beaumont Hamel,"[2.65746, 50.08429]","",activity,attack,{},3034157,Beaumont-Hamel,"[2.65746, 50.08429]"
64,AWD0001mxg,diary,545,2,1916-12-29 00:00:00 UTC,29 Dec 1916,Beaumont Hamel,"[2.65746, 50.08429]","",activity,enemy_activity,{},3034157,Beaumont-Hamel,"[2.65746, 50.08429]"
66,AWD0001mxg,diary,545,4,1916-12-29 00:00:00 UTC,29 Dec 1916,Beaumont Hamel,"[2.65746, 50.08429]","",casualties,wounded: 1,{},3034157,Beaumont-Hamel,"[2.65746, 50.08429]"
68,AWD0001mxg,diary,545,3,1916-12-29 00:00:00 UTC,29 Dec 1916,Beaumont Hamel,"[2.65746, 50.08429]","",activity,other,{},3034157,Beaumont-Hamel,"[2.65746, 50.08429]"
1,AWD0001n0q,diary,546,5,1916-12-30 00:00:00 UTC,30 Dec 1916,Beaumont Hamel,"[2.65746, 50.08429]","",diaryDate,30 Dec 1916,"{""day""=>[""30""], ""month""=>[""Dec""], ""year""=>[""1916""]}",3034157,Beaumont-Hamel,"[2.65746, 50.08429]"
2,AWD0001n0q,diary,546,5,1916-12-30 00:00:00 UTC,30 Dec 1916,Beaumont Hamel,"[2.65746, 50.08429]","",weather,rain,{},3034157,Beaumont-Hamel,"[2.65746, 50.08429]"
3,AWD0001n0q,diary,546,4,1916-12-30 00:00:00 UTC,30 Dec 1916,Beaumont Hamel,"[2.65746, 50.08429]","",place,Beaumont Hamel,"{""place""=>[""Beaumont Hamel""], ""location""=>[""true""], ""name""=>[""Beaumont-Hamel""], ""lat""=>[""50.08429""], ""long""=>[""2.65746""], ""id""=>[""3034157""]}",3034157,Beaumont-Hamel,"[2.65746, 50.08429]"
6,AWD0001n0q,diary,546,2,1916-12-30 00:00:00 UTC,30 Dec 1916,Beaumont Hamel,"[2.65746, 50.08429]","",domestic,medical,{},3034157,Beaumont-Hamel,"[2.65746, 50.08429]"
7,AWD0001n0q,diary,546,4,1916-12-30 00:00:00 UTC,30 Dec 1916,Beaumont Hamel,"[2.65746, 50.08429]","",activity,other,{},3034157,Beaumont-Hamel,"[2.65746, 50.08429]"
8,AWD0001n0q,diary,546,5,1916-12-31 00:00:00 UTC,31 Dec 1916,Beaumont Hamel,"[2.65746, 50.08429]","",diaryDate,31 Dec 1916,"{""day""=>[""31""], ""month""=>[""Dec""], ""year""=>[""1916""]}",3034157,Beaumont-Hamel,"[2.65746, 50.08429]"
9,AWD0001n0q,diary,546,2,1916-12-31 00:00:00 UTC,31 Dec 1916,Beaumont Hamel,"[2.65746, 50.08429]","",unit,2nd Gordon Highlanders,"{""name""=>[""2nd Gordon Highlanders""], ""context""=>[""relieved_by""]}",3034157,Beaumont-Hamel,"[2.65746, 50.08429]"
12,AWD0001n0q,diary,546,4,1916-12-31 00:00:00 UTC,31 Dec 1916,Beaumont Hamel,"[2.65746, 50.08429]","",activity,quiet,{},3034157,Beaumont-Hamel,"[2.65746, 50.08429]"
13,AWD0001n0q,diary,546,3,1916-12-31 00:00:00 UTC,31 Dec 1916,Beaumont Hamel,"[2.65746, 50.08429]","",activity,movement,{},3034157,Beaumont-Hamel,"[2.65746, 50.08429]"
14,AWD0001n0q,diary,546,2,1916-12-31 20:00:00 UTC,31 Dec 1916,Beaumont Hamel,"[2.65746, 50.08429]",0800PM,time,0800PM,{},3034157,Beaumont-Hamel,"[2.65746, 50.08429]"
15,AWD0001n0q,diary,546,2,1916-12-31 20:00:00 UTC,31 Dec 1916,Beaumont Hamel,"[2.65746, 50.08429]",0800PM,place,Beaumont Hamel,"{""place""=>[""Beaumont Hamel""], ""location""=>[""true""], ""name""=>[""Beaumont-Hamel""], ""lat""=>[""50.08429""], ""long""=>[""2.65746""], ""id""=>[""3034157""]}",3034157,Beaumont-Hamel,"[2.65746, 50.08429]"
16,AWD0001n0q,diary,546,2,1916-12-31 20:00:00 UTC,31 Dec 1916,Beaumont Hamel,"[2.65746, 50.08429]",0800PM,domestic,accomodation,{},3034157,Beaumont-Hamel,"[2.65746, 50.08429]"
17,AWD0001n0q,diary,546,4,1916-12-31 20:00:00 UTC,31 Dec 1916,Beaumont Hamel,"[2.65746, 50.08429]",0800PM,activity,support,{},3034157,Beaumont-Hamel,"[2.65746, 50.08429]"
19,AWD0001n0q,diary,546,5,1916-12-31 20:00:00 UTC,31 Dec 1916,Beaumont Hamel,"[2.65746, 50.08429]",0800PM,strength,"officer: 34, other: 769",{},3034157,Beaumont-Hamel,"[2.65746, 50.08429]"
20,AWD0001n0q,diary,546,3,1916-12-31 20:00:00 UTC,31 Dec 1916,Beaumont Hamel,"[2.65746, 50.08429]",0800PM,casualties,"killed: 3, wounded: 23, sick: 56",{},3034157,Beaumont-Hamel,"[2.65746, 50.08429]"
23,AWD0001n0q,diary,546,2,1916-12-31 20:00:00 UTC,31 Dec 1916,Beaumont Hamel,"[2.65746, 50.08429]",0800PM,person,"Second Lieutenant R C,A C Lawsun, Lawson","{""first""=>[""R C"", ""A C""], ""surname""=>[""Lawsun"", ""Lawson""], ""rank""=>[""Second Lieutenant""], ""number""=>[""""], ""reason""=>[""other"", ""author""], ""unit""=>[""A/Adj"", """"]}",3034157,Beaumont-Hamel,"[2.65746, 50.08429]"
1,AWD0001mwp,diary,548,5,1917-01-01 00:00:00 UTC,1 Jan 1917,Beaumont Hamel,"[2.65746, 50.08429]","",diaryDate,1 Jan 1917,"{""day""=>[""1""], ""month""=>[""Jan""], ""year""=>[""1917""]}",3034157,Beaumont-Hamel,"[2.65746, 50.08429]"
3,AWD0001mwp,diary,548,4,1917-01-01 00:00:00 UTC,1 Jan 1917,Beaumont Hamel,"[2.65746, 50.08429]","",activity,resting,{},3034157,Beaumont-Hamel,"[2.65746, 50.08429]"
4,AWD0001mwp,diary,548,3,1917-01-01 00:00:00 UTC,1 Jan 1917,Beaumont Hamel,"[2.65746, 50.08429]","",person,"Second Lieutenant I F C Marshall, MARSHALL, Marsgale","{""first""=>[""I F C""], ""surname""=>[""Marshall"", ""MARSHALL"", ""Marsgale""], ""rank""=>[""Second Lieutenant""], ""number""=>[""""], ""reason""=>[""joined""], ""unit""=>[""""]}",3034157,Beaumont-Hamel,"[2.65746, 50.08429]"
5,AWD0001mwp,diary,548,5,1917-01-01 00:00:00 UTC,1 Jan 1917,Beaumont Hamel,"[2.65746, 50.08429]","",activity,working,{},3034157,Beaumont-Hamel,"[2.65746, 50.08429]"
6,AWD0001mwp,diary,548,3,1917-01-01 00:00:00 UTC,1 Jan 1917,Beaumont Hamel,"[2.65746, 50.08429]","",place,Beaumont Hamel,"{""place""=>[""Beaumont Hamel""], ""location""=>[""true""], ""name""=>[""Beaumont-Hamel""], ""lat""=>[""50.08429""], ""long""=>[""2.65746""], ""id""=>[""3034157""]}",3034157,Beaumont-Hamel,"[2.65746, 50.08429]"
7,AWD0001mwp,diary,548,5,1917-01-02 00:00:00 UTC,2 Jan 1917,Beaumont Hamel,"[2.65746, 50.08429]","",diaryDate,2 Jan 1917,"{""day""=>[""2""], ""month""=>[""Jan""], ""year""=>[""1917""]}",3034157,Beaumont-Hamel,"[2.65746, 50.08429]"
8,AWD0001mwp,diary,548,3,1917-01-02 00:00:00 UTC,2 Jan 1917,Beaumont Hamel,"[2.65746, 50.08429]","",activity,repair,{},3034157,Beaumont-Hamel,"[2.65746, 50.08429]"
9,AWD0001mwp,diary,548,5,1917-01-02 00:00:00 UTC,2 Jan 1917,Beaumont Hamel,"[2.65746, 50.08429]","",activity,working,{},3034157,Beaumont-Hamel,"[2.65746, 50.08429]"
10,AWD0001mwp,diary,548,5,1917-01-02 00:00:00 UTC,2 Jan 1917,Beaumont Hamel,"[2.65746, 50.08429]","",person,Second Lieutenant V B Armstrong,"{""first""=>[""V B""], ""surname""=>[""Armstrong""], ""rank""=>[""Second Lieutenant""], ""number""=>[""""], ""reason""=>[""joined""], ""unit""=>[""""]}",3034157,Beaumont-Hamel,"[2.65746, 50.08429]"
11,AWD0001mwp,diary,548,5,1917-01-03 00:00:00 UTC,3 Jan 1917,Beaumont Hamel,"[2.65746, 50.08429]","",diaryDate,3 Jan 1917,"{""day""=>[""3""], ""month""=>[""Jan""], ""year""=>[""1917""]}",3034157,Beaumont-Hamel,"[2.65746, 50.08429]"
12,AWD0001mwp,diary,548,5,1917-01-03 00:00:00 UTC,3 Jan 1917,Beaumont Hamel,"[2.65746, 50.08429]","",person,Captain C Frood,"{""first""=>[""C""], ""surname""=>[""Frood""], ""rank""=>[""Captain""], ""number""=>[""""], ""reason""=>[""joined""], ""unit""=>[""""]}",3034157,Beaumont-Hamel,"[2.65746, 50.08429]"
15,AWD0001mwp,diary,548,4,1917-01-03 00:00:00 UTC,3 Jan 1917,Beaumont Hamel,"[2.65746, 50.08429]","",place,Beaumont Hamel,"{""place""=>[""Beaumont Hamel""], ""location""=>[""true""], ""name""=>[""Beaumont-Hamel""], ""lat""=>[""50.08429""], ""long""=>[""2.65746""], ""id""=>[""3034157""]}",3034157,Beaumont-Hamel,"[2.65746, 50.08429]"
16,AWD0001mwp,diary,548,5,1917-01-03 00:00:00 UTC,3 Jan 1917,Beaumont Hamel,"[2.65746, 50.08429]","",activity,working,{},3034157,Beaumont-Hamel,"[2.65746, 50.08429]"
17,AWD0001mwp,diary,548,3,1917-01-04 00:00:00 UTC,4 Jan 1917,Beaumont Hamel,"[2.65746, 50.08429]","",diaryDate,4 Jan 1917,"{""day""=>[""4""], ""month""=>[""Jan""], ""year""=>[""1917""]}",3034157,Beaumont-Hamel,"[2.65746, 50.08429]"
20,AWD0001mwp,diary,548,4,1917-01-04 00:00:00 UTC,4 Jan 1917,Beaumont Hamel,"[2.65746, 50.08429]","",person,Second Lieutenant K C W Lacey,"{""first""=>[""K C W""], ""surname""=>[""Lacey""], ""rank""=>[""Second Lieutenant""], ""number""=>[""""], ""reason""=>[""joined""], ""unit""=>[""""]}",3034157,Beaumont-Hamel,"[2.65746, 50.08429]"
21,AWD0001mwp,diary,548,5,1917-01-04 00:00:00 UTC,4 Jan 1917,Beaumont Hamel,"[2.65746, 50.08429]","",person,Second Lieutenant N M Pizey,"{""first""=>[""N M""], ""surname""=>[""Pizey""], ""rank""=>[""Second Lieutenant""], ""number""=>[""""], ""reason""=>[""joined""], ""unit""=>[""""]}",3034157,Beaumont-Hamel,"[2.65746, 50.08429]"
22,AWD0001mwp,diary,548,5,1917-01-05 00:00:00 UTC,5 Jan 1917,Beaumont Hamel,"[2.65746, 50.08429]","",diaryDate,5 Jan 1917,"{""day""=>[""5""], ""month""=>[""Jan""], ""year""=>[""1917""]}",3034157,Beaumont-Hamel,"[2.65746, 50.08429]"
23,AWD0001mwp,diary,548,2,1917-01-05 00:00:00 UTC,5 Jan 1917,Beaumont Hamel,"[2.65746, 50.08429]","",unit,"2nd Battn R. Warwickshire Regt, 2nd Btn R, Warwickshires Regt","{""name""=>[""2nd Battn R. Warwickshire Regt"", ""2nd Btn R, Warwickshires Regt""], ""context""=>[""relieved_by""]}",3034157,Beaumont-Hamel,"[2.65746, 50.08429]"
26,AWD0001mwp,diary,548,2,1917-01-05 00:00:00 UTC,5 Jan 1917,Beaumont Hamel,"[2.65746, 50.08429]","",place,Beaumont Hamel,"{""place""=>[""Beaumont Hamel""], ""location""=>[""true""], ""name""=>[""Beaumont-Hamel""], ""lat""=>[""50.08429""], ""long""=>[""2.65746""], ""id""=>[""3034157""]}",3034157,Beaumont-Hamel,"[2.65746, 50.08429]"
27,AWD0001mwp,diary,548,3,1917-01-05 00:00:00 UTC,5 Jan 1917,Beaumont Hamel,"[2.65746, 50.08429]","",activity,movement,{},3034157,Beaumont-Hamel,"[2.65746, 50.08429]"
28,AWD0001mwp,diary,548,2,1917-01-05 14:15:00 UTC,5 Jan 1917,Beaumont Hamel,"[2.65746, 50.08429]",0215PM,time,0215PM,{},3034157,Beaumont-Hamel,"[2.65746, 50.08429]"
30,AWD0001mwp,diary,548,3,1917-01-05 14:15:00 UTC,5 Jan 1917,Beaumont Hamel,"[2.65746, 50.08429]",0215PM,domestic,accomodation,{},3034157,Beaumont-Hamel,"[2.65746, 50.08429]"
31,AWD0001mwp,diary,548,2,1917-01-05 19:00:00 UTC,5 Jan 1917,Beaumont Hamel,"[2.65746, 50.08429]",0700PM,time,0700PM,{},3034157,Beaumont-Hamel,"[2.65746, 50.08429]"
33,AWD0001mwp,diary,548,5,1917-01-05 19:00:00 UTC,5 Jan 1917,Louvencourt,"[2.49982, 50.09333]",0700PM,place,Louvencourt,"{""place""=>[""Louvencourt""], ""location""=>[""true""], ""name""=>[""Louvencourt""], ""lat""=>[""50.09333""], ""long""=>[""2.49982""], ""id""=>[""2997349""]}",2997349,Louvencourt,"[2.49982, 50.09333]"
34,AWD0001mwp,diary,548,4,1917-01-06 00:00:00 UTC,6 Jan 1917,Louvencourt,"[2.49982, 50.09333]","",diaryDate,6 Jan 1917,"{""day""=>[""6""], ""month""=>[""Jan""], ""year""=>[""1917""]}",2997349,Louvencourt,"[2.49982, 50.09333]"
35,AWD0001mwp,diary,548,4,1917-01-06 00:00:00 UTC,6 Jan 1917,Louvencourt,"[2.49982, 50.09333]","",domestic,inspections,{},2997349,Louvencourt,"[2.49982, 50.09333]"
36,AWD0001mwp,diary,548,2,1917-01-06 00:00:00 UTC,6 Jan 1917,Louvencourt,"[2.49982, 50.09333]","",place,Louvencourt,"{""place""=>[""Louvencourt""], ""location""=>[""true""], ""name""=>[""Louvencourt""], ""lat""=>[""50.09333""], ""long""=>[""2.49982""], ""id""=>[""2997349""]}",2997349,Louvencourt,"[2.49982, 50.09333]"
39,AWD0001mwp,diary,548,3,1917-01-06 00:00:00 UTC,6 Jan 1917,Louvencourt,"[2.49982, 50.09333]","",activity,resting,{},2997349,Louvencourt,"[2.49982, 50.09333]"
40,AWD0001mwp,diary,548,2,1917-01-06 00:00:00 UTC,6 Jan 1917,Louvencourt,"[2.49982, 50.09333]","",domestic,hygiene,{},2997349,Louvencourt,"[2.49982, 50.09333]"
42,AWD0001mwp,diary,548,6,1917-01-07 00:00:00 UTC,7 Jan 1917,Louvencourt,"[2.49982, 50.09333]","",diaryDate,7 Jan 1917,"{""day""=>[""7""], ""month""=>[""Jan""], ""year""=>[""1917""]}",2997349,Louvencourt,"[2.49982, 50.09333]"
44,AWD0001mwp,diary,548,4,1917-01-07 00:00:00 UTC,7 Jan 1917,Louvencourt,"[2.49982, 50.09333]","",domestic,religion,{},2997349,Louvencourt,"[2.49982, 50.09333]"
45,AWD0001mwp,diary,548,2,1917-01-07 18:00:00 UTC,7 Jan 1917,Louvencourt,"[2.49982, 50.09333]",0600PM,time,0600PM,{},2997349,Louvencourt,"[2.49982, 50.09333]"
47,AWD0001mwp,diary,548,2,1917-01-07 18:00:00 UTC,7 Jan 1917,Louvencourt,"[2.49982, 50.09333]",0600PM,place,Louvencourt,"{""place""=>[""Louvencourt""], ""location""=>[""true""], ""name""=>[""Louvencourt""], ""lat""=>[""50.09333""], ""long""=>[""2.49982""], ""id""=>[""2997349""]}",2997349,Louvencourt,"[2.49982, 50.09333]"
51,AWD0001mwp,diary,548,5,1917-01-08 00:00:00 UTC,8 Jan 1917,Louvencourt,"[2.49982, 50.09333]","",diaryDate,8 Jan 1917,"{""day""=>[""8""], ""month""=>[""Jan""], ""year""=>[""1917""]}",2997349,Louvencourt,"[2.49982, 50.09333]"
52,AWD0001mwp,diary,548,5,1917-01-08 00:00:00 UTC,8 Jan 1917,Louvencourt,"[2.49982, 50.09333]","",activity,training,{},2997349,Louvencourt,"[2.49982, 50.09333]"
53,AWD0001mwp,diary,548,2,1917-01-08 00:00:00 UTC,8 Jan 1917,Louvencourt,"[2.49982, 50.09333]","",place,Louvencourt,"{""place""=>[""Louvencourt""], ""location""=>[""true""], ""name""=>[""Louvencourt""], ""lat""=>[""50.09333""], ""long""=>[""2.49982""], ""id""=>[""2997349""]}",2997349,Louvencourt,"[2.49982, 50.09333]"
55,AWD0001mwp,diary,548,7,1917-01-08 00:00:00 UTC,8 Jan 1917,Louvencourt,"[2.49982, 50.09333]","",activity,training,{},2997349,Louvencourt,"[2.49982, 50.09333]"
56,AWD0001mwp,diary,548,2,1917-01-08 00:00:00 UTC,8 Jan 1917,Louvencourt,"[2.49982, 50.09333]","",domestic,hygiene,{},2997349,Louvencourt,"[2.49982, 50.09333]"
58,AWD0001mwp,diary,548,3,1917-01-08 00:00:00 UTC,8 Jan 1917,Louvencourt,"[2.49982, 50.09333]","",activity,working,{},2997349,Louvencourt,"[2.49982, 50.09333]"
59,AWD0001mwp,diary,548,5,1917-01-09 00:00:00 UTC,9 Jan 1917,Louvencourt,"[2.49982, 50.09333]","",diaryDate,9 Jan 1917,"{""day""=>[""9""], ""month""=>[""Jan""], ""year""=>[""1917""]}",2997349,Louvencourt,"[2.49982, 50.09333]"
60,AWD0001mwp,diary,548,4,1917-01-09 00:00:00 UTC,9 Jan 1917,Louvencourt,"[2.49982, 50.09333]","",activity,training,{},2997349,Louvencourt,"[2.49982, 50.09333]"
61,AWD0001mwp,diary,548,4,1917-01-09 00:00:00 UTC,9 Jan 1917,Louvencourt,"[2.49982, 50.09333]","",domestic,hygiene,{},2997349,Louvencourt,"[2.49982, 50.09333]"
63,AWD0001mwp,diary,548,2,1917-01-09 00:00:00 UTC,9 Jan 1917,Louvencourt,"[2.49982, 50.09333]","",place,Louvencourt,"{""place""=>[""Louvencourt""], ""location""=>[""true""], ""name""=>[""Louvencourt""], ""lat""=>[""50.09333""], ""long""=>[""2.49982""], ""id""=>[""2997349""]}",2997349,Louvencourt,"[2.49982, 50.09333]"
64,AWD0001mwp,diary,548,4,1917-01-09 00:00:00 UTC,9 Jan 1917,Louvencourt,"[2.49982, 50.09333]","",person,Second Lieutenant L C W Harding,"{""first""=>[""L C W""], ""surname""=>[""Harding""], ""rank""=>[""Second Lieutenant""], ""number""=>[""""], ""reason""=>[""joined""], ""unit""=>[""""]}",2997349,Louvencourt,"[2.49982, 50.09333]"
1,AWD0001n27,diary,549,5,1917-01-10 00:00:00 UTC,10 Jan 1917,Louvencourt,"[2.49982, 50.09333]","",diaryDate,10 Jan 1917,"{""day""=>[""10""], ""month""=>[""Jan""], ""year""=>[""1917""]}",2997349,Louvencourt,"[2.49982, 50.09333]"
2,AWD0001n27,diary,549,6,1917-01-10 00:00:00 UTC,10 Jan 1917,Louvencourt,"[2.49982, 50.09333]","",place,Louvencourt,"{""place""=>[""Louvencourt""], ""location""=>[""true""], ""name""=>[""Louvencourt""], ""lat""=>[""50.09333""], ""long""=>[""2.49982""], ""id""=>[""2997349""]}",2997349,Louvencourt,"[2.49982, 50.09333]"
3,AWD0001n27,diary,549,4,1917-01-10 00:00:00 UTC,10 Jan 1917,Louvencourt,"[2.49982, 50.09333]","",activity,training,{},2997349,Louvencourt,"[2.49982, 50.09333]"
4,AWD0001n27,diary,549,2,1917-01-10 00:00:00 UTC,10 Jan 1917,Louvencourt,"[2.49982, 50.09333]","",activity,repair,{},2997349,Louvencourt,"[2.49982, 50.09333]"
5,AWD0001n27,diary,549,3,1917-01-10 00:00:00 UTC,10 Jan 1917,Louvencourt,"[2.49982, 50.09333]","",activity,working,{},2997349,Louvencourt,"[2.49982, 50.09333]"
6,AWD0001n27,diary,549,2,1917-01-10 00:00:00 UTC,10 Jan 1917,Louvencourt,"[2.49982, 50.09333]","",domestic,sport,{},2997349,Louvencourt,"[2.49982, 50.09333]"
8,AWD0001n27,diary,549,5,1917-01-10 00:00:00 UTC,10 Jan 1917,Louvencourt,"[2.49982, 50.09333]","",activity,training,{},2997349,Louvencourt,"[2.49982, 50.09333]"
9,AWD0001n27,diary,549,6,1917-01-11 00:00:00 UTC,11 Jan 1917,Louvencourt,"[2.49982, 50.09333]","",diaryDate,11 Jan 1917,"{""day""=>[""11""], ""month""=>[""Jan""], ""year""=>[""1917""]}",2997349,Louvencourt,"[2.49982, 50.09333]"
10,AWD0001n27,diary,549,3,1917-01-11 00:00:00 UTC,11 Jan 1917,Louvencourt,"[2.49982, 50.09333]","",place,Louvencourt,"{""place""=>[""Louvencourt""], ""location""=>[""true""], ""name""=>[""Louvencourt""], ""lat""=>[""50.09333""], ""long""=>[""2.49982""], ""id""=>[""2997349""]}",2997349,Louvencourt,"[2.49982, 50.09333]"
11,AWD0001n27,diary,549,7,1917-01-11 00:00:00 UTC,11 Jan 1917,Louvencourt,"[2.49982, 50.09333]","",activity,training,{},2997349,Louvencourt,"[2.49982, 50.09333]"
12,AWD0001n27,diary,549,2,1917-01-12 00:00:00 UTC,12 Jan 1917,Louvencourt,"[2.49982, 50.09333]","",diaryDate,12 Jan 1917,"{""day""=>[""12""], ""month""=>[""Jan""], ""year""=>[""1917""]}",2997349,Louvencourt,"[2.49982, 50.09333]"
13,AWD0001n27,diary,549,6,1917-01-12 00:00:00 UTC,12 Jan 1917,Louvencourt,"[2.49982, 50.09333]","",activity,training,{},2997349,Louvencourt,"[2.49982, 50.09333]"
14,AWD0001n27,diary,549,3,1917-01-12 00:00:00 UTC,12 Jan 1917,Louvencourt,"[2.49982, 50.09333]","",diaryDate,12 Jan 1917,"{""day""=>[""12""], ""month""=>[""Jan""], ""year""=>[""1917""]}",2997349,Louvencourt,"[2.49982, 50.09333]"
16,AWD0001n27,diary,549,3,1917-01-12 00:00:00 UTC,12 Jan 1917,Louvencourt,"[2.49982, 50.09333]","",place,Louvencourt,"{""place""=>[""Louvencourt""], ""location""=>[""true""], ""name""=>[""Louvencourt""], ""lat""=>[""50.09333""], ""long""=>[""2.49982""], ""id""=>[""2997349""]}",2997349,Louvencourt,"[2.49982, 50.09333]"
17,AWD0001n27,diary,549,3,1917-01-12 00:00:00 UTC,12 Jan 1917,Louvencourt,"[2.49982, 50.09333]","",activity,working,{},2997349,Louvencourt,"[2.49982, 50.09333]"
18,AWD0001n27,diary,549,3,1917-01-12 00:00:00 UTC,12 Jan 1917,Louvencourt,"[2.49982, 50.09333]","",activity,training,{},2997349,Louvencourt,"[2.49982, 50.09333]"
21,AWD0001n27,diary,549,4,1917-01-13 00:00:00 UTC,13 Jan 1917,Louvencourt,"[2.49982, 50.09333]","",diaryDate,13 Jan 1917,"{""day""=>[""13""], ""month""=>[""Jan""], ""year""=>[""1917""]}",2997349,Louvencourt,"[2.49982, 50.09333]"
24,AWD0001n27,diary,549,4,1917-01-13 00:00:00 UTC,13 Jan 1917,Louvencourt,"[2.49982, 50.09333]","",domestic,inspections,{},2997349,Louvencourt,"[2.49982, 50.09333]"
25,AWD0001n27,diary,549,2,1917-01-13 00:00:00 UTC,13 Jan 1917,Louvencourt,"[2.49982, 50.09333]","",place,Louvencourt,"{""place""=>[""Louvencourt""], ""location""=>[""true""], ""name""=>[""Louvencourt""], ""lat""=>[""50.09333""], ""long""=>[""2.49982""], ""id""=>[""2997349""]}",2997349,Louvencourt,"[2.49982, 50.09333]"
26,AWD0001n27,diary,549,5,1917-01-13 00:00:00 UTC,13 Jan 1917,Louvencourt,"[2.49982, 50.09333]","",person,Second Lieutenant  Fenwick,"{""first""=>[""""], ""surname""=>[""Fenwick""], ""rank""=>[""Second Lieutenant""], ""number""=>[""""], ""reason""=>[""returned_hospital""], ""unit""=>[""""]}",2997349,Louvencourt,"[2.49982, 50.09333]"
27,AWD0001n27,diary,549,2,1917-01-13 00:00:00 UTC,13 Jan 1917,Louvencourt,"[2.49982, 50.09333]","",activity,working,{},2997349,Louvencourt,"[2.49982, 50.09333]"
29,AWD0001n27,diary,549,5,1917-01-14 00:00:00 UTC,14 Jan 1917,Louvencourt,"[2.49982, 50.09333]","",diaryDate,14 Jan 1917,"{""day""=>[""14""], ""month""=>[""Jan""], ""year""=>[""1917""]}",2997349,Louvencourt,"[2.49982, 50.09333]"
31,AWD0001n27,diary,549,5,1917-01-14 00:00:00 UTC,14 Jan 1917,Louvencourt,"[2.49982, 50.09333]","",domestic,religion,{},2997349,Louvencourt,"[2.49982, 50.09333]"
32,AWD0001n27,diary,549,3,1917-01-14 00:00:00 UTC,14 Jan 1917,Louvencourt,"[2.49982, 50.09333]","",activity,working,{},2997349,Louvencourt,"[2.49982, 50.09333]"
33,AWD0001n27,diary,549,3,1917-01-14 00:00:00 UTC,14 Jan 1917,Louvencourt,"[2.49982, 50.09333]","",place,Louvencourt,"{""place""=>[""Louvencourt""], ""location""=>[""true""], ""name""=>[""Louvencourt""], ""lat""=>[""50.09333""], ""long""=>[""2.49982""], ""id""=>[""2997349""]}",2997349,Louvencourt,"[2.49982, 50.09333]"
35,AWD0001n27,diary,549,2,1917-01-14 11:00:00 UTC,14 Jan 1917,Louvencourt,"[2.49982, 50.09333]",1100AM,time,1100AM,{},2997349,Louvencourt,"[2.49982, 50.09333]"
38,AWD0001n27,diary,549,4,1917-01-15 00:00:00 UTC,15 Jan 1917,Louvencourt,"[2.49982, 50.09333]","",diaryDate,15 Jan 1917,"{""day""=>[""15""], ""month""=>[""Jan""], ""year""=>[""1917""]}",2997349,Louvencourt,"[2.49982, 50.09333]"
39,AWD0001n27,diary,549,5,1917-01-15 00:00:00 UTC,15 Jan 1917,Louvencourt,"[2.49982, 50.09333]","",activity,movement,{},2997349,Louvencourt,"[2.49982, 50.09333]"
40,AWD0001n27,diary,549,2,1917-01-15 00:00:00 UTC,15 Jan 1917,Louvencourt,"[2.49982, 50.09333]","",place,Louvencourt,"{""place""=>[""Louvencourt""], ""location""=>[""false""], ""name""=>[""Louvencourt""], ""lat""=>[""50.09333""], ""long""=>[""2.49982""], ""id""=>[""2997349""]}",2997349,Louvencourt,"[2.49982, 50.09333]"
42,AWD0001n27,diary,549,2,1917-01-15 00:00:00 UTC,15 Jan 1917,"BEAUMONT-HAMEL, Beaumont Hamel","[2.65746, 50.08429]","",place,"BEAUMONT-HAMEL, Beaumont Hamel","{""place""=>[""BEAUMONT-HAMEL"", ""Beaumont Hamel""], ""location""=>[""true""], ""name""=>[""Beaumont-Hamel""], ""lat""=>[""50.08429""], ""long""=>[""2.65746""], ""id""=>[""3034157""]}",3034157,Beaumont-Hamel,"[2.65746, 50.08429]"
44,AWD0001n27,diary,549,4,1917-01-15 00:00:00 UTC,15 Jan 1917,Beaumont Hamel,"[2.65746, 50.08429]","",place,Beaumont Hamel,"{""place""=>[""Beaumont Hamel""], ""location""=>[""true""], ""name""=>[""Beaumont-Hamel""], ""lat""=>[""50.08429""], ""long""=>[""2.65746""], ""id""=>[""3034157""]}",3034157,Beaumont-Hamel,"[2.65746, 50.08429]"
45,AWD0001n27,diary,549,4,1917-01-15 00:00:00 UTC,15 Jan 1917,Beaumont Hamel,"[2.65746, 50.08429]","",unit,"2 HAC, 2/  HAC, 2/13 MAC, 2nd H. H. C.","{""name""=>[""2 HAC"", ""2/  HAC"", ""2/13 MAC"", ""2nd H. H. C.""], ""context""=>[""relieved""]}",3034157,Beaumont-Hamel,"[2.65746, 50.08429]"
47,AWD0001n27,diary,549,2,1917-01-15 19:30:00 UTC,15 Jan 1917,Beaumont Hamel,"[2.65746, 50.08429]",0730PM,time,0730PM,{},3034157,Beaumont-Hamel,"[2.65746, 50.08429]"
48,AWD0001n27,diary,549,5,1917-01-15 19:30:00 UTC,15 Jan 1917,Beaumont Hamel,"[2.65746, 50.08429]",0730PM,unit,11th Div,"{""name""=>[""11th Div""], ""context""=>[""right""]}",3034157,Beaumont-Hamel,"[2.65746, 50.08429]"
51,AWD0001n27,diary,549,2,1917-01-15 19:30:00 UTC,15 Jan 1917,Beaumont Hamel,"[2.65746, 50.08429]",0730PM,unit,11th Division,"{""name""=>[""11th Division""], ""context""=>[""right""]}",3034157,Beaumont-Hamel,"[2.65746, 50.08429]"
54,AWD0001n27,diary,549,5,1917-01-16 00:00:00 UTC,16 Jan 1917,Beaumont Hamel,"[2.65746, 50.08429]","",diaryDate,16 Jan 1917,"{""day""=>[""16""], ""month""=>[""Jan""], ""year""=>[""1917""]}",3034157,Beaumont-Hamel,"[2.65746, 50.08429]"
55,AWD0001n27,diary,549,3,1917-01-16 00:00:00 UTC,16 Jan 1917,Beaumont Hamel,"[2.65746, 50.08429]","",activity,quiet,{},3034157,Beaumont-Hamel,"[2.65746, 50.08429]"
57,AWD0001n27,diary,549,3,1917-01-16 00:00:00 UTC,16 Jan 1917,Beaumont Hamel,"[2.65746, 50.08429]","",place,Beaumont Hamel,"{""place""=>[""Beaumont Hamel""], ""location""=>[""true""], ""name""=>[""Beaumont-Hamel""], ""lat""=>[""50.08429""], ""long""=>[""2.65746""], ""id""=>[""3034157""]}",3034157,Beaumont-Hamel,"[2.65746, 50.08429]"
58,AWD0001n27,diary,549,3,1917-01-16 00:00:00 UTC,16 Jan 1917,Beaumont Hamel,"[2.65746, 50.08429]","",activity,reconnoitered,{},3034157,Beaumont-Hamel,"[2.65746, 50.08429]"
60,AWD0001n27,diary,549,5,1917-01-17 00:00:00 UTC,17 Jan 1917,Beaumont Hamel,"[2.65746, 50.08429]","",diaryDate,17 Jan 1917,"{""day""=>[""17""], ""month""=>[""Jan""], ""year""=>[""1917""]}",3034157,Beaumont-Hamel,"[2.65746, 50.08429]"
62,AWD0001n27,diary,549,3,1917-01-17 00:00:00 UTC,17 Jan 1917,Beaumont Hamel,"[2.65746, 50.08429]","",activity,fire,{},3034157,Beaumont-Hamel,"[2.65746, 50.08429]"
65,AWD0001n27,diary,549,5,1917-01-17 00:00:00 UTC,17 Jan 1917,Beaumont Hamel,"[2.65746, 50.08429]","",casualties,"killed: 1, wounded: 2",{},3034157,Beaumont-Hamel,"[2.65746, 50.08429]"
66,AWD0001n27,diary,549,3,1917-01-17 00:00:00 UTC,17 Jan 1917,Beaumont Hamel,"[2.65746, 50.08429]","",place,Beaumont Hamel,"{""place""=>[""Beaumont Hamel""], ""location""=>[""true""], ""name""=>[""Beaumont-Hamel""], ""lat""=>[""50.08429""], ""long""=>[""2.65746""], ""id""=>[""3034157""]}",3034157,Beaumont-Hamel,"[2.65746, 50.08429]"
68,AWD0001n27,diary,549,5,1917-01-17 00:00:00 UTC,17 Jan 1917,Beaumont Hamel,"[2.65746, 50.08429]","",activity,reconnoitered,{},3034157,Beaumont-Hamel,"[2.65746, 50.08429]"
69,AWD0001n27,diary,549,3,1917-01-17 00:00:00 UTC,17 Jan 1917,Beaumont Hamel,"[2.65746, 50.08429]","",activity,fire,{},3034157,Beaumont-Hamel,"[2.65746, 50.08429]"
72,AWD0001n27,diary,549,2,1917-01-17 00:00:00 UTC,17 Jan 1917,Beaumont Hamel,"[2.65746, 50.08429]","",domestic,uniform,{},3034157,Beaumont-Hamel,"[2.65746, 50.08429]"
73,AWD0001n27,diary,549,2,1917-01-17 00:00:00 UTC,17 Jan 1917,Beaumont Hamel,"[2.65746, 50.08429]","",weather,cold,{},3034157,Beaumont-Hamel,"[2.65746, 50.08429]"
1,AWD0001mz2,diary,550,5,1917-01-17 00:00:00 UTC,17 Jan 1917,Beaumont Hamel,"[2.65746, 50.08429]","",diaryDate,17 Jan 1917,"{""day""=>[""17""], ""month""=>[""Jan""], ""year""=>[""1917""]}",3034157,Beaumont-Hamel,"[2.65746, 50.08429]"
2,AWD0001mz2,diary,550,5,1917-01-17 00:00:00 UTC,17 Jan 1917,Beaumont Hamel,"[2.65746, 50.08429]","",person,Second Lieutenant K Duncan,"{""first""=>[""K""], ""surname""=>[""Duncan""], ""rank""=>[""Second Lieutenant""], ""number""=>[""""], ""reason""=>[""joined""], ""unit""=>[""""]}",3034157,Beaumont-Hamel,"[2.65746, 50.08429]"
3,AWD0001mz2,diary,550,3,1917-01-17 00:00:00 UTC,17 Jan 1917,"Beaumont Hamel, Beaumont-Hamel, BEAUMONT-HAMEL","[2.65746, 50.08429]","",place,"Beaumont Hamel, Beaumont-Hamel, BEAUMONT-HAMEL","{""place""=>[""Beaumont Hamel"", ""Beaumont-Hamel"", ""BEAUMONT-HAMEL""], ""location""=>[""true""], ""name""=>[""Beaumont-Hamel""], ""lat""=>[""50.08429""], ""long""=>[""2.65746""], ""id""=>[""3034157""]}",3034157,Beaumont-Hamel,"[2.65746, 50.08429]"
5,AWD0001mz2,diary,550,5,1917-01-18 00:00:00 UTC,18 Jan 1917,"Beaumont Hamel, Beaumont-Hamel, BEAUMONT-HAMEL","[2.65746, 50.08429]","",diaryDate,18 Jan 1917,"{""day""=>[""18""], ""month""=>[""Jan""], ""year""=>[""1917""]}",3034157,Beaumont-Hamel,"[2.65746, 50.08429]"
6,AWD0001mz2,diary,550,4,1917-01-18 00:00:00 UTC,18 Jan 1917,"Beaumont Hamel, Beaumont-Hamel, BEAUMONT-HAMEL","[2.65746, 50.08429]","",casualties,"killed: 2, wounded: 1",{},3034157,Beaumont-Hamel,"[2.65746, 50.08429]"
7,AWD0001mz2,diary,550,5,1917-01-18 00:00:00 UTC,18 Jan 1917,"Beaumont Hamel, Beaumont-Hamel, BEAUMONT-HAMEL","[2.65746, 50.08429]","",activity,fire,{},3034157,Beaumont-Hamel,"[2.65746, 50.08429]"
8,AWD0001mz2,diary,550,3,1917-01-18 00:00:00 UTC,18 Jan 1917,Beaumont Hamel,"[2.65746, 50.08429]","",place,Beaumont Hamel,"{""place""=>[""Beaumont Hamel""], ""location""=>[""true""], ""name""=>[""Beaumont-Hamel""], ""lat""=>[""50.08429""], ""long""=>[""2.65746""], ""id""=>[""3034157""]}",3034157,Beaumont-Hamel,"[2.65746, 50.08429]"
9,AWD0001mz2,diary,550,2,1917-01-18 19:45:00 UTC,18 Jan 1917,Beaumont Hamel,"[2.65746, 50.08429]",0745PM,time,0745PM,{},3034157,Beaumont-Hamel,"[2.65746, 50.08429]"
13,AWD0001mz2,diary,550,3,1917-01-18 19:45:00 UTC,18 Jan 1917,Beaumont Hamel,"[2.65746, 50.08429]",0745PM,unit,2nd Gordon Highlanders,"{""name""=>[""2nd Gordon Highlanders""], ""context""=>[""relieved_by""]}",3034157,Beaumont-Hamel,"[2.65746, 50.08429]"
14,AWD0001mz2,diary,550,2,1917-01-18 19:45:00 UTC,18 Jan 1917,Beaumont Hamel,"[2.65746, 50.08429]",0745PM,unit,2nd Gordons,"{""name""=>[""2nd Gordons""], ""context""=>[""other"", ""joined""]}",3034157,Beaumont-Hamel,"[2.65746, 50.08429]"
17,AWD0001mz2,diary,550,4,1917-01-18 19:45:00 UTC,18 Jan 1917,Beaumont Hamel,"[2.65746, 50.08429]",0745PM,activity,support,{},3034157,Beaumont-Hamel,"[2.65746, 50.08429]"
18,AWD0001mz2,diary,550,2,1917-01-18 19:45:00 UTC,18 Jan 1917,Beaumont Hamel,"[2.65746, 50.08429]",0745PM,place,Beaumont Hamel,"{""place""=>[""Beaumont Hamel""], ""location""=>[""true"", ""false""], ""name""=>[""Beaumont-Hamel""], ""lat""=>[""50.08429""], ""long""=>[""2.65746""], ""id""=>[""3034157""]}",3034157,Beaumont-Hamel,"[2.65746, 50.08429]"
22,AWD0001mz2,diary,550,2,1917-01-18 19:45:00 UTC,18 Jan 1917,"Beaumont Hamel, Beaumont-Hamel","[2.65746, 50.08429]",0745PM,place,"Beaumont Hamel, Beaumont-Hamel","{""place""=>[""Beaumont Hamel"", ""Beaumont-Hamel""], ""location""=>[""true""], ""name""=>[""Beaumont-Hamel""], ""lat""=>[""50.08429""], ""long""=>[""2.65746""], ""id""=>[""3034157""]}",3034157,Beaumont-Hamel,"[2.65746, 50.08429]"
23,AWD0001mz2,diary,550,3,1917-01-19 00:00:00 UTC,19 Jan 1917,"Beaumont Hamel, Beaumont-Hamel","[2.65746, 50.08429]","",diaryDate,19 Jan 1917,"{""day""=>[""19""], ""month""=>[""Jan""], ""year""=>[""1917""]}",3034157,Beaumont-Hamel,"[2.65746, 50.08429]"
24,AWD0001mz2,diary,550,2,1917-01-19 00:00:00 UTC,19 Jan 1917,"Beaumont Hamel, Beaumont-Hamel","[2.65746, 50.08429]","",activity,working,{},3034157,Beaumont-Hamel,"[2.65746, 50.08429]"
25,AWD0001mz2,diary,550,3,1917-01-19 00:00:00 UTC,19 Jan 1917,"Beaumont Hamel, Beaumont-Hamel","[2.65746, 50.08429]","",activity,resting,{},3034157,Beaumont-Hamel,"[2.65746, 50.08429]"
26,AWD0001mz2,diary,550,2,1917-01-19 00:00:00 UTC,19 Jan 1917,"Beaumont Hamel, Beaumont-Hamel","[2.65746, 50.08429]","",activity,working,{},3034157,Beaumont-Hamel,"[2.65746, 50.08429]"
28,AWD0001mz2,diary,550,2,1917-01-20 00:00:00 UTC,20 Jan 1917,"Beaumont Hamel, Beaumont-Hamel","[2.65746, 50.08429]","",diaryDate,20 Jan 1917,"{""day""=>[""20""], ""month""=>[""Jan""], ""year""=>[""1917""]}",3034157,Beaumont-Hamel,"[2.65746, 50.08429]"
29,AWD0001mz2,diary,550,2,1917-01-20 12:45:00 UTC,20 Jan 1917,"Beaumont Hamel, Beaumont-Hamel","[2.65746, 50.08429]",1245PM,time,1245PM,{},3034157,Beaumont-Hamel,"[2.65746, 50.08429]"
30,AWD0001mz2,diary,550,3,1917-01-20 00:00:00 UTC,20 Jan 1917,"Beaumont Hamel, Beaumont-Hamel","[2.65746, 50.08429]","",diaryDate,20 Jan 1917,"{""day""=>[""20""], ""month""=>[""Jan""], ""year""=>[""1917""]}",3034157,Beaumont-Hamel,"[2.65746, 50.08429]"
31,AWD0001mz2,diary,550,2,1917-01-20 00:00:00 UTC,20 Jan 1917,"Beaumont Hamel, Beaumont-Hamel","[2.65746, 50.08429]","",unit,"16th H.L.I., 16th Bn HLI?","{""name""=>[""16th H.L.I."", ""16th Bn HLI?""], ""context""=>[""relieved_by""]}",3034157,Beaumont-Hamel,"[2.65746, 50.08429]"
36,AWD0001mz2,diary,550,3,1917-01-20 00:00:00 UTC,20 Jan 1917,Bus,"[2.96583, 50.06401]","",place,Bus,"{""place""=>[""Bus""], ""location""=>[""true""], ""name""=>[""Bus""], ""lat""=>[""50.06401""], ""long""=>[""2.96583""], ""id""=>[""3029480""]}",3029480,Bus,"[2.96583, 50.06401]"
38,AWD0001mz2,diary,550,3,1917-01-20 00:00:00 UTC,20 Jan 1917,Bus Les Artois,"[2.5424, 50.1039]","",place,Bus Les Artois,"{""place""=>[""Bus Les Artois""], ""location""=>[""true""], ""name""=>[""Bus-lès-Artois""], ""lat""=>[""50.1039""], ""long""=>[""2.5424""], ""id""=>[""6620185""]}",6620185,Bus-lès-Artois,"[2.5424, 50.1039]"
40,AWD0001mz2,diary,550,3,1917-01-20 00:00:00 UTC,20 Jan 1917,Bus Les Artois,"[2.5424, 50.1039]","",activity,movement,{},6620185,Bus-lès-Artois,"[2.5424, 50.1039]"
41,AWD0001mz2,diary,550,2,1917-01-20 00:00:00 UTC,20 Jan 1917,Bus Les Artois,"[2.5424, 50.1039]","",unit,"1/7th Devon Cyclists Btn, 1/7 Devon Cyclist Btn","{""name""=>[""1/7th Devon Cyclists Btn"", ""1/7 Devon Cyclist Btn""], ""context""=>[""other""]}",6620185,Bus-lès-Artois,"[2.5424, 50.1039]"
42,AWD0001mz2,diary,550,4,1917-01-20 00:00:00 UTC,20 Jan 1917,Bus Les Artois,"[2.5424, 50.1039]","",person,"Second Lieutenant E H,E N Littlewood","{""first""=>[""E H"", ""E N""], ""surname""=>[""Littlewood""], ""rank""=>[""Second Lieutenant""], ""number""=>[""""], ""reason""=>[""joined""], ""unit""=>[""""]}",6620185,Bus-lès-Artois,"[2.5424, 50.1039]"
45,AWD0001mz2,diary,550,5,1917-01-21 00:00:00 UTC,21 Jan 1917,Bus Les Artois,"[2.5424, 50.1039]","",diaryDate,21 Jan 1917,"{""day""=>[""21""], ""month""=>[""Jan""], ""year""=>[""1917""]}",6620185,Bus-lès-Artois,"[2.5424, 50.1039]"
46,AWD0001mz2,diary,550,6,1917-01-21 00:00:00 UTC,21 Jan 1917,Bus Les Artois,"[2.5424, 50.1039]","",domestic,religion,{},6620185,Bus-lès-Artois,"[2.5424, 50.1039]"
47,AWD0001mz2,diary,550,8,1917-01-21 00:00:00 UTC,21 Jan 1917,Bus Les Artois,"[2.5424, 50.1039]","",activity,resting,{},6620185,Bus-lès-Artois,"[2.5424, 50.1039]"
48,AWD0001mz2,diary,550,5,1917-01-21 00:00:00 UTC,21 Jan 1917,Bus,"[3.58822, 51.20262]","",place,Bus,"{""place""=>[""Bus""], ""location""=>[""true""], ""name""=>[""Bus""], ""lat""=>[""51.20262""], ""long""=>[""3.58822""], ""id""=>[""2800726""]}",3029480,Bus,"[2.96583, 50.06401]"
49,AWD0001mz2,diary,550,4,1917-01-22 00:00:00 UTC,22 Jan 1917,Bus,"[3.58822, 51.20262]","",diaryDate,22 Jan 1917,"{""day""=>[""22""], ""month""=>[""Jan""], ""year""=>[""1917""]}",3029480,Bus,"[2.96583, 50.06401]"
50,AWD0001mz2,diary,550,5,1917-01-23 00:00:00 UTC,23 Jan 1917,Bus,"[3.58822, 51.20262]","",diaryDate,23 Jan 1917,"{""day""=>[""23""], ""month""=>[""Jan""], ""year""=>[""1917""]}",3029480,Bus,"[2.96583, 50.06401]"
51,AWD0001mz2,diary,550,5,1917-01-23 00:00:00 UTC,23 Jan 1917,Bus,"[3.58822, 51.20262]","",activity,movement,{},3029480,Bus,"[2.96583, 50.06401]"
52,AWD0001mz2,diary,550,2,1917-01-23 06:35:00 UTC,23 Jan 1917,Bus,"[3.58822, 51.20262]",0635AM,time,0635AM,{},3029480,Bus,"[2.96583, 50.06401]"
55,AWD0001mz2,diary,550,2,1917-01-23 06:35:00 UTC,23 Jan 1917,Bus,"[3.58822, 51.20262]",0635AM,domestic,accomodation,{},3029480,Bus,"[2.96583, 50.06401]"
57,AWD0001mz2,diary,550,3,1917-01-23 06:35:00 UTC,23 Jan 1917,Beauval,"[2.33269, 50.10789]",0635AM,place,Beauval,"{""place""=>[""Beauval""], ""location""=>[""true""], ""name""=>[""Beauval""], ""lat""=>[""50.10789""], ""long""=>[""2.33269""], ""id""=>[""3034001""]}",3034001,Beauval,"[2.33269, 50.10789]"
62,AWD0001mz2,diary,550,7,1917-01-23 06:35:00 UTC,23 Jan 1917,Beauval,"[2.33269, 50.10789]",0635AM,place,Beauval,"{""place""=>[""Beauval""], ""location""=>[""true""], ""name""=>[""Beauval""], ""lat""=>[""50.10789""], ""long""=>[""2.33269""], ""id""=>[""3034001""]}",3034001,Beauval,"[2.33269, 50.10789]"
63,AWD0001mz2,diary,550,3,1917-01-24 00:00:00 UTC,24 Jan 1917,Beauval,"[2.33269, 50.10789]","",diaryDate,24 Jan 1917,"{""day""=>[""24""], ""month""=>[""Jan""], ""year""=>[""1917""]}",3034001,Beauval,"[2.33269, 50.10789]"
64,AWD0001mz2,diary,550,2,1917-01-25 00:00:00 UTC,25 Jan 1917,Beauval,"[2.33269, 50.10789]","",diaryDate,25 Jan 1917,"{""day""=>[""25""], ""month""=>[""Jan""], ""year""=>[""1917""]}",3034001,Beauval,"[2.33269, 50.10789]"
65,AWD0001mz2,diary,550,2,1917-01-25 00:00:00 UTC,25 Jan 1917,Beauval,"[2.33269, 50.10789]","",activity,resting,{},3034001,Beauval,"[2.33269, 50.10789]"
66,AWD0001mz2,diary,550,4,1917-01-25 00:00:00 UTC,25 Jan 1917,Beauval,"[2.33269, 50.10789]","",activity,other,{},3034001,Beauval,"[2.33269, 50.10789]"
67,AWD0001mz2,diary,550,5,1917-01-25 00:00:00 UTC,25 Jan 1917,Beauval,"[2.33269, 50.10789]","",person,Second Lieutenant  Smith,"{""first""=>[""""], ""surname""=>[""Smith""], ""rank""=>[""Second Lieutenant""], ""number""=>[""""], ""reason""=>[""joined""], ""unit""=>[""""]}",3034001,Beauval,"[2.33269, 50.10789]"
68,AWD0001mz2,diary,550,3,1917-01-25 00:00:00 UTC,25 Jan 1917,Beauval,"[2.33269, 50.10789]","",diaryDate,25 Jan 1917,"{""day""=>[""25""], ""month""=>[""Jan""], ""year""=>[""1917""]}",3034001,Beauval,"[2.33269, 50.10789]"
69,AWD0001mz2,diary,550,5,1917-01-25 00:00:00 UTC,25 Jan 1917,Beauval,"[2.33269, 50.10789]","",person,Second Lieutenant  Puddicombe,"{""first""=>[""""], ""surname""=>[""Puddicombe""], ""rank""=>[""Second Lieutenant""], ""number""=>[""""], ""reason""=>[""joined""], ""unit""=>[""""]}",3034001,Beauval,"[2.33269, 50.10789]"
70,AWD0001mz2,diary,550,5,1917-01-25 00:00:00 UTC,25 Jan 1917,Beauval,"[2.33269, 50.10789]","",person,Second Lieutenant  Johnson,"{""first""=>[""""], ""surname""=>[""Johnson""], ""rank""=>[""Second Lieutenant""], ""number""=>[""""], ""reason""=>[""joined""], ""unit""=>[""""]}",3034001,Beauval,"[2.33269, 50.10789]"
71,AWD0001mz2,diary,550,4,1917-01-25 00:00:00 UTC,25 Jan 1917,Beauval,"[2.33269, 50.10789]","",activity,training,{},3034001,Beauval,"[2.33269, 50.10789]"
73,AWD0001mz2,diary,550,8,1917-01-25 00:00:00 UTC,25 Jan 1917,Beauval,"[2.33269, 50.10789]","",place,Beauval,"{""place""=>[""Beauval""], ""location""=>[""true""], ""name""=>[""Beauval""], ""lat""=>[""50.10789""], ""long""=>[""2.33269""], ""id""=>[""3034001""]}",3034001,Beauval,"[2.33269, 50.10789]"
74,AWD0001mz2,diary,550,3,1917-01-26 00:00:00 UTC,26 Jan 1917,Beauval,"[2.33269, 50.10789]","",diaryDate,26 Jan 1917,"{""day""=>[""26""], ""month""=>[""Jan""], ""year""=>[""1917""]}",3034001,Beauval,"[2.33269, 50.10789]"
75,AWD0001mz2,diary,550,2,1917-01-26 00:00:00 UTC,26 Jan 1917,Beauval,"[2.33269, 50.10789]","",unit,"Devon Yeomanry, 2nd Devon Yeomanry","{""name""=>[""Devon Yeomanry"", ""2nd Devon Yeomanry""], ""context""=>[""other""]}",3034001,Beauval,"[2.33269, 50.10789]"
76,AWD0001mz2,diary,550,2,1917-01-26 07:00:00 UTC,26 Jan 1917,Beauval,"[2.33269, 50.10789]",0700AM,time,0700AM,{},3034001,Beauval,"[2.33269, 50.10789]"
80,AWD0001mz2,diary,550,6,1917-01-26 07:00:00 UTC,26 Jan 1917,Beauval,"[2.33269, 50.10789]",0700AM,activity,training,{},3034001,Beauval,"[2.33269, 50.10789]"
81,AWD0001mz2,diary,550,3,1917-01-27 00:00:00 UTC,27 Jan 1917,Beauval,"[2.33269, 50.10789]","",diaryDate,27 Jan 1917,"{""day""=>[""27""], ""month""=>[""Jan""], ""year""=>[""1917""]}",3034001,Beauval,"[2.33269, 50.10789]"
82,AWD0001mz2,diary,550,5,1917-01-28 00:00:00 UTC,28 Jan 1917,Beauval,"[2.33269, 50.10789]","",diaryDate,28 Jan 1917,"{""day""=>[""28""], ""month""=>[""Jan""], ""year""=>[""1917""]}",3034001,Beauval,"[2.33269, 50.10789]"
83,AWD0001mz2,diary,550,2,1917-01-28 10:30:00 UTC,28 Jan 1917,Beauval,"[2.33269, 50.10789]",1030AM,time,1030AM,{},3034001,Beauval,"[2.33269, 50.10789]"
84,AWD0001mz2,diary,550,5,1917-01-28 10:30:00 UTC,28 Jan 1917,Beauval,"[2.33269, 50.10789]",1030AM,domestic,religion,{},3034001,Beauval,"[2.33269, 50.10789]"
85,AWD0001mz2,diary,550,6,1917-01-28 10:30:00 UTC,28 Jan 1917,Beauval,"[2.33269, 50.10789]",1030AM,place,Beauval,"{""place""=>[""Beauval""], ""location""=>[""true""], ""name""=>[""Beauval""], ""lat""=>[""50.10789""], ""long""=>[""2.33269""], ""id""=>[""3034001""]}",3034001,Beauval,"[2.33269, 50.10789]"
86,AWD0001mz2,diary,550,5,1917-01-29 00:00:00 UTC,29 Jan 1917,Beauval,"[2.33269, 50.10789]","",diaryDate,29 Jan 1917,"{""day""=>[""29""], ""month""=>[""Jan""], ""year""=>[""1917""]}",3034001,Beauval,"[2.33269, 50.10789]"
87,AWD0001mz2,diary,550,4,1917-01-29 00:00:00 UTC,29 Jan 1917,Beauval,"[2.33269, 50.10789]","",person,Lieutenant General  Congrieve,"{""first""=>[""""], ""surname""=>[""Congrieve""], ""rank""=>[""Lieutenant General""], ""number""=>[""""], ""reason""=>[""commander"", ""other""], ""unit""=>[""""]}",3034001,Beauval,"[2.33269, 50.10789]"
89,AWD0001mz2,diary,550,2,1917-01-30 00:00:00 UTC,30 Jan 1917,Beauval,"[2.33269, 50.10789]","",diaryDate,30 Jan 1917,"{""day""=>[""30""], ""month""=>[""Jan""], ""year""=>[""1917""]}",3034001,Beauval,"[2.33269, 50.10789]"
90,AWD0001mz2,diary,550,4,1917-01-30 07:00:00 UTC,30 Jan 1917,Beauval,"[2.33269, 50.10789]",0700AM,time,0700AM,{},3034001,Beauval,"[2.33269, 50.10789]"
91,AWD0001mz2,diary,550,8,1917-01-30 07:00:00 UTC,30 Jan 1917,Beauval,"[2.33269, 50.10789]",0700AM,activity,training,{},3034001,Beauval,"[2.33269, 50.10789]"
92,AWD0001mz2,diary,550,3,1917-01-30 07:00:00 UTC,30 Jan 1917,Beauval,"[2.33269, 50.10789]",0700AM,place,Beauval,"{""place""=>[""Beauval""], ""location""=>[""true""], ""name""=>[""Beauval""], ""lat""=>[""50.10789""], ""long""=>[""2.33269""], ""id""=>[""3034001""]}",3034001,Beauval,"[2.33269, 50.10789]"
93,AWD0001mz2,diary,550,2,1917-01-30 00:00:00 UTC,30 Jan 1917,Beauval,"[2.33269, 50.10789]","",diaryDate,30 Jan 1917,"{""day""=>[""30""], ""month""=>[""Jan""], ""year""=>[""1917""]}",3034001,Beauval,"[2.33269, 50.10789]"
95,AWD0001mz2,diary,550,5,1917-01-31 00:00:00 UTC,31 Jan 1917,Beauval,"[2.33269, 50.10789]","",diaryDate,31 Jan 1917,"{""day""=>[""31""], ""month""=>[""Jan""], ""year""=>[""1917""]}",3034001,Beauval,"[2.33269, 50.10789]"
96,AWD0001mz2,diary,550,5,1917-01-31 00:00:00 UTC,31 Jan 1917,Pernois,"[2.18709, 50.05293]","",place,Pernois,"{""place""=>[""Pernois""], ""location""=>[""true""], ""name""=>[""Pernois""], ""lat""=>[""50.05293""], ""long""=>[""2.18709""], ""id""=>[""2987943""]}",2987943,Pernois,"[2.18709, 50.05293]"
97,AWD0001mz2,diary,550,5,1917-01-31 00:00:00 UTC,31 Jan 1917,Pernois,"[2.18709, 50.05293]","",activity,movement,{},2987943,Pernois,"[2.18709, 50.05293]"
98,AWD0001mz2,diary,550,2,1917-01-31 00:00:00 UTC,31 Jan 1917,Pernois,"[2.18709, 50.05293]","",domestic,accomodation,{},2987943,Pernois,"[2.18709, 50.05293]"
106,AWD0001mz2,diary,550,2,1917-01-31 00:00:00 UTC,31 Jan 1917,Pernois,"[2.18709, 50.05293]","",casualties,sick: 377,{},2987943,Pernois,"[2.18709, 50.05293]"
111,AWD0001mz2,diary,550,2,1917-01-31 00:00:00 UTC,31 Jan 1917,Pernois,"[2.18709, 50.05293]","",casualties,"killed: 3, wounded: 9, sick: 377",{},2987943,Pernois,"[2.18709, 50.05293]"
113,AWD0001mz2,diary,550,5,1917-01-31 00:00:00 UTC,31 Jan 1917,Pernois,"[2.18709, 50.05293]","",strength,"officer: 44, other: 897",{},2987943,Pernois,"[2.18709, 50.05293]"
114,AWD0001mz2,diary,550,4,1917-01-31 00:00:00 UTC,31 Jan 1917,Pernois,"[2.18709, 50.05293]","",person,Captain C Pepys,"{""first""=>[""C""], ""surname""=>[""Pepys""], ""rank""=>[""Captain""], ""number""=>[""""], ""reason""=>[""author""], ""unit""=>[""""]}",2987943,Pernois,"[2.18709, 50.05293]"
1,AWD0001n2r,diary,553,4,1917-02-01 00:00:00 UTC,1 Feb 1917,Pernois,"[2.18709, 50.05293]","",diaryDate,1 Feb 1917,"{""day""=>[""1""], ""month""=>[""Feb""], ""year""=>[""1917""]}",2987943,Pernois,"[2.18709, 50.05293]"
3,AWD0001n2r,diary,553,7,1917-02-01 00:00:00 UTC,1 Feb 1917,Pernois,"[2.18709, 50.05293]","",place,Pernois,"{""place""=>[""Pernois""], ""location""=>[""true""], ""name""=>[""Pernois""], ""lat""=>[""50.05293""], ""long""=>[""2.18709""], ""id""=>[""2987943""]}",2987943,Pernois,"[2.18709, 50.05293]"
5,AWD0001n2r,diary,553,2,,"2 Feb,Mar 1917",Pernois,"[2.18709, 50.05293]","",diaryDate,"2 Feb,Mar 1917","{""day""=>[""2""], ""month""=>[""Feb"", ""Mar""], ""year""=>[""1917""]}",2987943,Pernois,"[2.18709, 50.05293]"
6,AWD0001n2r,diary,553,4,,"2 Feb,Mar 1917",Pernois,"[2.18709, 50.05293]",0900AM,time,0900AM,{},2987943,Pernois,"[2.18709, 50.05293]"
7,AWD0001n2r,diary,553,8,,"2 Feb,Mar 1917",Pernois,"[2.18709, 50.05293]",0900AM,activity,training,{},2987943,Pernois,"[2.18709, 50.05293]"
8,AWD0001n2r,diary,553,4,1917-02-03 00:00:00 UTC,3 Feb 1917,Pernois,"[2.18709, 50.05293]","",diaryDate,3 Feb 1917,"{""day""=>[""3""], ""month""=>[""Feb""], ""year""=>[""1917""]}",2987943,Pernois,"[2.18709, 50.05293]"
9,AWD0001n2r,diary,553,4,1917-02-03 00:00:00 UTC,3 Feb 1917,Pernois,"[2.18709, 50.05293]","",person,Second Lieutenant  Cornelius,"{""first""=>[""""], ""surname""=>[""Cornelius""], ""rank""=>[""Second Lieutenant""], ""number""=>[""""], ""reason""=>[""joined""], ""unit""=>[""""]}",2987943,Pernois,"[2.18709, 50.05293]"
12,AWD0001n2r,diary,553,5,1917-02-03 00:00:00 UTC,3 Feb 1917,Pernois,"[2.18709, 50.05293]","",place,Pernois,"{""place""=>[""Pernois""], ""location""=>[""true""], ""name""=>[""Pernois""], ""lat""=>[""50.05293""], ""long""=>[""2.18709""], ""id""=>[""2987943""]}",2987943,Pernois,"[2.18709, 50.05293]"
13,AWD0001n2r,diary,553,3,1917-02-04 00:00:00 UTC,4 Feb 1917,Pernois,"[2.18709, 50.05293]","",diaryDate,4 Feb 1917,"{""day""=>[""4""], ""month""=>[""Feb""], ""year""=>[""1917""]}",2987943,Pernois,"[2.18709, 50.05293]"
14,AWD0001n2r,diary,553,4,1917-02-04 00:00:00 UTC,4 Feb 1917,Pernois,"[2.18709, 50.05293]","",domestic,religion,{},2987943,Pernois,"[2.18709, 50.05293]"
16,AWD0001n2r,diary,553,4,1917-02-04 00:00:00 UTC,4 Feb 1917,Pernois,"[2.18709, 50.05293]","",activity,training,{},2987943,Pernois,"[2.18709, 50.05293]"
17,AWD0001n2r,diary,553,3,1917-02-04 00:00:00 UTC,4 Feb 1917,Pernois,"[2.18709, 50.05293]","",domestic,hygiene,{},2987943,Pernois,"[2.18709, 50.05293]"
18,AWD0001n2r,diary,553,3,1917-02-05 00:00:00 UTC,5 Feb 1917,Pernois,"[2.18709, 50.05293]","",diaryDate,5 Feb 1917,"{""day""=>[""5""], ""month""=>[""Feb""], ""year""=>[""1917""]}",2987943,Pernois,"[2.18709, 50.05293]"
19,AWD0001n2r,diary,553,2,1917-02-05 08:00:00 UTC,5 Feb 1917,Pernois,"[2.18709, 50.05293]",0800AM,time,0800AM,{},2987943,Pernois,"[2.18709, 50.05293]"
21,AWD0001n2r,diary,553,2,,"6 Feb,Mar 1917",Pernois,"[2.18709, 50.05293]","",diaryDate,"6 Feb,Mar 1917","{""day""=>[""6""], ""month""=>[""Feb"", ""Mar""], ""year""=>[""1917""]}",2987943,Pernois,"[2.18709, 50.05293]"
22,AWD0001n2r,diary,553,4,,"6 Feb,Mar 1917",Pernois,"[2.18709, 50.05293]","",place,Pernois,"{""place""=>[""Pernois""], ""location""=>[""true""], ""name""=>[""Pernois""], ""lat""=>[""50.05293""], ""long""=>[""2.18709""], ""id""=>[""2987943""]}",2987943,Pernois,"[2.18709, 50.05293]"
24,AWD0001n2r,diary,553,4,,"6 Feb,Mar 1917",Pernois,"[2.18709, 50.05293]",0900AM,time,0900AM,{},2987943,Pernois,"[2.18709, 50.05293]"
25,AWD0001n2r,diary,553,7,,"6 Feb,Mar 1917",Pernois,"[2.18709, 50.05293]",0900AM,activity,training,{},2987943,Pernois,"[2.18709, 50.05293]"
26,AWD0001n2r,diary,553,3,1917-02-07 00:00:00 UTC,7 Feb 1917,Pernois,"[2.18709, 50.05293]","",diaryDate,7 Feb 1917,"{""day""=>[""7""], ""month""=>[""Feb""], ""year""=>[""1917""]}",2987943,Pernois,"[2.18709, 50.05293]"
28,AWD0001n2r,diary,553,3,1917-02-08 00:00:00 UTC,8 Feb 1917,Pernois,"[2.18709, 50.05293]","",diaryDate,8 Feb 1917,"{""day""=>[""8""], ""month""=>[""Feb""], ""year""=>[""1917""]}",2987943,Pernois,"[2.18709, 50.05293]"
31,AWD0001n2r,diary,553,6,1917-02-08 00:00:00 UTC,8 Feb 1917,Pernois,"[2.18709, 50.05293]","",place,Pernois,"{""place""=>[""Pernois""], ""location""=>[""true""], ""name""=>[""Pernois""], ""lat""=>[""50.05293""], ""long""=>[""2.18709""], ""id""=>[""2987943""]}",2987943,Pernois,"[2.18709, 50.05293]"
32,AWD0001n2r,diary,553,3,1917-02-09 00:00:00 UTC,9 Feb 1917,Pernois,"[2.18709, 50.05293]","",diaryDate,9 Feb 1917,"{""day""=>[""9""], ""month""=>[""Feb""], ""year""=>[""1917""]}",2987943,Pernois,"[2.18709, 50.05293]"
33,AWD0001n2r,diary,553,5,1917-02-09 09:00:00 UTC,9 Feb 1917,Pernois,"[2.18709, 50.05293]",0900AM,time,0900AM,{},2987943,Pernois,"[2.18709, 50.05293]"
34,AWD0001n2r,diary,553,10,1917-02-09 09:00:00 UTC,9 Feb 1917,Pernois,"[2.18709, 50.05293]",0900AM,activity,training,{},2987943,Pernois,"[2.18709, 50.05293]"
35,AWD0001n2r,diary,553,2,,"10 Feb,Mar 1917",Pernois,"[2.18709, 50.05293]","",diaryDate,"10 Feb,Mar 1917","{""day""=>[""10""], ""month""=>[""Feb"", ""Mar""], ""year""=>[""1917""]}",2987943,Pernois,"[2.18709, 50.05293]"
37,AWD0001n2r,diary,553,4,1917-02-11 00:00:00 UTC,11 Feb 1917,Pernois,"[2.18709, 50.05293]","",diaryDate,11 Feb 1917,"{""day""=>[""11""], ""month""=>[""Feb""], ""year""=>[""1917""]}",2987943,Pernois,"[2.18709, 50.05293]"
39,AWD0001n2r,diary,553,4,1917-02-11 00:00:00 UTC,11 Feb 1917,Pernois,"[2.18709, 50.05293]","",domestic,religion,{},2987943,Pernois,"[2.18709, 50.05293]"
40,AWD0001n2r,diary,553,2,1917-02-11 11:00:00 UTC,11 Feb 1917,Pernois,"[2.18709, 50.05293]",1100AM,time,1100AM,{},2987943,Pernois,"[2.18709, 50.05293]"
42,AWD0001n2r,diary,553,4,1917-02-11 11:00:00 UTC,11 Feb 1917,Pernois,"[2.18709, 50.05293]",1100AM,place,Pernois,"{""place""=>[""Pernois""], ""location""=>[""true""], ""name""=>[""Pernois""], ""lat""=>[""50.05293""], ""long""=>[""2.18709""], ""id""=>[""2987943""]}",2987943,Pernois,"[2.18709, 50.05293]"
44,AWD0001n2r,diary,553,3,1917-02-11 09:00:00 UTC,11 Feb 1917,Pernois,"[2.18709, 50.05293]",0900AM,time,0900AM,{},2987943,Pernois,"[2.18709, 50.05293]"
45,AWD0001n2r,diary,553,3,1917-02-12 00:00:00 UTC,12 Feb 1917,Pernois,"[2.18709, 50.05293]","",diaryDate,12 Feb 1917,"{""day""=>[""12""], ""month""=>[""Feb""], ""year""=>[""1917""]}",2987943,Pernois,"[2.18709, 50.05293]"
46,AWD0001n2r,diary,553,3,1917-02-12 00:00:00 UTC,12 Feb 1917,Pernois,"[2.18709, 50.05293]","",person,Second Lieutenant R M Thomson,"{""first""=>[""R M""], ""surname""=>[""Thomson""], ""rank""=>[""Second Lieutenant""], ""number""=>[""""], ""reason""=>[""joined""], ""unit""=>[""""]}",2987943,Pernois,"[2.18709, 50.05293]"
47,AWD0001n2r,diary,553,2,,"13 Feb,Mar 1917",Pernois,"[2.18709, 50.05293]","",diaryDate,"13 Feb,Mar 1917","{""day""=>[""13""], ""month""=>[""Feb"", ""Mar""], ""year""=>[""1917""]}",2987943,Pernois,"[2.18709, 50.05293]"
49,AWD0001n2r,diary,553,8,,"13 Feb,Mar 1917",Pernois,"[2.18709, 50.05293]","",activity,training,{},2987943,Pernois,"[2.18709, 50.05293]"
50,AWD0001n2r,diary,553,4,,"13 Feb,Mar 1917",Pernois,"[2.18709, 50.05293]",0900AM,time,0900AM,{},2987943,Pernois,"[2.18709, 50.05293]"
51,AWD0001n2r,diary,553,6,,"13 Feb,Mar 1917",Pernois,"[2.18709, 50.05293]",0900AM,place,Pernois,"{""place""=>[""Pernois""], ""location""=>[""true""], ""name""=>[""Pernois""], ""lat""=>[""50.05293""], ""long""=>[""2.18709""], ""id""=>[""2987943""]}",2987943,Pernois,"[2.18709, 50.05293]"
52,AWD0001n2r,diary,553,4,1917-02-14 00:00:00 UTC,14 Feb 1917,Pernois,"[2.18709, 50.05293]","",diaryDate,14 Feb 1917,"{""day""=>[""14""], ""month""=>[""Feb""], ""year""=>[""1917""]}",2987943,Pernois,"[2.18709, 50.05293]"
53,AWD0001n2r,diary,553,2,1917-02-14 00:00:00 UTC,14 Feb 1917,Pernois,"[2.18709, 50.05293]","",activity,training,{},2987943,Pernois,"[2.18709, 50.05293]"
54,AWD0001n2r,diary,553,3,1917-02-14 00:00:00 UTC,14 Feb 1917,Pernois,"[2.18709, 50.05293]","",person,Second Lieutenant  Pinchard,"{""first""=>[""""], ""surname""=>[""Pinchard""], ""rank""=>[""Second Lieutenant""], ""number""=>[""""], ""reason""=>[""joined""], ""unit""=>[""""]}",2987943,Pernois,"[2.18709, 50.05293]"
55,AWD0001n2r,diary,553,2,1917-02-15 00:00:00 UTC,15 Feb 1917,Pernois,"[2.18709, 50.05293]","",diaryDate,15 Feb 1917,"{""day""=>[""15""], ""month""=>[""Feb""], ""year""=>[""1917""]}",2987943,Pernois,"[2.18709, 50.05293]"
56,AWD0001n2r,diary,553,4,1917-02-15 00:00:00 UTC,15 Feb 1917,Pernois,"[2.18709, 50.05293]","",domestic,hygiene,{},2987943,Pernois,"[2.18709, 50.05293]"
58,AWD0001n2r,diary,553,2,,"15 Feb,Mar 1917",Pernois,"[2.18709, 50.05293]","",diaryDate,"15 Feb,Mar 1917","{""day""=>[""15""], ""month""=>[""Feb"", ""Mar""], ""year""=>[""1917""]}",2987943,Pernois,"[2.18709, 50.05293]"
59,AWD0001n2r,diary,553,4,,"15 Feb,Mar 1917",Pernois,"[2.18709, 50.05293]","",domestic,parades,{},2987943,Pernois,"[2.18709, 50.05293]"
60,AWD0001n2r,diary,553,2,,"15 Feb,Mar 1917",Pernois,"[2.18709, 50.05293]",0900AM,time,0900AM,{},2987943,Pernois,"[2.18709, 50.05293]"
65,AWD0001n2r,diary,553,2,,"16 Feb,Mar 1917",Pernois,"[2.18709, 50.05293]","",diaryDate,"16 Feb,Mar 1917","{""day""=>[""16""], ""month""=>[""Feb"", ""Mar""], ""year""=>[""1917""]}",2987943,Pernois,"[2.18709, 50.05293]"
67,AWD0001n2r,diary,553,4,,"16 Feb,Mar 1917",Pernois,"[2.18709, 50.05293]","",activity,movement,{},2987943,Pernois,"[2.18709, 50.05293]"
68,AWD0001n2r,diary,553,2,,"16 Feb,Mar 1917",Pernois,"[2.18709, 50.05293]",0950AM,time,0950AM,{},2987943,Pernois,"[2.18709, 50.05293]"
69,AWD0001n2r,diary,553,2,,"16 Feb,Mar 1917",Pernois,"[2.18709, 50.05293]",0950AM,domestic,accomodation,{},2987943,Pernois,"[2.18709, 50.05293]"
70,AWD0001n2r,diary,553,7,,"16 Feb,Mar 1917",Beauval,"[2.33269, 50.10789]",0950AM,place,Beauval,"{""place""=>[""Beauval""], ""location""=>[""true""], ""name""=>[""Beauval""], ""lat""=>[""50.10789""], ""long""=>[""2.33269""], ""id""=>[""3034001""]}",3034001,Beauval,"[2.33269, 50.10789]"
72,AWD0001n2r,diary,553,4,,"16 Feb,Mar 1917",Beauval,"[2.33269, 50.10789]",0950AM,person,General  Nivelle,"{""first""=>[""""], ""surname""=>[""Nivelle""], ""rank""=>[""General""], ""number""=>[""""], ""reason""=>[""other""], ""unit""=>[""""]}",3034001,Beauval,"[2.33269, 50.10789]"
73,AWD0001n2r,diary,553,3,1917-02-17 00:00:00 UTC,17 Feb 1917,Beauval,"[2.33269, 50.10789]","",diaryDate,17 Feb 1917,"{""day""=>[""17""], ""month""=>[""Feb""], ""year""=>[""1917""]}",3034001,Beauval,"[2.33269, 50.10789]"
75,AWD0001n2r,diary,553,3,1917-02-17 00:00:00 UTC,17 Feb 1917,Beauval,"[2.33269, 50.10789]","",domestic,inspections,{},3034001,Beauval,"[2.33269, 50.10789]"
76,AWD0001n2r,diary,553,2,1917-02-17 00:00:00 UTC,17 Feb 1917,Beauval,"[2.33269, 50.10789]","",place,"Puch Villers, Puchvillars","{""place""=>[""Puch Villers"", ""Puchvillars""], ""location""=>[""false""], ""name""=>[""""], ""lat""=>[""""], ""long""=>[""""], ""id""=>[""""]}",3034001,Beauval,"[2.33269, 50.10789]"
77,AWD0001n2r,diary,553,2,1917-02-17 11:00:00 UTC,17 Feb 1917,Beauval,"[2.33269, 50.10789]",1100AM,time,1100AM,{},3034001,Beauval,"[2.33269, 50.10789]"
81,AWD0001n2r,diary,553,3,1917-02-17 11:00:00 UTC,17 Feb 1917,Beauval,"[2.33269, 50.10789]",1100AM,domestic,parades,{},3034001,Beauval,"[2.33269, 50.10789]"
82,AWD0001n2r,diary,553,3,1917-02-17 11:00:00 UTC,17 Feb 1917,Beauval,"[2.33269, 50.10789]",1100AM,person,General  Gough,"{""first""=>[""""], ""surname""=>[""Gough""], ""rank""=>[""General""], ""number""=>[""""], ""reason""=>[""commander""], ""unit""=>[""Commanding V Army"", """", ""5TH ARMY""]}",3034001,Beauval,"[2.33269, 50.10789]"
83,AWD0001n2r,diary,553,4,1917-02-17 11:00:00 UTC,17 Feb 1917,Beauval,"[2.33269, 50.10789]",1100AM,person,"Field Marshal Sir Douglas Haigh, Haig , HAIGH, Haig","{""first""=>[""Sir Douglas""], ""surname""=>[""Haigh"", ""Haig "", ""HAIGH"", ""Haig""], ""rank""=>[""Field Marshal""], ""number""=>[""""], ""reason""=>[""commander""], ""unit""=>[""""]}",3034001,Beauval,"[2.33269, 50.10789]"
85,AWD0001n2r,diary,553,3,1917-02-18 00:00:00 UTC,18 Feb 1917,Beauval,"[2.33269, 50.10789]","",diaryDate,18 Feb 1917,"{""day""=>[""18""], ""month""=>[""Feb""], ""year""=>[""1917""]}",3034001,Beauval,"[2.33269, 50.10789]"
86,AWD0001n2r,diary,553,3,1917-02-18 00:00:00 UTC,18 Feb 1917,Beauval,"[2.33269, 50.10789]","",activity,movement,{},3034001,Beauval,"[2.33269, 50.10789]"
87,AWD0001n2r,diary,553,2,1917-02-18 00:00:00 UTC,18 Feb 1917,Beauval,"[2.33269, 50.10789]","",domestic,accomodation,{},3034001,Beauval,"[2.33269, 50.10789]"
88,AWD0001n2r,diary,553,3,1917-02-18 00:00:00 UTC,18 Feb 1917,Beauquesne,"[2.39276, 50.08526]","",place,Beauquesne,"{""place""=>[""Beauquesne""], ""location""=>[""true""], ""name""=>[""Beauquesne""], ""lat""=>[""50.08526""], ""long""=>[""2.39276""], ""id""=>[""3034106""]}",3034106,Beauquesne,"[2.39276, 50.08526]"
89,AWD0001n2r,diary,553,2,1917-02-18 09:55:00 UTC,18 Feb 1917,Beauquesne,"[2.39276, 50.08526]",0955AM,time,0955AM,{},3034106,Beauquesne,"[2.39276, 50.08526]"
90,AWD0001n2r,diary,553,6,1917-02-18 09:55:00 UTC,18 Feb 1917,Beauquesne,"[2.39276, 50.08526]",0955AM,place,Beauquesne,"{""place""=>[""Beauquesne""], ""location""=>[""true""], ""name""=>[""Beauquesne""], ""lat""=>[""50.08526""], ""long""=>[""2.39276""], ""id""=>[""3034106""]}",3034106,Beauquesne,"[2.39276, 50.08526]"
91,AWD0001n2r,diary,553,4,1917-02-19 00:00:00 UTC,19 Feb 1917,Beauquesne,"[2.39276, 50.08526]","",diaryDate,19 Feb 1917,"{""day""=>[""19""], ""month""=>[""Feb""], ""year""=>[""1917""]}",3034106,Beauquesne,"[2.39276, 50.08526]"
93,AWD0001n2r,diary,553,4,1917-02-19 09:00:00 UTC,19 Feb 1917,Beauquesne,"[2.39276, 50.08526]",0900AM,time,0900AM,{},3034106,Beauquesne,"[2.39276, 50.08526]"
94,AWD0001n2r,diary,553,7,1917-02-19 09:00:00 UTC,19 Feb 1917,Beauquesne,"[2.39276, 50.08526]",0900AM,activity,training,{},3034106,Beauquesne,"[2.39276, 50.08526]"
95,AWD0001n2r,diary,553,2,1917-02-19 09:00:00 UTC,19 Feb 1917,Beauquesne,"[2.39276, 50.08526]",0900AM,place,Beauquesne,"{""place""=>[""Beauquesne""], ""location""=>[""true""], ""name""=>[""Beauquesne"", """"], ""lat""=>[""50.08526"", """"], ""long""=>[""2.39276"", """"], ""id""=>[""3034106"", """"]}",3034106,Beauquesne,"[2.39276, 50.08526]"
96,AWD0001n2r,diary,553,2,,"20 Feb,Mar 1917",Beauquesne,"[2.39276, 50.08526]","",diaryDate,"20 Feb,Mar 1917","{""day""=>[""20""], ""month""=>[""Feb"", ""Mar""], ""year""=>[""1917""]}",3034106,Beauquesne,"[2.39276, 50.08526]"
97,AWD0001n2r,diary,553,4,1917-02-21 00:00:00 UTC,21 Feb 1917,Beauquesne,"[2.39276, 50.08526]","",diaryDate,21 Feb 1917,"{""day""=>[""21""], ""month""=>[""Feb""], ""year""=>[""1917""]}",3034106,Beauquesne,"[2.39276, 50.08526]"
98,AWD0001n2r,diary,553,4,1917-02-21 00:00:00 UTC,21 Feb 1917,Beauquesne,"[2.39276, 50.08526]","",activity,movement,{},3034106,Beauquesne,"[2.39276, 50.08526]"
99,AWD0001n2r,diary,553,2,1917-02-21 00:00:00 UTC,21 Feb 1917,Beauquesne,"[2.39276, 50.08526]","",domestic,accomodation,{},3034106,Beauquesne,"[2.39276, 50.08526]"
100,AWD0001n2r,diary,553,2,1917-02-21 00:00:00 UTC,21 Feb 1917,"Bertrancourt, BERTRANCOURT","[2.55828, 50.09298]","",place,"Bertrancourt, BERTRANCOURT","{""place""=>[""Bertrancourt"", ""BERTRANCOURT""], ""location""=>[""true""], ""name""=>[""Bertrancourt""], ""lat""=>[""50.09298""], ""long""=>[""2.55828"", ""2.55829""], ""id""=>[""3033168""]}",3033168,Bertrancourt,"[2.55828, 50.09298]"
104,AWD0001n2r,diary,553,5,1917-02-21 00:00:00 UTC,21 Feb 1917,Bertrancourt,"[2.55828, 50.09298]","",place,Bertrancourt,"{""place""=>[""Bertrancourt""], ""location""=>[""true""], ""name""=>[""Bertrancourt""], ""lat""=>[""50.09298""], ""long""=>[""2.55828""], ""id""=>[""3033168""]}",3033026,Béthancourt-en-Valois,"[2.87704, 49.2855]"
105,AWD0001n2r,diary,553,3,1917-02-22 00:00:00 UTC,22 Feb 1917,Bertrancourt,"[2.55828, 50.09298]","",diaryDate,22 Feb 1917,"{""day""=>[""22""], ""month""=>[""Feb""], ""year""=>[""1917""]}",3033026,Béthancourt-en-Valois,"[2.87704, 49.2855]"
106,AWD0001n2r,diary,553,2,1917-02-22 11:00:00 UTC,22 Feb 1917,Bertrancourt,"[2.55828, 50.09298]",1100AM,time,1100AM,{},3033026,Béthancourt-en-Valois,"[2.87704, 49.2855]"
107,AWD0001n2r,diary,553,4,1917-02-22 11:00:00 UTC,22 Feb 1917,Bertrancourt,"[2.55828, 50.09298]",1100AM,activity,working,{},3033026,Béthancourt-en-Valois,"[2.87704, 49.2855]"
108,AWD0001n2r,diary,553,6,1917-02-22 11:00:00 UTC,22 Feb 1917,Bertrancourt,"[2.55828, 50.09298]",1100AM,activity,training,{},3033026,Béthancourt-en-Valois,"[2.87704, 49.2855]"
109,AWD0001n2r,diary,553,3,1917-02-23 00:00:00 UTC,23 Feb 1917,Bertrancourt,"[2.55828, 50.09298]","",diaryDate,23 Feb 1917,"{""day""=>[""23""], ""month""=>[""Feb""], ""year""=>[""1917""]}",3033026,Béthancourt-en-Valois,"[2.87704, 49.2855]"
1,AWD0001mxa,diary,554,2,1917-02-24 00:00:00 UTC,24 Feb 1917,Bertrancourt,"[2.55828, 50.09298]","",diaryDate,24 Feb 1917,"{""day""=>[""24""], ""month""=>[""Feb""], ""year""=>[""1917""]}",3033026,Béthancourt-en-Valois,"[2.87704, 49.2855]"
2,AWD0001mxa,diary,554,4,1917-02-24 00:00:00 UTC,24 Feb 1917,Bertrancourt,"[2.55828, 50.09298]","",activity,working,{},3033026,Béthancourt-en-Valois,"[2.87704, 49.2855]"
3,AWD0001mxa,diary,554,2,1917-02-24 00:00:00 UTC,24 Feb 1917,Bertrancourt,"[2.55828, 50.09298]","",diaryDate,24 Feb 1917,"{""day""=>[""24""], ""month""=>[""Feb""], ""year""=>[""1917""]}",3033026,Béthancourt-en-Valois,"[2.87704, 49.2855]"
4,AWD0001mxa,diary,554,4,1917-02-24 00:00:00 UTC,24 Feb 1917,Bertrancourt,"[2.55828, 50.09298]","",place,Bertrancourt,"{""place""=>[""Bertrancourt""], ""location""=>[""true""], ""name""=>[""Bertrancourt""], ""lat""=>[""50.09298""], ""long""=>[""2.55828""], ""id""=>[""3033168""]}",3033026,Béthancourt-en-Valois,"[2.87704, 49.2855]"
5,AWD0001mxa,diary,554,4,1917-02-25 00:00:00 UTC,25 Feb 1917,Bertrancourt,"[2.55828, 50.09298]","",diaryDate,25 Feb 1917,"{""day""=>[""25""], ""month""=>[""Feb""], ""year""=>[""1917""]}",3033026,Béthancourt-en-Valois,"[2.87704, 49.2855]"
7,AWD0001mxa,diary,554,2,1917-02-25 05:00:00 UTC,25 Feb 1917,Bertrancourt,"[2.55828, 50.09298]",0500AM,time,0500AM,{},3033026,Béthancourt-en-Valois,"[2.87704, 49.2855]"
9,AWD0001mxa,diary,554,2,1917-02-25 05:00:00 UTC,25 Feb 1917,Bertrancourt,"[2.55828, 50.09298]",0500AM,activity,enemy_activity,{},3033026,Béthancourt-en-Valois,"[2.87704, 49.2855]"
11,AWD0001mxa,diary,554,2,1917-02-25 08:00:00 UTC,25 Feb 1917,Bertrancourt,"[2.55828, 50.09298]",0800AM,time,0800AM,{},3033026,Béthancourt-en-Valois,"[2.87704, 49.2855]"
16,AWD0001mxa,diary,554,4,1917-02-26 00:00:00 UTC,26 Feb 1917,Bertrancourt,"[2.55828, 50.09298]","",diaryDate,26 Feb 1917,"{""day""=>[""26""], ""month""=>[""Feb""], ""year""=>[""1917""]}",3033026,Béthancourt-en-Valois,"[2.87704, 49.2855]"
17,AWD0001mxa,diary,554,2,1917-02-26 14:15:00 UTC,26 Feb 1917,Bertrancourt,"[2.55828, 50.09298]",0215PM,time,0215PM,{},3033026,Béthancourt-en-Valois,"[2.87704, 49.2855]"
18,AWD0001mxa,diary,554,4,1917-02-26 14:15:00 UTC,26 Feb 1917,Bertrancourt,"[2.55828, 50.09298]",0215PM,activity,movement,{},3033026,Béthancourt-en-Valois,"[2.87704, 49.2855]"
19,AWD0001mxa,diary,554,3,1917-02-26 14:15:00 UTC,26 Feb 1917,Bertrancourt,"[2.55828, 50.09298]",0215PM,activity,reconnoitered,{},3033026,Béthancourt-en-Valois,"[2.87704, 49.2855]"
20,AWD0001mxa,diary,554,4,1917-02-26 14:15:00 UTC,26 Feb 1917,Mailly Maillet,"[2.60473, 50.08025]",0215PM,place,Mailly Maillet,"{""place""=>[""Mailly Maillet""], ""location""=>[""true""], ""name""=>[""Mailly-Maillet""], ""lat""=>[""50.08025""], ""long""=>[""2.60473""], ""id""=>[""2996685""]}",2996685,Mailly-Maillet,"[2.60473, 50.08025]"
24,AWD0001mxa,diary,554,2,1917-02-26 14:15:00 UTC,26 Feb 1917,Mailly Maillet,"[2.60473, 50.08025]",0215PM,activity,enemy_activity,{},2996685,Mailly-Maillet,"[2.60473, 50.08025]"
26,AWD0001mxa,diary,554,4,1917-02-27 00:00:00 UTC,27 Feb 1917,Mailly Maillet,"[2.60473, 50.08025]","",diaryDate,27 Feb 1917,"{""day""=>[""27""], ""month""=>[""Feb""], ""year""=>[""1917""]}",2996685,Mailly-Maillet,"[2.60473, 50.08025]"
27,AWD0001mxa,diary,554,2,1917-02-27 00:00:00 UTC,27 Feb 1917,Mailly Maillet,"[2.60473, 50.08025]","",place,Mailly Maillet,"{""place""=>[""Mailly Maillet""], ""location""=>[""true""], ""name""=>[""Mailly-Maillet""], ""lat""=>[""50.08025""], ""long""=>[""2.60473""], ""id""=>[""2996685""]}",2996685,Mailly-Maillet,"[2.60473, 50.08025]"
28,AWD0001mxa,diary,554,4,1917-02-27 00:00:00 UTC,27 Feb 1917,Mailly Maillet,"[2.60473, 50.08025]","",activity,working,{},2996685,Mailly-Maillet,"[2.60473, 50.08025]"
31,AWD0001mxa,diary,554,4,1917-02-28 00:00:00 UTC,28 Feb 1917,Mailly Maillet,"[2.60473, 50.08025]","",diaryDate,28 Feb 1917,"{""day""=>[""28""], ""month""=>[""Feb""], ""year""=>[""1917""]}",2996685,Mailly-Maillet,"[2.60473, 50.08025]"
32,AWD0001mxa,diary,554,4,1917-02-28 00:00:00 UTC,28 Feb 1917,Mailly Maillet,"[2.60473, 50.08025]","",activity,working,{},2996685,Mailly-Maillet,"[2.60473, 50.08025]"
33,AWD0001mxa,diary,554,2,1917-02-28 00:00:00 UTC,28 Feb 1917,Mailly Maillet,"[2.60473, 50.08025]","",place,Mailly Maillet,"{""place""=>[""Mailly Maillet""], ""location""=>[""true""], ""name""=>[""Mailly-Maillet""], ""lat""=>[""50.08025""], ""long""=>[""2.60473""], ""id""=>[""2996685""]}",2996685,Mailly-Maillet,"[2.60473, 50.08025]"
34,AWD0001mxa,diary,554,4,1917-02-28 00:00:00 UTC,28 Feb 1917,Mailly Maillet,"[2.60473, 50.08025]","",strength,"officer: 46, other: 910",{},2996685,Mailly-Maillet,"[2.60473, 50.08025]"
35,AWD0001mxa,diary,554,4,1917-02-28 00:00:00 UTC,28 Feb 1917,Mailly Maillet,"[2.60473, 50.08025]","",casualties,sick: 149,{},2996685,Mailly-Maillet,"[2.60473, 50.08025]"
36,AWD0001mxa,diary,554,4,1917-02-28 00:00:00 UTC,28 Feb 1917,Mailly Maillet,"[2.60473, 50.08025]","",person,Captain C Pepys,"{""first""=>[""C""], ""surname""=>[""Pepys""], ""rank""=>[""Captain""], ""number""=>[""""], ""reason""=>[""author""], ""unit""=>[""""]}",2996685,Mailly-Maillet,"[2.60473, 50.08025]"
1,AWD0001my2,diary,556,3,1917-03-01 00:00:00 UTC,1 Mar 1917,Mailly Maillet,"[2.60473, 50.08025]","",diaryDate,1 Mar 1917,"{""day""=>[""1""], ""month""=>[""Mar""], ""year""=>[""1917""]}",2996685,Mailly-Maillet,"[2.60473, 50.08025]"
2,AWD0001my2,diary,556,4,1917-03-01 00:00:00 UTC,1 Mar 1917,Mailly Maillet,"[2.60473, 50.08025]","",place,Mailly Maillet,"{""place""=>[""Mailly Maillet""], ""location""=>[""true""], ""name""=>[""Mailly-Maillet""], ""lat""=>[""50.08025""], ""long""=>[""2.60473""], ""id""=>[""2996685""]}",2996685,Mailly-Maillet,"[2.60473, 50.08025]"
3,AWD0001my2,diary,556,4,1917-03-01 00:00:00 UTC,1 Mar 1917,Mailly Maillet,"[2.60473, 50.08025]","",activity,working,{},2996685,Mailly-Maillet,"[2.60473, 50.08025]"
4,AWD0001my2,diary,556,2,1917-03-01 00:00:00 UTC,1 Mar 1917,Mailly Maillet,"[2.60473, 50.08025]","",diaryDate,1 Mar 1917,"{""day""=>[""1""], ""month""=>[""Mar""], ""year""=>[""1917""]}",2996685,Mailly-Maillet,"[2.60473, 50.08025]"
5,AWD0001my2,diary,556,4,1917-03-02 00:00:00 UTC,2 Mar 1917,Mailly Maillet,"[2.60473, 50.08025]","",diaryDate,2 Mar 1917,"{""day""=>[""2""], ""month""=>[""Mar""], ""year""=>[""1917""]}",2996685,Mailly-Maillet,"[2.60473, 50.08025]"
7,AWD0001my2,diary,556,4,1917-03-02 00:00:00 UTC,2 Mar 1917,Mailly Maillet,"[2.60473, 50.08025]","",activity,movement,{},2996685,Mailly-Maillet,"[2.60473, 50.08025]"
9,AWD0001my2,diary,556,2,1917-03-02 00:00:00 UTC,2 Mar 1917,Mailly Maillet,"[2.60473, 50.08025]","",unit,"2nd Royal Warwickshire Regt., 2nd Royal Warwickshire R.","{""name""=>[""2nd Royal Warwickshire Regt."", ""2nd Royal Warwickshire R.""], ""context""=>[""relieved""]}",2996685,Mailly-Maillet,"[2.60473, 50.08025]"
12,AWD0001my2,diary,556,2,1917-03-02 00:00:00 UTC,2 Mar 1917,"Puisieux, PUISIEUX","[0.0, 0.0]","",place,"Puisieux, PUISIEUX","{""place""=>[""Puisieux"", ""PUISIEUX""], ""location""=>[""true""], ""name""=>[""Puisieux""], ""lat""=>[""50.11644"", ""49.06667""], ""long""=>[""2.69444"", ""2.91667""], ""id""=>[""2985101"", ""2985102""]}",2985101,Puisieux,"[2.69444, 50.11644]"
13,AWD0001my2,diary,556,2,1917-03-02 00:00:00 UTC,2 Mar 1917,"Muisieux-au-mont, Puisieux Au Mont","[2.60473, 50.08025]","",place,"Muisieux-au-mont, Puisieux Au Mont","{""place""=>[""Muisieux-au-mont"", ""Puisieux Au Mont""], ""location""=>[""true""], ""name""=>[""Mailly-Maillet"", """"], ""lat""=>[""50.08025"", """"], ""long""=>[""2.60473"", """"], ""id""=>[""2996685"", """"]}",3023100,Courcelles-le-Comte,"[2.7779, 50.16428]"
14,AWD0001my2,diary,556,4,1917-03-02 00:00:00 UTC,2 Mar 1917,"Muisieux-au-mont, Puisieux Au Mont","[2.60473, 50.08025]","",unit,2nd Gordons,"{""name""=>[""2nd Gordons""], ""context""=>[""right""]}",3023100,Courcelles-le-Comte,"[2.7779, 50.16428]"
15,AWD0001my2,diary,556,3,1917-03-02 00:00:00 UTC,2 Mar 1917,"Muisieux-au-mont, Puisieux Au Mont","[2.60473, 50.08025]","",unit,8th Wilts (19th Div),"{""name""=>[""8th Wilts (19th Div)""], ""context""=>[""left""]}",3023100,Courcelles-le-Comte,"[2.7779, 50.16428]"
22,AWD0001my2,diary,556,2,1917-03-02 00:00:00 UTC,2 Mar 1917,"Muisieux-au-mont, Puisieux Au Mont","[2.60473, 50.08025]","",gridRef,L 14 a 3 1,{},3023100,Courcelles-le-Comte,"[2.7779, 50.16428]"
23,AWD0001my2,diary,556,2,1917-03-02 00:00:00 UTC,2 Mar 1917,"Muisieux-au-mont, Puisieux Au Mont","[2.60473, 50.08025]","",gridRef,L 14 a 2 1,{},3023100,Courcelles-le-Comte,"[2.7779, 50.16428]"
24,AWD0001my2,diary,556,2,1917-03-02 00:00:00 UTC,2 Mar 1917,"Muisieux-au-mont, Puisieux Au Mont","[2.60473, 50.08025]","",gridRef,L 14 c 1 2,{},3023100,Courcelles-le-Comte,"[2.7779, 50.16428]"
27,AWD0001my2,diary,556,2,1917-03-02 00:00:00 UTC,2 Mar 1917,"Puisieux-au-mont, Puisieux Au Mont","[2.60473, 50.08025]","",place,"Puisieux-au-mont, Puisieux Au Mont","{""place""=>[""Puisieux-au-mont"", ""Puisieux Au Mont""], ""location""=>[""true""], ""name""=>[""Mailly-Maillet"", """"], ""lat""=>[""50.08025"", """"], ""long""=>[""2.60473"", """"], ""id""=>[""2996685"", """"]}",3023100,Courcelles-le-Comte,"[2.7779, 50.16428]"
28,AWD0001my2,diary,556,2,1917-03-02 00:00:00 UTC,2 Mar 1917,"Puisieux-au-mont, Puisieux Au Mont","[2.60473, 50.08025]","",activity,fire,{},3023100,Courcelles-le-Comte,"[2.7779, 50.16428]"
29,AWD0001my2,diary,556,4,1917-03-03 00:00:00 UTC,3 Mar 1917,"Puisieux-au-mont, Puisieux Au Mont","[2.60473, 50.08025]","",diaryDate,3 Mar 1917,"{""day""=>[""3""], ""month""=>[""Mar""], ""year""=>[""1917""]}",3023100,Courcelles-le-Comte,"[2.7779, 50.16428]"
30,AWD0001my2,diary,556,2,1917-03-03 00:00:00 UTC,3 Mar 1917,"Puisieux-au-mont, Puisieux Au Mont","[2.60473, 50.08025]","",gridRef,L 15 a 0 2,{},3023100,Courcelles-le-Comte,"[2.7779, 50.16428]"
31,AWD0001my2,diary,556,2,1917-03-03 00:00:00 UTC,3 Mar 1917,"Puisieux-Au-Mont, Puisieux Au Mont","[0.0, 0.0]","",place,"Puisieux-Au-Mont, Puisieux Au Mont","{""place""=>[""Puisieux-Au-Mont"", ""Puisieux Au Mont""], ""location""=>[""true""], ""name""=>[""""], ""lat""=>[""""], ""long""=>[""""], ""id""=>[""""]}",3023100,Courcelles-le-Comte,"[2.7779, 50.16428]"
32,AWD0001my2,diary,556,2,1917-03-03 00:00:00 UTC,3 Mar 1917,"Puisieux-Au-Mont, Puisieux Au Mont","[0.0, 0.0]","",weather,fog,{},3023100,Courcelles-le-Comte,"[2.7779, 50.16428]"
37,AWD0001my2,diary,556,2,1917-03-03 00:00:00 UTC,3 Mar 1917,"Puisieux-Au-Mont, Puisieux Au Mont","[0.0, 0.0]","",gridRef,L 14 a 6 1,{},3023100,Courcelles-le-Comte,"[2.7779, 50.16428]"
40,AWD0001my2,diary,556,4,1917-03-03 00:00:00 UTC,3 Mar 1917,"Puisieux-Au-Mont, Puisieux Au Mont","[0.0, 0.0]","",activity,reconnoitered,{},3023100,Courcelles-le-Comte,"[2.7779, 50.16428]"
41,AWD0001my2,diary,556,2,1917-03-03 00:00:00 UTC,3 Mar 1917,"Puisieux-Au-Mont, Puisieux Au Mont","[0.0, 0.0]","",gridRef,L 10 c,{},3023100,Courcelles-le-Comte,"[2.7779, 50.16428]"
42,AWD0001my2,diary,556,2,1917-03-03 00:00:00 UTC,3 Mar 1917,"Puisieux-Au-Mont, Puisieux Au Mont","[0.0, 0.0]","",activity,enemy_activity,{},3023100,Courcelles-le-Comte,"[2.7779, 50.16428]"
43,AWD0001my2,diary,556,2,1917-03-03 00:00:00 UTC,3 Mar 1917,"Puisieux-Au-Mont, Puisieux Au Mont","[0.0, 0.0]","",gridRef,L 14 a 7 3,{},3023100,Courcelles-le-Comte,"[2.7779, 50.16428]"
44,AWD0001my2,diary,556,2,1917-03-03 00:00:00 UTC,3 Mar 1917,"Puisieux-Au-Mont, Puisieux Au Mont","[0.0, 0.0]","",gridRef,L 10 c 15 70,{},3023100,Courcelles-le-Comte,"[2.7779, 50.16428]"
45,AWD0001my2,diary,556,4,1917-03-03 00:00:00 UTC,3 Mar 1917,"Puisieux-Au-Mont, Puisieux Au Mont","[0.0, 0.0]","",person,Second Lieutenant  Beckett,"{""first""=>[""""], ""surname""=>[""Beckett""], ""rank""=>[""Second Lieutenant""], ""number""=>[""""], ""reason""=>[""casualty_wounded""], ""unit""=>[""""]}",3023100,Courcelles-le-Comte,"[2.7779, 50.16428]"
46,AWD0001my2,diary,556,2,1917-03-03 00:00:00 UTC,3 Mar 1917,"Puisieux-Au-Mont, Puisieux Au Mont","[0.0, 0.0]","",person,Second Lieutenant  Jupe,"{""first""=>[""""], ""surname""=>[""Jupe""], ""rank""=>[""Second Lieutenant""], ""number""=>[""""], ""reason""=>[""casualty_wounded""], ""unit""=>["""", ""8 Battalion Devonshire Regiment""]}",3023100,Courcelles-le-Comte,"[2.7779, 50.16428]"
47,AWD0001my2,diary,556,5,1917-03-03 00:00:00 UTC,3 Mar 1917,"Puisieux-Au-Mont, Puisieux Au Mont","[0.0, 0.0]","",activity,fire,{},3023100,Courcelles-le-Comte,"[2.7779, 50.16428]"
48,AWD0001my2,diary,556,2,1917-03-03 00:00:00 UTC,3 Mar 1917,"Puisieux-Au-Mont, Puisieux Au Mont","[0.0, 0.0]","",casualties,wounded: 2,{},3023100,Courcelles-le-Comte,"[2.7779, 50.16428]"
49,AWD0001my2,diary,556,2,1917-03-03 00:00:00 UTC,3 Mar 1917,"Puisieux-Au-Mont, Puisieux Au Mont","[0.0, 0.0]","",gridRef,L 9 a,{},3023100,Courcelles-le-Comte,"[2.7779, 50.16428]"
50,AWD0001my2,diary,556,4,1917-03-03 00:00:00 UTC,3 Mar 1917,"Puisieux-Au-Mont, Puisieux Au Mont","[0.0, 0.0]","",activity,reconnoitered,{},3023100,Courcelles-le-Comte,"[2.7779, 50.16428]"
52,AWD0001my2,diary,556,2,1917-03-03 00:00:00 UTC,3 Mar 1917,"Puisieux-Au-Mont, Puisieux Au Mont","[0.0, 0.0]","",gridRef,L 9 c 3 8,{},3023100,Courcelles-le-Comte,"[2.7779, 50.16428]"
53,AWD0001my2,diary,556,3,1917-03-03 00:00:00 UTC,3 Mar 1917,"Puisieux-Au-Mont, Puisieux Au Mont","[0.0, 0.0]","",activity,enemy_activity,{},3023100,Courcelles-le-Comte,"[2.7779, 50.16428]"
54,AWD0001my2,diary,556,4,1917-03-04 00:00:00 UTC,4 Mar 1917,"Puisieux-Au-Mont, Puisieux Au Mont","[0.0, 0.0]","",diaryDate,4 Mar 1917,"{""day""=>[""4""], ""month""=>[""Mar""], ""year""=>[""1917""]}",3023100,Courcelles-le-Comte,"[2.7779, 50.16428]"
55,AWD0001my2,diary,556,4,1917-03-04 00:00:00 UTC,4 Mar 1917,"Puisieux-Au-Mont, Puisieux Au Mont","[0.0, 0.0]","",weather,fine,{},3023100,Courcelles-le-Comte,"[2.7779, 50.16428]"
56,AWD0001my2,diary,556,3,1917-03-04 00:00:00 UTC,4 Mar 1917,"Puisieux-Au-Mont, Puisieux Au Mont","[0.0, 0.0]","",activity,fire,{},3023100,Courcelles-le-Comte,"[2.7779, 50.16428]"
58,AWD0001my2,diary,556,4,1917-03-04 00:00:00 UTC,4 Mar 1917,"Puisieux-Au-Mont, Puisieux Au Mont","[0.0, 0.0]","",activity,reconnoitered,{},3023100,Courcelles-le-Comte,"[2.7779, 50.16428]"
59,AWD0001my2,diary,556,2,1917-03-04 21:00:00 UTC,4 Mar 1917,"Puisieux-Au-Mont, Puisieux Au Mont","[0.0, 0.0]",0900PM,time,0900PM,{},3023100,Courcelles-le-Comte,"[2.7779, 50.16428]"
1,AWD0001myq,diary,557,3,1917-03-04 00:00:00 UTC,4 Mar 1917,"Puisieux-Au-Mont, Puisieux Au Mont","[0.0, 0.0]","",diaryDate,4 Mar 1917,"{""day""=>[""4""], ""month""=>[""Mar""], ""year""=>[""1917""]}",3023100,Courcelles-le-Comte,"[2.7779, 50.16428]"
4,AWD0001myq,diary,557,5,1917-03-04 00:00:00 UTC,4 Mar 1917,Puisieux,"[2.69444, 50.11644]","",place,Puisieux,"{""place""=>[""Puisieux""], ""location""=>[""true""], ""name""=>[""Puisieux""], ""lat""=>[""50.11644""], ""long""=>[""2.69444""], ""id""=>[""2985101""]}",2985101,Puisieux,"[2.69444, 50.11644]"
5,AWD0001myq,diary,557,2,1917-03-04 00:00:00 UTC,4 Mar 1917,Puisieux,"[2.69444, 50.11644]","",diaryDate,4 Mar 1917,"{""day""=>[""4""], ""month""=>[""Mar""], ""year""=>[""1917""]}",2985101,Puisieux,"[2.69444, 50.11644]"
6,AWD0001myq,diary,557,4,1917-03-04 00:00:00 UTC,4 Mar 1917,Puisieux,"[2.69444, 50.11644]","",person,Second Lieutenant  Yaxley,"{""first""=>[""""], ""surname""=>[""Yaxley""], ""rank""=>[""Second Lieutenant""], ""number""=>[""""], ""reason""=>[""other"", ""combat""], ""unit""=>[""""]}",2985101,Puisieux,"[2.69444, 50.11644]"
8,AWD0001myq,diary,557,4,1917-03-04 00:00:00 UTC,4 Mar 1917,Puisieux,"[2.69444, 50.11644]","",activity,reconnoitered,{},2985101,Puisieux,"[2.69444, 50.11644]"
9,AWD0001myq,diary,557,4,1917-03-04 00:00:00 UTC,4 Mar 1917,Puisieux,"[2.69444, 50.11644]","",activity,fire,{},2985101,Puisieux,"[2.69444, 50.11644]"
10,AWD0001myq,diary,557,4,1917-03-04 00:00:00 UTC,4 Mar 1917,Puisieux,"[2.69444, 50.11644]","",person,Second Lieutenant  Scott,"{""first""=>[""""], ""surname""=>[""Scott""], ""rank""=>[""Second Lieutenant""], ""number""=>[""""], ""reason""=>[""other"", ""combat""], ""unit""=>[""""]}",2985101,Puisieux,"[2.69444, 50.11644]"
11,AWD0001myq,diary,557,4,1917-03-04 00:00:00 UTC,4 Mar 1917,Puisieux,"[2.69444, 50.11644]","",person,Second Lieutenant  Evans,"{""first""=>[""""], ""surname""=>[""Evans""], ""rank""=>[""Second Lieutenant""], ""number""=>[""""], ""reason""=>[""other"", ""combat""], ""unit""=>[""""]}",2985101,Puisieux,"[2.69444, 50.11644]"
13,AWD0001myq,diary,557,2,1917-03-05 00:00:00 UTC,5 Mar 1917,Puisieux,"[2.69444, 50.11644]","",diaryDate,5 Mar 1917,"{""day""=>[""5""], ""month""=>[""Mar""], ""year""=>[""1917""]}",2985101,Puisieux,"[2.69444, 50.11644]"
14,AWD0001myq,diary,557,2,1917-03-05 00:00:00 UTC,5 Mar 1917,Puisieux,"[0.0, 0.0]","",place,Puisieux,"{""place""=>[""Puisieux""], ""location""=>[""true""], ""name""=>[""Puisieux""], ""lat""=>[""49.06667"", ""50.11644""], ""long""=>[""2.91667"", ""2.69444""], ""id""=>[""2985102"", ""2985101""]}",2985101,Puisieux,"[2.69444, 50.11644]"
15,AWD0001myq,diary,557,3,1917-03-05 00:00:00 UTC,5 Mar 1917,Puisieux,"[0.0, 0.0]","",diaryDate,5 Mar 1917,"{""day""=>[""5""], ""month""=>[""Mar""], ""year""=>[""1917""]}",2985101,Puisieux,"[2.69444, 50.11644]"
16,AWD0001myq,diary,557,3,1917-03-05 00:00:00 UTC,5 Mar 1917,Puisieux,"[0.0, 0.0]","",gridRef,L 15 b 3 4,{},2985101,Puisieux,"[2.69444, 50.11644]"
17,AWD0001myq,diary,557,3,1917-03-05 00:00:00 UTC,5 Mar 1917,Puisieux,"[0.0, 0.0]","",gridRef,L 9 c 8 3,{},2985101,Puisieux,"[2.69444, 50.11644]"
18,AWD0001myq,diary,557,3,1917-03-05 00:00:00 UTC,5 Mar 1917,Puisieux,"[0.0, 0.0]","",gridRef,L 9 c 5 8,{},2985101,Puisieux,"[2.69444, 50.11644]"
19,AWD0001myq,diary,557,3,1917-03-05 00:00:00 UTC,5 Mar 1917,Puisieux,"[0.0, 0.0]","",gridRef,L 8 d 95 90,{},2985101,Puisieux,"[2.69444, 50.11644]"
20,AWD0001myq,diary,557,2,1917-03-05 00:00:00 UTC,5 Mar 1917,Puisieux,"[0.0, 0.0]","",weather,cold,{},2985101,Puisieux,"[2.69444, 50.11644]"
21,AWD0001myq,diary,557,5,1917-03-05 00:00:00 UTC,5 Mar 1917,Puisieux,"[0.0, 0.0]","",person,Second Lieutenant  Pready,"{""first""=>[""""], ""surname""=>[""Pready""], ""rank""=>[""Second Lieutenant""], ""number""=>[""""], ""reason""=>[""casualty_wounded""], ""unit""=>[""""]}",2985101,Puisieux,"[2.69444, 50.11644]"
23,AWD0001myq,diary,557,2,1917-03-05 00:00:00 UTC,5 Mar 1917,Puisieux,"[0.0, 0.0]","",casualties,wounded: 1,{},2985101,Puisieux,"[2.69444, 50.11644]"
27,AWD0001myq,diary,557,2,1917-03-05 21:00:00 UTC,5 Mar 1917,Puisieux,"[0.0, 0.0]",0900PM,time,0900PM,{},2985101,Puisieux,"[2.69444, 50.11644]"
28,AWD0001myq,diary,557,4,1917-03-05 21:00:00 UTC,5 Mar 1917,Puisieux,"[0.0, 0.0]",0900PM,unit,14th Yorks,"{""name""=>[""14th Yorks""], ""context""=>[""relieved_by""]}",2985101,Puisieux,"[2.69444, 50.11644]"
29,AWD0001myq,diary,557,3,1917-03-05 21:00:00 UTC,5 Mar 1917,Puisieux,"[0.0, 0.0]",0900PM,activity,movement,{},2985101,Puisieux,"[2.69444, 50.11644]"
30,AWD0001myq,diary,557,2,1917-03-05 21:00:00 UTC,5 Mar 1917,Puisieux,"[0.0, 0.0]",0900PM,domestic,accomodation,{},2985101,Puisieux,"[2.69444, 50.11644]"
33,AWD0001myq,diary,557,5,1917-03-06 00:00:00 UTC,6 Mar 1917,Puisieux,"[0.0, 0.0]","",diaryDate,6 Mar 1917,"{""day""=>[""6""], ""month""=>[""Mar""], ""year""=>[""1917""]}",2985101,Puisieux,"[2.69444, 50.11644]"
34,AWD0001myq,diary,557,5,1917-03-06 00:00:00 UTC,6 Mar 1917,Puisieux,"[0.0, 0.0]","",activity,resting,{},2985101,Puisieux,"[2.69444, 50.11644]"
35,AWD0001myq,diary,557,5,1917-03-06 00:00:00 UTC,6 Mar 1917,Mailly Maillet,"[2.60473, 50.08025]","",place,Mailly Maillet,"{""place""=>[""Mailly Maillet""], ""location""=>[""true""], ""name""=>[""Mailly-Maillet""], ""lat""=>[""50.08025""], ""long""=>[""2.60473""], ""id""=>[""2996685""]}",2996685,Mailly-Maillet,"[2.60473, 50.08025]"
36,AWD0001myq,diary,557,5,1917-03-07 00:00:00 UTC,7 Mar 1917,Mailly Maillet,"[2.60473, 50.08025]","",diaryDate,7 Mar 1917,"{""day""=>[""7""], ""month""=>[""Mar""], ""year""=>[""1917""]}",2996685,Mailly-Maillet,"[2.60473, 50.08025]"
37,AWD0001myq,diary,557,3,1917-03-07 00:00:00 UTC,7 Mar 1917,Mailly Maillet,"[2.60473, 50.08025]","",domestic,hygiene,{},2996685,Mailly-Maillet,"[2.60473, 50.08025]"
38,AWD0001myq,diary,557,9,1917-03-07 00:00:00 UTC,7 Mar 1917,Mailly Maillet,"[2.60473, 50.08025]","",activity,training,{},2996685,Mailly-Maillet,"[2.60473, 50.08025]"
39,AWD0001myq,diary,557,4,1917-03-08 00:00:00 UTC,8 Mar 1917,Mailly Maillet,"[2.60473, 50.08025]","",diaryDate,8 Mar 1917,"{""day""=>[""8""], ""month""=>[""Mar""], ""year""=>[""1917""]}",2996685,Mailly-Maillet,"[2.60473, 50.08025]"
40,AWD0001myq,diary,557,2,1917-03-08 00:00:00 UTC,8 Mar 1917,Mailly Maillet,"[2.60473, 50.08025]","",place,Mailly Maillet,"{""place""=>[""Mailly Maillet""], ""location""=>[""true""], ""name""=>[""Mailly-Maillet""], ""lat""=>[""50.08025""], ""long""=>[""2.60473""], ""id""=>[""2996685""]}",2996685,Mailly-Maillet,"[2.60473, 50.08025]"
41,AWD0001myq,diary,557,2,1917-03-08 00:00:00 UTC,8 Mar 1917,Mailly Maillet,"[2.60473, 50.08025]","",activity,training,{},2996685,Mailly-Maillet,"[2.60473, 50.08025]"
42,AWD0001myq,diary,557,4,1917-03-09 00:00:00 UTC,9 Mar 1917,Mailly Maillet,"[2.60473, 50.08025]","",diaryDate,9 Mar 1917,"{""day""=>[""9""], ""month""=>[""Mar""], ""year""=>[""1917""]}",2996685,Mailly-Maillet,"[2.60473, 50.08025]"
43,AWD0001myq,diary,557,5,1917-03-09 00:00:00 UTC,9 Mar 1917,Mailly Maillet,"[2.60473, 50.08025]","",activity,training,{},2996685,Mailly-Maillet,"[2.60473, 50.08025]"
44,AWD0001myq,diary,557,4,1917-03-10 00:00:00 UTC,10 Mar 1917,Mailly Maillet,"[2.60473, 50.08025]","",diaryDate,10 Mar 1917,"{""day""=>[""10""], ""month""=>[""Mar""], ""year""=>[""1917""]}",2996685,Mailly-Maillet,"[2.60473, 50.08025]"
46,AWD0001myq,diary,557,2,1917-03-10 00:00:00 UTC,10 Mar 1917,Mailly Maillet,"[2.60473, 50.08025]","",place,Mailly Maillet,"{""place""=>[""Mailly Maillet""], ""location""=>[""true""], ""name""=>[""Mailly-Maillet""], ""lat""=>[""50.08025""], ""long""=>[""2.60473""], ""id""=>[""2996685""]}",2996685,Mailly-Maillet,"[2.60473, 50.08025]"
48,AWD0001myq,diary,557,5,1917-03-11 00:00:00 UTC,11 Mar 1917,Mailly Maillet,"[2.60473, 50.08025]","",diaryDate,11 Mar 1917,"{""day""=>[""11""], ""month""=>[""Mar""], ""year""=>[""1917""]}",2996685,Mailly-Maillet,"[2.60473, 50.08025]"
49,AWD0001myq,diary,557,5,1917-03-11 00:00:00 UTC,11 Mar 1917,Mailly Maillet,"[2.60473, 50.08025]","",domestic,religion,{},2996685,Mailly-Maillet,"[2.60473, 50.08025]"
51,AWD0001myq,diary,557,5,1917-03-11 00:00:00 UTC,11 Mar 1917,Mailly Maillet,"[2.60473, 50.08025]","",domestic,inspections,{},2996685,Mailly-Maillet,"[2.60473, 50.08025]"
52,AWD0001myq,diary,557,5,1917-03-12 00:00:00 UTC,12 Mar 1917,Mailly Maillet,"[2.60473, 50.08025]","",diaryDate,12 Mar 1917,"{""day""=>[""12""], ""month""=>[""Mar""], ""year""=>[""1917""]}",2996685,Mailly-Maillet,"[2.60473, 50.08025]"
53,AWD0001myq,diary,557,2,1917-03-12 00:00:00 UTC,12 Mar 1917,Mailly Maillet,"[2.60473, 50.08025]","",place,Mailly Maillet,"{""place""=>[""Mailly Maillet""], ""location""=>[""true""], ""name""=>[""Mailly-Maillet""], ""lat""=>[""50.08025""], ""long""=>[""2.60473""], ""id""=>[""2996685""]}",2996685,Mailly-Maillet,"[2.60473, 50.08025]"
54,AWD0001myq,diary,557,9,1917-03-12 00:00:00 UTC,12 Mar 1917,Mailly Maillet,"[2.60473, 50.08025]","",activity,training,{},2996685,Mailly-Maillet,"[2.60473, 50.08025]"
55,AWD0001myq,diary,557,4,1917-03-13 00:00:00 UTC,13 Mar 1917,Mailly Maillet,"[2.60473, 50.08025]","",diaryDate,13 Mar 1917,"{""day""=>[""13""], ""month""=>[""Mar""], ""year""=>[""1917""]}",2996685,Mailly-Maillet,"[2.60473, 50.08025]"
57,AWD0001myq,diary,557,3,1917-03-13 00:00:00 UTC,13 Mar 1917,Mailly Maillet,"[2.60473, 50.08025]","",unit,2nd Gordons,"{""name""=>[""2nd Gordons""], ""context""=>[""joined""]}",2996685,Mailly-Maillet,"[2.60473, 50.08025]"
58,AWD0001myq,diary,557,4,1917-03-14 00:00:00 UTC,14 Mar 1917,Mailly Maillet,"[2.60473, 50.08025]","",diaryDate,14 Mar 1917,"{""day""=>[""14""], ""month""=>[""Mar""], ""year""=>[""1917""]}",2996685,Mailly-Maillet,"[2.60473, 50.08025]"
62,AWD0001myq,diary,557,2,1917-03-14 00:00:00 UTC,14 Mar 1917,Mailly Maillet,"[2.60473, 50.08025]","",place,Mailly Maillet,"{""place""=>[""Mailly Maillet""], ""location""=>[""true""], ""name""=>[""Mailly-Maillet""], ""lat""=>[""50.08025""], ""long""=>[""2.60473""], ""id""=>[""2996685""]}",2996685,Mailly-Maillet,"[2.60473, 50.08025]"
63,AWD0001myq,diary,557,5,1917-03-15 00:00:00 UTC,15 Mar 1917,Mailly Maillet,"[2.60473, 50.08025]","",diaryDate,15 Mar 1917,"{""day""=>[""15""], ""month""=>[""Mar""], ""year""=>[""1917""]}",2996685,Mailly-Maillet,"[2.60473, 50.08025]"
64,AWD0001myq,diary,557,6,1917-03-15 00:00:00 UTC,15 Mar 1917,Mailly Maillet,"[2.60473, 50.08025]","",activity,training,{},2996685,Mailly-Maillet,"[2.60473, 50.08025]"
65,AWD0001myq,diary,557,3,1917-03-15 00:00:00 UTC,15 Mar 1917,Mailly Maillet,"[2.60473, 50.08025]","",unit,2nd Gordons,"{""name""=>[""2nd Gordons""], ""context""=>[""joined""]}",2996685,Mailly-Maillet,"[2.60473, 50.08025]"
66,AWD0001myq,diary,557,5,1917-03-16 00:00:00 UTC,16 Mar 1917,Mailly Maillet,"[2.60473, 50.08025]","",diaryDate,16 Mar 1917,"{""day""=>[""16""], ""month""=>[""Mar""], ""year""=>[""1917""]}",2996685,Mailly-Maillet,"[2.60473, 50.08025]"
67,AWD0001myq,diary,557,2,1917-03-16 00:00:00 UTC,16 Mar 1917,Mailly Maillet,"[2.60473, 50.08025]","",activity,training,{},2996685,Mailly-Maillet,"[2.60473, 50.08025]"
1,AWD0001n0k,diary,558,4,1917-03-18 00:00:00 UTC,18 Mar 1917,Mailly Maillet,"[2.60473, 50.08025]","",diaryDate,18 Mar 1917,"{""day""=>[""18""], ""month""=>[""Mar""], ""year""=>[""1917""]}",2996685,Mailly-Maillet,"[2.60473, 50.08025]"
3,AWD0001n0k,diary,558,5,1917-03-18 00:00:00 UTC,18 Mar 1917,Mailly Maillet,"[2.60473, 50.08025]","",activity,movement,{},2996685,Mailly-Maillet,"[2.60473, 50.08025]"
4,AWD0001n0k,diary,558,2,1917-03-18 10:00:00 UTC,18 Mar 1917,Mailly Maillet,"[2.60473, 50.08025]",1000AM,time,1000AM,{},2996685,Mailly-Maillet,"[2.60473, 50.08025]"
5,AWD0001n0k,diary,558,3,1917-03-18 10:00:00 UTC,18 Mar 1917,Mailly Maillet,"[2.60473, 50.08025]",1000AM,place,"Puisieux, Ponieux, PUISIEUX","{""place""=>[""Puisieux"", ""Ponieux"", ""PUISIEUX""], ""location""=>[""false""], ""name""=>[""Puisieux""], ""lat""=>[""50.11644""], ""long""=>[""2.69444""], ""id""=>[""2985101""]}",2996685,Mailly-Maillet,"[2.60473, 50.08025]"
6,AWD0001n0k,diary,558,3,1917-03-18 10:00:00 UTC,18 Mar 1917,Mailly Maillet,"[2.60473, 50.08025]",1000AM,place,Mailly Maillet,"{""place""=>[""Mailly Maillet""], ""location""=>[""true""], ""name""=>[""Mailly-Maillet""], ""lat""=>[""50.08025""], ""long""=>[""2.60473""], ""id""=>[""2996685""]}",2996685,Mailly-Maillet,"[2.60473, 50.08025]"
8,AWD0001n0k,diary,558,5,1917-03-19 00:00:00 UTC,19 Mar 1917,Mailly Maillet,"[2.60473, 50.08025]","",diaryDate,19 Mar 1917,"{""day""=>[""19""], ""month""=>[""Mar""], ""year""=>[""1917""]}",2996685,Mailly-Maillet,"[2.60473, 50.08025]"
9,AWD0001n0k,diary,558,2,1917-03-19 00:00:00 UTC,19 Mar 1917,Puisieux,"[2.69444, 50.11644]","",place,Puisieux,"{""place""=>[""Puisieux""], ""location""=>[""true""], ""name""=>[""Puisieux""], ""lat""=>[""50.11644""], ""long""=>[""2.69444""], ""id""=>[""2985101""]}",2985101,Puisieux,"[2.69444, 50.11644]"
10,AWD0001n0k,diary,558,5,1917-03-19 00:00:00 UTC,19 Mar 1917,Puisieux,"[2.69444, 50.11644]","",activity,working,{},2985101,Puisieux,"[2.69444, 50.11644]"
11,AWD0001n0k,diary,558,5,1917-03-20 00:00:00 UTC,20 Mar 1917,Puisieux,"[2.69444, 50.11644]","",diaryDate,20 Mar 1917,"{""day""=>[""20""], ""month""=>[""Mar""], ""year""=>[""1917""]}",2985101,Puisieux,"[2.69444, 50.11644]"
12,AWD0001n0k,diary,558,4,1917-03-20 00:00:00 UTC,20 Mar 1917,St Leger,"[0.0, 0.0]","",place,St Leger,"{""place""=>[""St Leger""], ""location""=>[""true""], ""name""=>[""Saint-Léger"", ""Puisieux"", ""Saint-Léger-Vauban"", """"], ""lat""=>[""49.61196"", ""50.11644"", ""47.38702"", """"], ""long""=>[""5.65688"", ""2.69444"", ""4.04096"", """"], ""id""=>[""2787378"", ""2985101"", ""2978799"", """"]}",2787378,Saint-Léger,"[5.65688, 49.61196]"
13,AWD0001n0k,diary,558,5,1917-03-20 00:00:00 UTC,20 Mar 1917,St Leger,"[0.0, 0.0]","",activity,movement,{},2787378,Saint-Léger,"[5.65688, 49.61196]"
14,AWD0001n0k,diary,558,2,1917-03-20 00:00:00 UTC,20 Mar 1917,"St Leger, SAINT LEGER","[0.0, 0.0]","",place,"St Leger, SAINT LEGER","{""place""=>[""St Leger"", ""SAINT LEGER""], ""location""=>[""true""], ""name""=>[""""], ""lat""=>[""""], ""long""=>[""""], ""id""=>[""""]}",2787378,Saint-Léger,"[5.65688, 49.61196]"
15,AWD0001n0k,diary,558,2,1917-03-20 00:00:00 UTC,20 Mar 1917,"St Leger, SAINT LEGER","[0.0, 0.0]","",unit,"6th Northants?, 6th Northants","{""name""=>[""6th Northants?"", ""6th Northants""], ""context""=>[""relieved""]}",2787378,Saint-Léger,"[5.65688, 49.61196]"
17,AWD0001n0k,diary,558,2,1917-03-20 00:00:00 UTC,20 Mar 1917,"St Leger, SAINT LEGER","[0.0, 0.0]","",gridRef,B 4 b 9 2,{},2787378,Saint-Léger,"[5.65688, 49.61196]"
20,AWD0001n0k,diary,558,2,1917-03-20 00:00:00 UTC,20 Mar 1917,"St Leger, SAINT LEGER","[0.0, 0.0]","",gridRef,T 28 a 4 6,{},2787378,Saint-Léger,"[5.65688, 49.61196]"
21,AWD0001n0k,diary,558,2,1917-03-20 00:00:00 UTC,20 Mar 1917,"St Leger, SAINT LEGER","[0.0, 0.0]","",gridRef,T 27 b 3 7,{},2787378,Saint-Léger,"[5.65688, 49.61196]"
23,AWD0001n0k,diary,558,2,1917-03-20 00:00:00 UTC,20 Mar 1917,"St Leger, SAINT LEGER","[0.0, 0.0]","",unit,"2nd Corp Cyclists, 2nd Corps Cyclists","{""name""=>[""2nd Corp Cyclists"", ""2nd Corps Cyclists""], ""context""=>[""right""]}",2787378,Saint-Léger,"[5.65688, 49.61196]"
24,AWD0001n0k,diary,558,3,1917-03-20 00:00:00 UTC,20 Mar 1917,"St Leger, SAINT LEGER","[0.0, 0.0]","",unit,2nd Gordons,"{""name""=>[""2nd Gordons""], ""context""=>[""right""]}",2787378,Saint-Léger,"[5.65688, 49.61196]"
30,AWD0001n0k,diary,558,2,1917-03-20 00:00:00 UTC,20 Mar 1917,"St Leger, SAINT LEGER","[0.0, 0.0]","",unit,"Lucknow Cavalry, Lucknow Cavalry?","{""name""=>[""Lucknow Cavalry"", ""Lucknow Cavalry?""], ""context""=>[""left""]}",2787378,Saint-Léger,"[5.65688, 49.61196]"
31,AWD0001n0k,diary,558,3,1917-03-20 00:00:00 UTC,20 Mar 1917,"St Leger, SAINT LEGER","[0.0, 0.0]","",activity,reconnoitered,{},2787378,Saint-Léger,"[5.65688, 49.61196]"
32,AWD0001n0k,diary,558,5,1917-03-21 00:00:00 UTC,21 Mar 1917,"St Leger, SAINT LEGER","[0.0, 0.0]","",diaryDate,21 Mar 1917,"{""day""=>[""21""], ""month""=>[""Mar""], ""year""=>[""1917""]}",2787378,Saint-Léger,"[5.65688, 49.61196]"
35,AWD0001n0k,diary,558,2,1917-03-21 00:00:00 UTC,21 Mar 1917,"St Leger, SAINT LEGER","[0.0, 0.0]","",unit,"2nd Border Reg, 2ND BORDER","{""name""=>[""2nd Border Reg"", ""2ND BORDER""], ""context""=>[""relieved_by""]}",2787378,Saint-Léger,"[5.65688, 49.61196]"
36,AWD0001n0k,diary,558,3,1917-03-21 00:00:00 UTC,21 Mar 1917,"St Leger, SAINT LEGER","[0.0, 0.0]","",activity,movement,{},2787378,Saint-Léger,"[5.65688, 49.61196]"
37,AWD0001n0k,diary,558,2,1917-03-21 00:00:00 UTC,21 Mar 1917,"St Leger, SAINT LEGER","[0.0, 0.0]","",domestic,accomodation,{},2787378,Saint-Léger,"[5.65688, 49.61196]"
38,AWD0001n0k,diary,558,10,1917-03-21 00:00:00 UTC,21 Mar 1917,Ervillers,"[2.82441, 50.16123]","",place,Ervillers,"{""place""=>[""Ervillers""], ""location""=>[""true""], ""name""=>[""Ervillers""], ""lat""=>[""50.16123""], ""long""=>[""2.82441""], ""id""=>[""3019859""]}",3019859,Ervillers,"[2.82441, 50.16123]"
39,AWD0001n0k,diary,558,4,1917-03-22 00:00:00 UTC,22 Mar 1917,Ervillers,"[2.82441, 50.16123]","",diaryDate,22 Mar 1917,"{""day""=>[""22""], ""month""=>[""Mar""], ""year""=>[""1917""]}",3019859,Ervillers,"[2.82441, 50.16123]"
42,AWD0001n0k,diary,558,5,1917-03-23 00:00:00 UTC,23 Mar 1917,Ervillers,"[2.82441, 50.16123]","",diaryDate,23 Mar 1917,"{""day""=>[""23""], ""month""=>[""Mar""], ""year""=>[""1917""]}",3019859,Ervillers,"[2.82441, 50.16123]"
43,AWD0001n0k,diary,558,8,1917-03-23 00:00:00 UTC,23 Mar 1917,Ervillers,"[2.82441, 50.16123]","",activity,working,{},3019859,Ervillers,"[2.82441, 50.16123]"
44,AWD0001n0k,diary,558,5,1917-03-23 00:00:00 UTC,23 Mar 1917,Ervillers,"[2.82441, 50.16123]","",place,Ervillers,"{""place""=>[""Ervillers""], ""location""=>[""true""], ""name""=>[""Ervillers""], ""lat""=>[""50.16123""], ""long""=>[""2.82441""], ""id""=>[""3019859""]}",3019859,Ervillers,"[2.82441, 50.16123]"
45,AWD0001n0k,diary,558,4,1917-03-24 00:00:00 UTC,24 Mar 1917,Ervillers,"[2.82441, 50.16123]","",diaryDate,24 Mar 1917,"{""day""=>[""24""], ""month""=>[""Mar""], ""year""=>[""1917""]}",3019859,Ervillers,"[2.82441, 50.16123]"
48,AWD0001n0k,diary,558,6,1917-03-24 00:00:00 UTC,24 Mar 1917,Ervillers,"[2.82441, 50.16123]","",activity,working,{},3019859,Ervillers,"[2.82441, 50.16123]"
49,AWD0001n0k,diary,558,4,1917-03-25 00:00:00 UTC,25 Mar 1917,Ervillers,"[2.82441, 50.16123]","",diaryDate,25 Mar 1917,"{""day""=>[""25""], ""month""=>[""Mar""], ""year""=>[""1917""]}",3019859,Ervillers,"[2.82441, 50.16123]"
50,AWD0001n0k,diary,558,4,1917-03-25 00:00:00 UTC,25 Mar 1917,Ervillers,"[2.82441, 50.16123]","",place,Ervillers,"{""place""=>[""Ervillers""], ""location""=>[""true""], ""name""=>[""Ervillers""], ""lat""=>[""50.16123""], ""long""=>[""2.82441""], ""id""=>[""3019859""]}",3019859,Ervillers,"[2.82441, 50.16123]"
51,AWD0001n0k,diary,558,2,1917-03-25 00:00:00 UTC,25 Mar 1917,Ervillers,"[2.82441, 50.16123]","",activity,working,{},3019859,Ervillers,"[2.82441, 50.16123]"
52,AWD0001n0k,diary,558,5,1917-03-26 00:00:00 UTC,26 Mar 1917,Ervillers,"[2.82441, 50.16123]","",diaryDate,26 Mar 1917,"{""day""=>[""26""], ""month""=>[""Mar""], ""year""=>[""1917""]}",3019859,Ervillers,"[2.82441, 50.16123]"
53,AWD0001n0k,diary,558,4,1917-03-26 00:00:00 UTC,26 Mar 1917,Mory,"[2.85365, 50.15763]","",place,Mory,"{""place""=>[""Mory""], ""location""=>[""true""], ""name""=>[""Mory""], ""lat""=>[""50.15763""], ""long""=>[""2.85365""], ""id""=>[""2991632""]}",2991632,Mory,"[2.85365, 50.15763]"
54,AWD0001n0k,diary,558,4,1917-03-26 00:00:00 UTC,26 Mar 1917,Mory,"[2.85365, 50.15763]","",unit,9th Devons,"{""name""=>[""9th Devons""], ""context""=>[""relieved"", ""relieved_by""]}",2991632,Mory,"[2.85365, 50.15763]"
56,AWD0001n0k,diary,558,2,1917-03-26 00:00:00 UTC,26 Mar 1917,"Mory, MORY","[2.85365, 50.15763]","",place,"Mory, MORY","{""place""=>[""Mory"", ""MORY""], ""location""=>[""true""], ""name""=>[""Mory""], ""lat""=>[""50.15763""], ""long""=>[""2.85365""], ""id""=>[""2991632""]}",2991632,Mory,"[2.85365, 50.15763]"
57,AWD0001n0k,diary,558,2,1917-03-26 00:00:00 UTC,26 Mar 1917,"Mory, MORY","[2.85365, 50.15763]","",place,Ecoust,"{""place""=>[""Ecoust""], ""location""=>[""false"", ""true""], ""name""=>["""", ""Écoust-Saint-Mein""], ""lat""=>["""", ""50.18014""], ""long""=>["""", ""2.91236""], ""id""=>["""", ""3020436""]}",2991632,Mory,"[2.85365, 50.15763]"
58,AWD0001n0k,diary,558,3,1917-03-26 00:00:00 UTC,26 Mar 1917,"Mory, MORY","[2.85365, 50.15763]","",unit,Anzacs,"{""name""=>[""Anzacs""], ""context""=>[""right""]}",2991632,Mory,"[2.85365, 50.15763]"
60,AWD0001n0k,diary,558,3,1917-03-26 00:00:00 UTC,26 Mar 1917,"Mory, MORY","[2.85365, 50.15763]","",unit,"2nd Manchester, 22nd Manchesters, 22ND MANCHESTERS","{""name""=>[""2nd Manchester"", ""22nd Manchesters"", ""22ND MANCHESTERS""], ""context""=>[""left""]}",2991632,Mory,"[2.85365, 50.15763]"
61,AWD0001n0k,diary,558,3,1917-03-26 00:00:00 UTC,26 Mar 1917,"Mory, MORY","[2.85365, 50.15763]","",activity,reconnoitered,{},2991632,Mory,"[2.85365, 50.15763]"
64,AWD0001n0k,diary,558,2,1917-03-26 00:00:00 UTC,26 Mar 1917,"Mory, MORY","[2.85365, 50.15763]","",casualties,wounded: 9,{},2991632,Mory,"[2.85365, 50.15763]"
65,AWD0001n0k,diary,558,2,1917-03-26 00:00:00 UTC,26 Mar 1917,"Mory, MORY","[2.85365, 50.15763]","",casualties,other: 9,{},2991632,Mory,"[2.85365, 50.15763]"
1,AWD0001mzo,diary,559,5,1917-03-27 00:00:00 UTC,27 Mar 1917,"Mory, MORY","[2.85365, 50.15763]","",diaryDate,27 Mar 1917,"{""day""=>[""27""], ""month""=>[""Mar""], ""year""=>[""1917""]}",2991632,Mory,"[2.85365, 50.15763]"
2,AWD0001mzo,diary,559,4,1917-03-27 00:00:00 UTC,27 Mar 1917,"Mory, MORY","[2.85365, 50.15763]","",activity,fire,{},2991632,Mory,"[2.85365, 50.15763]"
3,AWD0001mzo,diary,559,4,1917-03-27 00:00:00 UTC,27 Mar 1917,Mory,"[2.85365, 50.15763]","",place,Mory,"{""place""=>[""Mory""], ""location""=>[""true""], ""name""=>[""Mory""], ""lat""=>[""50.15763""], ""long""=>[""2.85365""], ""id""=>[""2991632""]}",2991632,Mory,"[2.85365, 50.15763]"
5,AWD0001mzo,diary,559,3,1917-03-27 00:00:00 UTC,27 Mar 1917,Mory,"[2.85365, 50.15763]","",gridRef,C 8 c 7 2,{},2991632,Mory,"[2.85365, 50.15763]"
7,AWD0001mzo,diary,559,2,1917-03-27 00:00:00 UTC,27 Mar 1917,Mory,"[2.85365, 50.15763]","",gridRef,C 7 a 8 2,{},2991632,Mory,"[2.85365, 50.15763]"
9,AWD0001mzo,diary,559,5,1917-03-27 00:00:00 UTC,27 Mar 1917,Mory,"[2.85365, 50.15763]","",unit,2nd Gordons,"{""name""=>[""2nd Gordons""], ""context""=>[""relieved_by""]}",2991632,Mory,"[2.85365, 50.15763]"
10,AWD0001mzo,diary,559,3,1917-03-27 00:00:00 UTC,27 Mar 1917,Mory,"[2.85365, 50.15763]","",activity,support,{},2991632,Mory,"[2.85365, 50.15763]"
12,AWD0001mzo,diary,559,3,1917-03-27 00:00:00 UTC,27 Mar 1917,Mory,"[2.85365, 50.15763]","",activity,attack,{},2991632,Mory,"[2.85365, 50.15763]"
13,AWD0001mzo,diary,559,4,1917-03-28 00:00:00 UTC,28 Mar 1917,Mory,"[2.85365, 50.15763]","",diaryDate,28 Mar 1917,"{""day""=>[""28""], ""month""=>[""Mar""], ""year""=>[""1917""]}",2991632,Mory,"[2.85365, 50.15763]"
15,AWD0001mzo,diary,559,3,1917-03-28 00:00:00 UTC,28 Mar 1917,Mory,"[2.85365, 50.15763]","",place,Croisilles,"{""place""=>[""Croisilles""], ""location""=>[""false""], ""name""=>[""""], ""lat""=>[""""], ""long""=>[""""], ""id""=>[""""]}",2991632,Mory,"[2.85365, 50.15763]"
16,AWD0001mzo,diary,559,3,1917-03-28 00:00:00 UTC,28 Mar 1917,Mory,"[2.85365, 50.15763]","",place,Mory,"{""place""=>[""Mory""], ""location""=>[""true""], ""name""=>[""Mory""], ""lat""=>[""50.15763""], ""long""=>[""2.85365""], ""id""=>[""2991632""]}",2991632,Mory,"[2.85365, 50.15763]"
22,AWD0001mzo,diary,559,2,1917-03-28 00:00:00 UTC,28 Mar 1917,Mory,"[2.85365, 50.15763]","",gridRef,T 24 c 9 1,{},2991632,Mory,"[2.85365, 50.15763]"
25,AWD0001mzo,diary,559,4,1917-03-28 00:00:00 UTC,28 Mar 1917,Mory,"[2.85365, 50.15763]","",casualties,"killed: 9, wounded: 7",{},2991632,Mory,"[2.85365, 50.15763]"
27,AWD0001mzo,diary,559,2,1917-03-28 00:00:00 UTC,28 Mar 1917,Mory,"[2.85365, 50.15763]","",activity,fire,{},2991632,Mory,"[2.85365, 50.15763]"
29,AWD0001mzo,diary,559,4,1917-03-28 00:00:00 UTC,28 Mar 1917,Mory,"[2.85365, 50.15763]","",activity,fire,{},2991632,Mory,"[2.85365, 50.15763]"
31,AWD0001mzo,diary,559,2,1917-03-28 00:00:00 UTC,28 Mar 1917,Mory,"[2.85365, 50.15763]","",unit,"2ND BORDER, 2nd Border Reg","{""name""=>[""2ND BORDER"", ""2nd Border Reg""], ""context""=>[""relieved_by""]}",2991632,Mory,"[2.85365, 50.15763]"
35,AWD0001mzo,diary,559,4,1917-03-28 00:00:00 UTC,28 Mar 1917,Mory,"[2.85365, 50.15763]","",activity,movement,{},2991632,Mory,"[2.85365, 50.15763]"
36,AWD0001mzo,diary,559,2,1917-03-28 00:00:00 UTC,28 Mar 1917,Mory,"[2.85365, 50.15763]","",unit,"The Gordons, GORDONS","{""name""=>[""The Gordons"", ""GORDONS""], ""context""=>[""other""]}",2991632,Mory,"[2.85365, 50.15763]"
37,AWD0001mzo,diary,559,4,1917-03-28 00:00:00 UTC,28 Mar 1917,Mory,"[2.85365, 50.15763]","",domestic,accomodation,{},2991632,Mory,"[2.85365, 50.15763]"
38,AWD0001mzo,diary,559,3,1917-03-28 00:00:00 UTC,28 Mar 1917,Mory,"[2.85365, 50.15763]","",activity,support,{},2991632,Mory,"[2.85365, 50.15763]"
39,AWD0001mzo,diary,559,5,1917-03-29 00:00:00 UTC,29 Mar 1917,Mory,"[2.85365, 50.15763]","",diaryDate,29 Mar 1917,"{""day""=>[""29""], ""month""=>[""Mar""], ""year""=>[""1917""]}",2991632,Mory,"[2.85365, 50.15763]"
42,AWD0001mzo,diary,559,5,1917-03-29 00:00:00 UTC,29 Mar 1917,Ervillers,"[2.82441, 50.16123]","",place,Ervillers,"{""place""=>[""Ervillers""], ""location""=>[""true""], ""name""=>[""Ervillers""], ""lat""=>[""50.16123""], ""long""=>[""2.82441""], ""id""=>[""3019859""]}",3019859,Ervillers,"[2.82441, 50.16123]"
43,AWD0001mzo,diary,559,5,1917-03-29 00:00:00 UTC,29 Mar 1917,Ervillers,"[2.82441, 50.16123]","",activity,movement,{},3019859,Ervillers,"[2.82441, 50.16123]"
45,AWD0001mzo,diary,559,5,1917-03-30 00:00:00 UTC,30 Mar 1917,Ervillers,"[2.82441, 50.16123]","",diaryDate,30 Mar 1917,"{""day""=>[""30""], ""month""=>[""Mar""], ""year""=>[""1917""]}",3019859,Ervillers,"[2.82441, 50.16123]"
46,AWD0001mzo,diary,559,5,1917-03-30 00:00:00 UTC,30 Mar 1917,Ervillers,"[2.82441, 50.16123]","",activity,working,{},3019859,Ervillers,"[2.82441, 50.16123]"
47,AWD0001mzo,diary,559,8,1917-03-30 00:00:00 UTC,30 Mar 1917,Courcelles,"[0.0, 0.0]","",place,Courcelles,"{""place""=>[""Courcelles""], ""location""=>[""true""], ""name""=>[""""], ""lat""=>[""""], ""long""=>[""""], ""id""=>[""""]}",2800063,Courcelles,"[4.3747, 50.46379]"
48,AWD0001mzo,diary,559,2,1917-03-31 00:00:00 UTC,31 Mar 1917,Courcelles,"[0.0, 0.0]","",diaryDate,31 Mar 1917,"{""day""=>[""31""], ""month""=>[""Mar""], ""year""=>[""1917""]}",2800063,Courcelles,"[4.3747, 50.46379]"
49,AWD0001mzo,diary,559,9,1917-03-31 00:00:00 UTC,31 Mar 1917,Courcelles,"[0.0, 0.0]","",activity,resting,{},2800063,Courcelles,"[4.3747, 50.46379]"
50,AWD0001mzo,diary,559,3,1917-03-31 00:00:00 UTC,31 Mar 1917,Courcelles,"[0.0, 0.0]","",diaryDate,31 Mar 1917,"{""day""=>[""31""], ""month""=>[""Mar""], ""year""=>[""1917""]}",2800063,Courcelles,"[4.3747, 50.46379]"
56,AWD0001mzo,diary,559,4,1917-03-31 00:00:00 UTC,31 Mar 1917,Courcelles,"[0.0, 0.0]","",person,Captain C Pepys,"{""first""=>[""C""], ""surname""=>[""Pepys""], ""rank""=>[""Captain""], ""number""=>[""""], ""reason""=>[""author""], ""unit""=>[""""]}",2800063,Courcelles,"[4.3747, 50.46379]"
1,AWD0001mz6,diary,560,5,1917-04-01 00:00:00 UTC,1 Apr 1917,Courcelles,"[0.0, 0.0]","",diaryDate,1 Apr 1917,"{""day""=>[""1""], ""month""=>[""Apr""], ""year""=>[""1917""]}",2800063,Courcelles,"[4.3747, 50.46379]"
2,AWD0001mz6,diary,560,5,1917-04-01 00:00:00 UTC,1 Apr 1917,Courcelles-le-Comte,"[2.7779, 50.16428]","",place,Courcelles-le-Comte,"{""place""=>[""Courcelles-le-Comte""], ""location""=>[""true""], ""name""=>[""Courcelles-le-Comte""], ""lat""=>[""50.16428""], ""long""=>[""2.7779""], ""id""=>[""3023100""]}",3023100,Courcelles-le-Comte,"[2.7779, 50.16428]"
3,AWD0001mz6,diary,560,5,1917-04-01 00:00:00 UTC,1 Apr 1917,Courcelles-le-Comte,"[2.7779, 50.16428]","",activity,resting,{},3023100,Courcelles-le-Comte,"[2.7779, 50.16428]"
4,AWD0001mz6,diary,560,2,1917-04-01 00:00:00 UTC,1 Apr 1917,Courcelles-le-Comte,"[2.7779, 50.16428]","",activity,repair,{},3023100,Courcelles-le-Comte,"[2.7779, 50.16428]"
6,AWD0001mz6,diary,560,2,1917-04-01 22:00:00 UTC,1 Apr 1917,Courcelles-le-Comte,"[2.7779, 50.16428]",1000PM,time,1000PM,{},3023100,Courcelles-le-Comte,"[2.7779, 50.16428]"
7,AWD0001mz6,diary,560,4,1917-04-01 22:00:00 UTC,1 Apr 1917,Courcelles-le-Comte,"[2.7779, 50.16428]",1000PM,activity,movement,{},3023100,Courcelles-le-Comte,"[2.7779, 50.16428]"
9,AWD0001mz6,diary,560,3,1917-04-01 22:00:00 UTC,1 Apr 1917,Courcelles-le-Comte,"[2.7779, 50.16428]",1000PM,activity,attack,{},3023100,Courcelles-le-Comte,"[2.7779, 50.16428]"
10,AWD0001mz6,diary,560,4,1917-04-02 00:00:00 UTC,2 Apr 1917,Courcelles-le-Comte,"[2.7779, 50.16428]","",diaryDate,2 Apr 1917,"{""day""=>[""2""], ""month""=>[""Apr""], ""year""=>[""1917""]}",3023100,Courcelles-le-Comte,"[2.7779, 50.16428]"
11,AWD0001mz6,diary,560,7,1917-04-02 00:00:00 UTC,2 Apr 1917,Ecoust,"[2.91236, 50.18014]","",place,Ecoust,"{""place""=>[""Ecoust""], ""location""=>[""true""], ""name""=>[""Écoust-Saint-Mein""], ""lat""=>[""50.18014""], ""long""=>[""2.91236""], ""id""=>[""3020436""]}",3020436,Écoust-Saint-Mein,"[2.91236, 50.18014]"
13,AWD0001mz6,diary,560,2,1917-04-02 00:00:00 UTC,2 Apr 1917,Ecoust,"[2.91236, 50.18014]","",activity,achieved,{},3020436,Écoust-Saint-Mein,"[2.91236, 50.18014]"
16,AWD0001mz6,diary,560,5,1917-04-03 00:00:00 UTC,3 Apr 1917,Ecoust,"[2.91236, 50.18014]","",diaryDate,3 Apr 1917,"{""day""=>[""3""], ""month""=>[""Apr""], ""year""=>[""1917""]}",3020436,Écoust-Saint-Mein,"[2.91236, 50.18014]"
17,AWD0001mz6,diary,560,5,1917-04-03 00:00:00 UTC,3 Apr 1917,Courcelles-le-Comte,"[2.7779, 50.16428]","",place,Courcelles-le-Comte,"{""place""=>[""Courcelles-le-Comte""], ""location""=>[""true""], ""name""=>[""Courcelles-le-Comte""], ""lat""=>[""50.16428""], ""long""=>[""2.7779""], ""id""=>[""3023100""]}",3023100,Courcelles-le-Comte,"[2.7779, 50.16428]"
19,AWD0001mz6,diary,560,3,1917-04-03 00:00:00 UTC,3 Apr 1917,Courcelles-le-Comte,"[2.7779, 50.16428]","",activity,movement,{},3023100,Courcelles-le-Comte,"[2.7779, 50.16428]"
23,AWD0001mz6,diary,560,5,1917-04-03 00:00:00 UTC,3 Apr 1917,Courcelles-le-Comte,"[2.7779, 50.16428]","",activity,movement,{},3023100,Courcelles-le-Comte,"[2.7779, 50.16428]"
24,AWD0001mz6,diary,560,4,1917-04-03 00:00:00 UTC,3 Apr 1917,Courcelles-le-Comte,"[2.7779, 50.16428]","",domestic,accomodation,{},3023100,Courcelles-le-Comte,"[2.7779, 50.16428]"
25,AWD0001mz6,diary,560,5,1917-04-04 00:00:00 UTC,4 Apr 1917,Courcelles-le-Comte,"[2.7779, 50.16428]","",diaryDate,4 Apr 1917,"{""day""=>[""4""], ""month""=>[""Apr""], ""year""=>[""1917""]}",3023100,Courcelles-le-Comte,"[2.7779, 50.16428]"
27,AWD0001mz6,diary,560,2,1917-04-04 00:00:00 UTC,4 Apr 1917,Courcelles-le-Comte,"[2.7779, 50.16428]","",place,Ablainzevelle,"{""place""=>[""Ablainzevelle""], ""location""=>[""false"", ""true""], ""name""=>[""Ablainzevelle"", """"], ""lat""=>[""50.15268"", """"], ""long""=>[""2.73319"", """"], ""id""=>[""3038762"", """"]}",3023100,Courcelles-le-Comte,"[2.7779, 50.16428]"
28,AWD0001mz6,diary,560,5,1917-04-05 00:00:00 UTC,5 Apr 1917,Courcelles-le-Comte,"[2.7779, 50.16428]","",diaryDate,5 Apr 1917,"{""day""=>[""5""], ""month""=>[""Apr""], ""year""=>[""1917""]}",3023100,Courcelles-le-Comte,"[2.7779, 50.16428]"
29,AWD0001mz6,diary,560,10,1917-04-05 00:00:00 UTC,5 Apr 1917,Ablainzevelle,"[2.73319, 50.15268]","",place,Ablainzevelle,"{""place""=>[""Ablainzevelle""], ""location""=>[""true""], ""name""=>[""Ablainzevelle""], ""lat""=>[""50.15268""], ""long""=>[""2.73319""], ""id""=>[""3038762""]}",3038762,Ablainzevelle,"[2.73319, 50.15268]"
30,AWD0001mz6,diary,560,6,1917-04-05 00:00:00 UTC,5 Apr 1917,Ablainzevelle,"[2.73319, 50.15268]","",activity,movement,{},3038762,Ablainzevelle,"[2.73319, 50.15268]"
31,AWD0001mz6,diary,560,2,1917-04-05 00:00:00 UTC,5 Apr 1917,Ablainzevelle,"[2.73319, 50.15268]","",place,Poisieux,"{""place""=>[""Poisieux""], ""location""=>[""false""], ""name""=>[""""], ""lat""=>[""""], ""long""=>[""""], ""id""=>[""""]}",3038762,Ablainzevelle,"[2.73319, 50.15268]"
32,AWD0001mz6,diary,560,2,1917-04-05 00:00:00 UTC,5 Apr 1917,Ablainzevelle,"[2.73319, 50.15268]","",domestic,hygiene,{},3038762,Ablainzevelle,"[2.73319, 50.15268]"
33,AWD0001mz6,diary,560,4,1917-04-06 00:00:00 UTC,6 Apr 1917,Ablainzevelle,"[2.73319, 50.15268]","",diaryDate,6 Apr 1917,"{""day""=>[""6""], ""month""=>[""Apr""], ""year""=>[""1917""]}",3038762,Ablainzevelle,"[2.73319, 50.15268]"
34,AWD0001mz6,diary,560,4,1917-04-06 00:00:00 UTC,6 Apr 1917,Ablainzevelle,"[2.73319, 50.15268]","",activity,working,{},3038762,Ablainzevelle,"[2.73319, 50.15268]"
35,AWD0001mz6,diary,560,5,1917-04-07 00:00:00 UTC,7 Apr 1917,Ablainzevelle,"[2.73319, 50.15268]","",diaryDate,7 Apr 1917,"{""day""=>[""7""], ""month""=>[""Apr""], ""year""=>[""1917""]}",3038762,Ablainzevelle,"[2.73319, 50.15268]"
36,AWD0001mz6,diary,560,10,1917-04-07 00:00:00 UTC,7 Apr 1917,Ablainzevelle,"[2.73319, 50.15268]","",activity,training,{},3038762,Ablainzevelle,"[2.73319, 50.15268]"
37,AWD0001mz6,diary,560,8,1917-04-07 00:00:00 UTC,7 Apr 1917,Ablainzevelle,"[2.73319, 50.15268]","",place,Ablainzevelle,"{""place""=>[""Ablainzevelle""], ""location""=>[""true""], ""name""=>[""Ablainzevelle""], ""lat""=>[""50.15268""], ""long""=>[""2.73319""], ""id""=>[""3038762""]}",3038762,Ablainzevelle,"[2.73319, 50.15268]"
38,AWD0001mz6,diary,560,4,1917-04-08 00:00:00 UTC,8 Apr 1917,Ablainzevelle,"[2.73319, 50.15268]","",diaryDate,8 Apr 1917,"{""day""=>[""8""], ""month""=>[""Apr""], ""year""=>[""1917""]}",3038762,Ablainzevelle,"[2.73319, 50.15268]"
39,AWD0001mz6,diary,560,5,1917-04-09 00:00:00 UTC,9 Apr 1917,Ablainzevelle,"[2.73319, 50.15268]","",diaryDate,9 Apr 1917,"{""day""=>[""9""], ""month""=>[""Apr""], ""year""=>[""1917""]}",3038762,Ablainzevelle,"[2.73319, 50.15268]"
40,AWD0001mz6,diary,560,5,1917-04-09 00:00:00 UTC,9 Apr 1917,Ablainzevelle,"[2.73319, 50.15268]","",person,"Second Lieutenant  Rodwell, Rodwill","{""first""=>[""""], ""surname""=>[""Rodwell"", ""Rodwill""], ""rank""=>[""Second Lieutenant""], ""number""=>[""""], ""reason""=>[""joined""], ""unit""=>[""""]}",3038762,Ablainzevelle,"[2.73319, 50.15268]"
41,AWD0001mz6,diary,560,11,1917-04-09 00:00:00 UTC,9 Apr 1917,Ablainzevelle,"[2.73319, 50.15268]","",activity,training,{},3038762,Ablainzevelle,"[2.73319, 50.15268]"
42,AWD0001mz6,diary,560,12,1917-04-09 00:00:00 UTC,9 Apr 1917,Ablainzevelle,"[2.73319, 50.15268]","",activity,working,{},3038762,Ablainzevelle,"[2.73319, 50.15268]"
44,AWD0001mz6,diary,560,4,1917-04-10 00:00:00 UTC,10 Apr 1917,Ablainzevelle,"[2.73319, 50.15268]","",diaryDate,10 Apr 1917,"{""day""=>[""10""], ""month""=>[""Apr""], ""year""=>[""1917""]}",3038762,Ablainzevelle,"[2.73319, 50.15268]"
45,AWD0001mz6,diary,560,7,1917-04-10 00:00:00 UTC,10 Apr 1917,Ablainzevelle,"[2.73319, 50.15268]","",place,Ablainzevelle,"{""place""=>[""Ablainzevelle""], ""location""=>[""true""], ""name""=>[""Ablainzevelle""], ""lat""=>[""50.15268""], ""long""=>[""2.73319""], ""id""=>[""3038762""]}",3038762,Ablainzevelle,"[2.73319, 50.15268]"
46,AWD0001mz6,diary,560,2,1917-04-10 00:00:00 UTC,10 Apr 1917,Ablainzevelle,"[2.73319, 50.15268]","",activity,other,{},3038762,Ablainzevelle,"[2.73319, 50.15268]"
49,AWD0001mz6,diary,560,5,1917-04-11 00:00:00 UTC,11 Apr 1917,Ablainzevelle,"[2.73319, 50.15268]","",diaryDate,11 Apr 1917,"{""day""=>[""11""], ""month""=>[""Apr""], ""year""=>[""1917""]}",3038762,Ablainzevelle,"[2.73319, 50.15268]"
50,AWD0001mz6,diary,560,2,1917-04-11 00:00:00 UTC,11 Apr 1917,Ablainzevelle,"[2.73319, 50.15268]","",domestic,hygiene,{},3038762,Ablainzevelle,"[2.73319, 50.15268]"
51,AWD0001mz6,diary,560,2,1917-04-11 07:15:00 UTC,11 Apr 1917,Ablainzevelle,"[2.73319, 50.15268]",0715AM,time,0715AM,{},3038762,Ablainzevelle,"[2.73319, 50.15268]"
52,AWD0001mz6,diary,560,3,1917-04-11 07:15:00 UTC,11 Apr 1917,Ablainzevelle,"[2.73319, 50.15268]",0715AM,domestic,hygiene,{},3038762,Ablainzevelle,"[2.73319, 50.15268]"
53,AWD0001mz6,diary,560,4,1917-04-11 07:15:00 UTC,11 Apr 1917,Courcelles,"[4.3747, 50.46379]",0715AM,place,Courcelles,"{""place""=>[""Courcelles""], ""location""=>[""true""], ""name""=>[""Courcelles""], ""lat""=>[""50.46379""], ""long""=>[""4.3747""], ""id""=>[""2800063""]}",2800063,Courcelles,"[4.3747, 50.46379]"
54,AWD0001mz6,diary,560,8,1917-04-11 07:15:00 UTC,11 Apr 1917,Courcelles,"[4.3747, 50.46379]",0715AM,activity,movement,{},2800063,Courcelles,"[4.3747, 50.46379]"
55,AWD0001mz6,diary,560,5,1917-04-11 07:15:00 UTC,11 Apr 1917,Courcelles,"[4.3747, 50.46379]",0715AM,domestic,accomodation,{},2800063,Courcelles,"[4.3747, 50.46379]"
57,AWD0001mz6,diary,560,2,1917-04-11 14:45:00 UTC,11 Apr 1917,Courcelles,"[4.3747, 50.46379]",0245PM,time,0245PM,{},2800063,Courcelles,"[4.3747, 50.46379]"
58,AWD0001mz6,diary,560,5,1917-04-12 00:00:00 UTC,12 Apr 1917,Courcelles,"[4.3747, 50.46379]","",diaryDate,12 Apr 1917,"{""day""=>[""12""], ""month""=>[""Apr""], ""year""=>[""1917""]}",2800063,Courcelles,"[4.3747, 50.46379]"
60,AWD0001mz6,diary,560,3,1917-04-12 00:00:00 UTC,12 Apr 1917,Ablainzevelle,"[2.73319, 50.15268]","",place,Ablainzevelle,"{""place""=>[""Ablainzevelle""], ""location""=>[""true""], ""name""=>[""Ablainzevelle""], ""lat""=>[""50.15268""], ""long""=>[""2.73319""], ""id""=>[""3038762""]}",3038762,Ablainzevelle,"[2.73319, 50.15268]"
61,AWD0001mz6,diary,560,2,1917-04-12 09:30:00 UTC,12 Apr 1917,Ablainzevelle,"[2.73319, 50.15268]",0930AM,time,0930AM,{},3038762,Ablainzevelle,"[2.73319, 50.15268]"
63,AWD0001mz6,diary,560,2,1917-04-12 09:30:00 UTC,12 Apr 1917,Ablainzevelle,"[2.73319, 50.15268]",0930AM,activity,working,{},3038762,Ablainzevelle,"[2.73319, 50.15268]"
64,AWD0001mz6,diary,560,5,1917-04-13 00:00:00 UTC,13 Apr 1917,Ablainzevelle,"[2.73319, 50.15268]","",diaryDate,13 Apr 1917,"{""day""=>[""13""], ""month""=>[""Apr""], ""year""=>[""1917""]}",3038762,Ablainzevelle,"[2.73319, 50.15268]"
65,AWD0001mz6,diary,560,5,1917-04-13 00:00:00 UTC,13 Apr 1917,Ablainzevelle,"[2.73319, 50.15268]","",activity,working,{},3038762,Ablainzevelle,"[2.73319, 50.15268]"
66,AWD0001mz6,diary,560,5,1917-04-13 00:00:00 UTC,13 Apr 1917,Ablainzevelle,"[2.73319, 50.15268]","",activity,training,{},3038762,Ablainzevelle,"[2.73319, 50.15268]"
67,AWD0001mz6,diary,560,5,1917-04-13 00:00:00 UTC,13 Apr 1917,Ablainzevelle,"[2.73319, 50.15268]","",place,Ablainzevelle,"{""place""=>[""Ablainzevelle""], ""location""=>[""true""], ""name""=>[""Ablainzevelle""], ""lat""=>[""50.15268""], ""long""=>[""2.73319""], ""id""=>[""3038762""]}",3038762,Ablainzevelle,"[2.73319, 50.15268]"
68,AWD0001mz6,diary,560,5,1917-04-14 00:00:00 UTC,14 Apr 1917,Ablainzevelle,"[2.73319, 50.15268]","",diaryDate,14 Apr 1917,"{""day""=>[""14""], ""month""=>[""Apr""], ""year""=>[""1917""]}",3038762,Ablainzevelle,"[2.73319, 50.15268]"
69,AWD0001mz6,diary,560,5,1917-04-14 00:00:00 UTC,14 Apr 1917,Ablainzevelle,"[2.73319, 50.15268]","",domestic,religion,{},3038762,Ablainzevelle,"[2.73319, 50.15268]"
71,AWD0001mz6,diary,560,2,1917-04-14 08:30:00 UTC,14 Apr 1917,Ablainzevelle,"[2.73319, 50.15268]",0830AM,time,0830AM,{},3038762,Ablainzevelle,"[2.73319, 50.15268]"
72,AWD0001mz6,diary,560,2,1917-04-14 18:30:00 UTC,14 Apr 1917,Ablainzevelle,"[2.73319, 50.15268]",0630PM,time,0630PM,{},3038762,Ablainzevelle,"[2.73319, 50.15268]"
73,AWD0001mz6,diary,560,4,1917-04-14 18:30:00 UTC,14 Apr 1917,Ablainzevelle,"[2.73319, 50.15268]",0630PM,weather,rain,{},3038762,Ablainzevelle,"[2.73319, 50.15268]"
74,AWD0001mz6,diary,560,5,1917-04-15 00:00:00 UTC,15 Apr 1917,Ablainzevelle,"[2.73319, 50.15268]","",diaryDate,15 Apr 1917,"{""day""=>[""15""], ""month""=>[""Apr""], ""year""=>[""1917""]}",3038762,Ablainzevelle,"[2.73319, 50.15268]"
75,AWD0001mz6,diary,560,4,1917-04-15 00:00:00 UTC,15 Apr 1917,Ablainzevelle,"[2.73319, 50.15268]","",place,Ablainzevelle,"{""place""=>[""Ablainzevelle""], ""location""=>[""true""], ""name""=>[""Ablainzevelle""], ""lat""=>[""50.15268""], ""long""=>[""2.73319""], ""id""=>[""3038762""]}",3038762,Ablainzevelle,"[2.73319, 50.15268]"
76,AWD0001mz6,diary,560,4,1917-04-15 00:00:00 UTC,15 Apr 1917,Ablainzevelle,"[2.73319, 50.15268]","",activity,training,{},3038762,Ablainzevelle,"[2.73319, 50.15268]"
78,AWD0001mz6,diary,560,5,1917-04-15 00:00:00 UTC,15 Apr 1917,Ablainzevelle,"[2.73319, 50.15268]","",person,Lieutenant  Ephraums,"{""first""=>[""""], ""surname""=>[""Ephraums""], ""rank""=>[""Lieutenant""], ""number""=>[""""], ""reason""=>[""joined""], ""unit""=>[""""]}",3038762,Ablainzevelle,"[2.73319, 50.15268]"
79,AWD0001mz6,diary,560,6,1917-04-16 00:00:00 UTC,16 Apr 1917,Ablainzevelle,"[2.73319, 50.15268]","",diaryDate,16 Apr 1917,"{""day""=>[""16""], ""month""=>[""Apr""], ""year""=>[""1917""]}",3038762,Ablainzevelle,"[2.73319, 50.15268]"
80,AWD0001mz6,diary,560,6,1917-04-16 00:00:00 UTC,16 Apr 1917,Ablainzevelle,"[2.73319, 50.15268]","",activity,training,{},3038762,Ablainzevelle,"[2.73319, 50.15268]"
82,AWD0001mz6,diary,560,4,1917-04-16 00:00:00 UTC,16 Apr 1917,Ablainzevelle,"[2.73319, 50.15268]","",place,Ablainzevelle,"{""place""=>[""Ablainzevelle""], ""location""=>[""true""], ""name""=>[""Ablainzevelle""], ""lat""=>[""50.15268""], ""long""=>[""2.73319""], ""id""=>[""3038762""]}",3038762,Ablainzevelle,"[2.73319, 50.15268]"
83,AWD0001mz6,diary,560,4,1917-04-16 00:00:00 UTC,16 Apr 1917,Ablainzevelle,"[2.73319, 50.15268]","",person,"Lieutenant  Carr, Harris","{""first""=>[""""], ""surname""=>[""Carr"", ""Harris""], ""rank""=>[""Lieutenant""], ""number""=>[""""], ""reason""=>[""departed_sick""], ""unit""=>[""""]}",3038762,Ablainzevelle,"[2.73319, 50.15268]"
85,AWD0001mz6,diary,560,5,1917-04-17 00:00:00 UTC,17 Apr 1917,Ablainzevelle,"[2.73319, 50.15268]","",diaryDate,17 Apr 1917,"{""day""=>[""17""], ""month""=>[""Apr""], ""year""=>[""1917""]}",3038762,Ablainzevelle,"[2.73319, 50.15268]"
86,AWD0001mz6,diary,560,4,1917-04-17 00:00:00 UTC,17 Apr 1917,Ablainzevelle,"[2.73319, 50.15268]","",activity,working,{},3038762,Ablainzevelle,"[2.73319, 50.15268]"
87,AWD0001mz6,diary,560,3,1917-04-17 00:00:00 UTC,17 Apr 1917,Ablainzevelle,"[2.73319, 50.15268]","",person,"Lieutenant  Carr-Haris, CARR-HARRIS, Carr-Harries","{""first""=>[""""], ""surname""=>[""Carr-Haris"", ""CARR-HARRIS"", ""Carr-Harries""], ""rank""=>[""Lieutenant""], ""number""=>[""""], ""reason""=>[""departed_sick""], ""unit""=>[""RAMC""]}",3038762,Ablainzevelle,"[2.73319, 50.15268]"
88,AWD0001mz6,diary,560,5,1917-04-17 00:00:00 UTC,17 Apr 1917,Ablainzevelle,"[2.73319, 50.15268]","",person,Captain  Young,"{""first""=>[""""], ""surname""=>[""Young""], ""rank""=>[""Captain""], ""number""=>[""""], ""reason""=>[""joined"", ""other""], ""unit""=>[""RAMC""]}",3038762,Ablainzevelle,"[2.73319, 50.15268]"
89,AWD0001mz6,diary,560,4,1917-04-18 00:00:00 UTC,18 Apr 1917,Ablainzevelle,"[2.73319, 50.15268]","",diaryDate,18 Apr 1917,"{""day""=>[""18""], ""month""=>[""Apr""], ""year""=>[""1917""]}",3038762,Ablainzevelle,"[2.73319, 50.15268]"
91,AWD0001mz6,diary,560,4,1917-04-18 00:00:00 UTC,18 Apr 1917,Ablainzevelle,"[2.73319, 50.15268]","",activity,training,{},3038762,Ablainzevelle,"[2.73319, 50.15268]"
92,AWD0001mz6,diary,560,5,1917-04-19 00:00:00 UTC,19 Apr 1917,Ablainzevelle,"[2.73319, 50.15268]","",diaryDate,19 Apr 1917,"{""day""=>[""19""], ""month""=>[""Apr""], ""year""=>[""1917""]}",3038762,Ablainzevelle,"[2.73319, 50.15268]"
93,AWD0001mz6,diary,560,3,1917-04-19 00:00:00 UTC,19 Apr 1917,Ablainzevelle,"[2.73319, 50.15268]","",activity,movement,{},3038762,Ablainzevelle,"[2.73319, 50.15268]"
95,AWD0001mz6,diary,560,4,1917-04-19 00:00:00 UTC,19 Apr 1917,Gomiecourt,"[2.7989, 50.14884]","",place,Gomiecourt,"{""place""=>[""Gomiecourt""], ""location""=>[""true""], ""name""=>[""Gomiécourt""], ""lat""=>[""50.14884""], ""long""=>[""2.7989""], ""id""=>[""3015726""]}",2991632,Mory,"[2.85365, 50.15763]"
1,AWD0001n2d,diary,561,5,1917-04-20 00:00:00 UTC,20 Apr 1917,Gomiecourt,"[2.7989, 50.14884]","",diaryDate,20 Apr 1917,"{""day""=>[""20""], ""month""=>[""Apr""], ""year""=>[""1917""]}",2991632,Mory,"[2.85365, 50.15763]"
2,AWD0001n2d,diary,561,2,1917-04-20 00:00:00 UTC,20 Apr 1917,Gomiecourt,"[2.7989, 50.14884]","",activity,line,{},2991632,Mory,"[2.85365, 50.15763]"
3,AWD0001n2d,diary,561,4,1917-04-20 00:00:00 UTC,20 Apr 1917,Gomiecourt,"[2.7989, 50.14884]","",activity,movement,{},2991632,Mory,"[2.85365, 50.15763]"
4,AWD0001n2d,diary,561,2,1917-04-20 18:30:00 UTC,20 Apr 1917,Gomiecourt,"[2.7989, 50.14884]",0630PM,time,0630PM,{},2991632,Mory,"[2.85365, 50.15763]"
9,AWD0001n2d,diary,561,3,1917-04-20 18:30:00 UTC,20 Apr 1917,Gomiecourt,"[2.7989, 50.14884]",0630PM,unit,"2nd Batn Queens, 2ND BN QUEENS, 2nd Bn Queens","{""name""=>[""2nd Batn Queens"", ""2ND BN QUEENS"", ""2nd Bn Queens""], ""context""=>[""relieved""]}",2991632,Mory,"[2.85365, 50.15763]"
13,AWD0001n2d,diary,561,5,1917-04-20 18:30:00 UTC,20 Apr 1917,Gomiecourt,"[2.7989, 50.14884]",0630PM,unit,2nd Gordons,"{""name""=>[""2nd Gordons""], ""context""=>[""left""]}",2991632,Mory,"[2.85365, 50.15763]"
15,AWD0001n2d,diary,561,3,1917-04-20 18:30:00 UTC,20 Apr 1917,Gomiecourt,"[2.7989, 50.14884]",0630PM,unit,ANZAC,"{""name""=>[""ANZAC""], ""context""=>[""right""]}",2991632,Mory,"[2.85365, 50.15763]"
16,AWD0001n2d,diary,561,2,1917-04-20 01:00:00 UTC,20 Apr 1917,Gomiecourt,"[2.7989, 50.14884]",0100AM,time,0100AM,{},2991632,Mory,"[2.85365, 50.15763]"
17,AWD0001n2d,diary,561,2,1917-04-20 01:00:00 UTC,20 Apr 1917,Gomiecourt,"[2.7989, 50.14884]",0100AM,casualties,"killed: 1, wounded: 1",{},2991632,Mory,"[2.85365, 50.15763]"
18,AWD0001n2d,diary,561,5,1917-04-20 01:00:00 UTC,20 Apr 1917,Gomiecourt,"[2.7989, 50.14884]",0100AM,activity,fire,{},2991632,Mory,"[2.85365, 50.15763]"
21,AWD0001n2d,diary,561,5,1917-04-21 00:00:00 UTC,21 Apr 1917,Gomiecourt,"[2.7989, 50.14884]","",diaryDate,21 Apr 1917,"{""day""=>[""21""], ""month""=>[""Apr""], ""year""=>[""1917""]}",2991632,Mory,"[2.85365, 50.15763]"
22,AWD0001n2d,diary,561,4,1917-04-21 00:00:00 UTC,21 Apr 1917,Gomiecourt,"[2.7989, 50.14884]","",person,Second Lieutenant C W Yaxley,"{""first""=>[""C W""], ""surname""=>[""Yaxley""], ""rank""=>[""Second Lieutenant""], ""number""=>[""""], ""reason""=>[""casualty_wounded""], ""unit""=>[""""]}",2991632,Mory,"[2.85365, 50.15763]"
23,AWD0001n2d,diary,561,4,1917-04-21 00:00:00 UTC,21 Apr 1917,Gomiecourt,"[2.7989, 50.14884]","",casualties,wounded: 1,{},2991632,Mory,"[2.85365, 50.15763]"
25,AWD0001n2d,diary,561,7,1917-04-21 00:00:00 UTC,21 Apr 1917,Gomiecourt,"[2.7989, 50.14884]","",weather,fine,{},2991632,Mory,"[2.85365, 50.15763]"
26,AWD0001n2d,diary,561,2,1917-04-21 00:00:00 UTC,21 Apr 1917,Gomiecourt,"[2.7989, 50.14884]","",activity,attack,{},2991632,Mory,"[2.85365, 50.15763]"
27,AWD0001n2d,diary,561,5,1917-04-22 00:00:00 UTC,22 Apr 1917,Gomiecourt,"[2.7989, 50.14884]","",diaryDate,22 Apr 1917,"{""day""=>[""22""], ""month""=>[""Apr""], ""year""=>[""1917""]}",2991632,Mory,"[2.85365, 50.15763]"
29,AWD0001n2d,diary,561,3,1917-04-22 00:00:00 UTC,22 Apr 1917,Gomiecourt,"[2.7989, 50.14884]","",casualties,wounded: 2,{},2991632,Mory,"[2.85365, 50.15763]"
32,AWD0001n2d,diary,561,5,1917-04-23 00:00:00 UTC,23 Apr 1917,Gomiecourt,"[2.7989, 50.14884]","",diaryDate,23 Apr 1917,"{""day""=>[""23""], ""month""=>[""Apr""], ""year""=>[""1917""]}",2991632,Mory,"[2.85365, 50.15763]"
33,AWD0001n2d,diary,561,4,1917-04-23 00:00:00 UTC,23 Apr 1917,Gomiecourt,"[2.7989, 50.14884]","",weather,fine,{},2991632,Mory,"[2.85365, 50.15763]"
34,AWD0001n2d,diary,561,2,1917-04-23 00:00:00 UTC,23 Apr 1917,Gomiecourt,"[2.7989, 50.14884]","",activity,fire,{},2991632,Mory,"[2.85365, 50.15763]"
35,AWD0001n2d,diary,561,3,1917-04-23 00:00:00 UTC,23 Apr 1917,Gomiecourt,"[2.7989, 50.14884]","",casualties,"killed: 2, wounded: 5",{},2991632,Mory,"[2.85365, 50.15763]"
36,AWD0001n2d,diary,561,2,1917-04-23 00:00:00 UTC,23 Apr 1917,Gomiecourt,"[2.7989, 50.14884]","",activity,attack,{},2991632,Mory,"[2.85365, 50.15763]"
38,AWD0001n2d,diary,561,4,1917-04-23 00:00:00 UTC,23 Apr 1917,Gomiecourt,"[2.7989, 50.14884]","",person,Captain G D Lock,"{""first""=>[""G D""], ""surname""=>[""Lock""], ""rank""=>[""Captain""], ""number""=>[""""], ""reason""=>[""casualty_wounded""], ""unit""=>[""""]}",2991632,Mory,"[2.85365, 50.15763]"
40,AWD0001n2d,diary,561,4,1917-04-23 00:00:00 UTC,23 Apr 1917,Gomiecourt,"[2.7989, 50.14884]","",person,Second Lieutenant  Cornelius,"{""first""=>[""""], ""surname""=>[""Cornelius""], ""rank""=>[""Second Lieutenant""], ""number""=>[""""], ""reason""=>[""casualty_wounded""], ""unit""=>[""""]}",2991632,Mory,"[2.85365, 50.15763]"
42,AWD0001n2d,diary,561,5,1917-04-24 00:00:00 UTC,24 Apr 1917,Gomiecourt,"[2.7989, 50.14884]","",diaryDate,24 Apr 1917,"{""day""=>[""24""], ""month""=>[""Apr""], ""year""=>[""1917""]}",2991632,Mory,"[2.85365, 50.15763]"
43,AWD0001n2d,diary,561,4,1917-04-24 00:00:00 UTC,24 Apr 1917,Gomiecourt,"[2.7989, 50.14884]","",casualties,"killed: 1, wounded: 5",{},2991632,Mory,"[2.85365, 50.15763]"
44,AWD0001n2d,diary,561,4,1917-04-24 00:00:00 UTC,24 Apr 1917,Gomiecourt,"[2.7989, 50.14884]","",weather,fine,{},2991632,Mory,"[2.85365, 50.15763]"
47,AWD0001n2d,diary,561,5,1917-04-25 00:00:00 UTC,25 Apr 1917,Gomiecourt,"[2.7989, 50.14884]","",diaryDate,25 Apr 1917,"{""day""=>[""25""], ""month""=>[""Apr""], ""year""=>[""1917""]}",2991632,Mory,"[2.85365, 50.15763]"
48,AWD0001n2d,diary,561,3,1917-04-25 00:00:00 UTC,25 Apr 1917,Gomiecourt,"[2.7989, 50.14884]","",activity,fire,{},2991632,Mory,"[2.85365, 50.15763]"
49,AWD0001n2d,diary,561,2,1917-04-25 00:00:00 UTC,25 Apr 1917,Gomiecourt,"[2.7989, 50.14884]","",activity,attack,{},2991632,Mory,"[2.85365, 50.15763]"
50,AWD0001n2d,diary,561,4,1917-04-25 00:00:00 UTC,25 Apr 1917,Gomiecourt,"[2.7989, 50.14884]","",weather,fine,{},2991632,Mory,"[2.85365, 50.15763]"
52,AWD0001n2d,diary,561,4,1917-04-25 00:00:00 UTC,25 Apr 1917,Gomiecourt,"[2.7989, 50.14884]","",casualties,"killed: 2, wounded: 3",{},2991632,Mory,"[2.85365, 50.15763]"
53,AWD0001n2d,diary,561,4,1917-04-25 00:00:00 UTC,25 Apr 1917,Gomiecourt,"[2.7989, 50.14884]","",activity,reconnoitered,{},2991632,Mory,"[2.85365, 50.15763]"
55,AWD0001n2d,diary,561,2,1917-04-25 00:00:00 UTC,25 Apr 1917,Gomiecourt,"[2.7989, 50.14884]","",activity,reconnoitered,{},2991632,Mory,"[2.85365, 50.15763]"
56,AWD0001n2d,diary,561,5,1917-04-26 00:00:00 UTC,26 Apr 1917,Gomiecourt,"[2.7989, 50.14884]","",diaryDate,26 Apr 1917,"{""day""=>[""26""], ""month""=>[""Apr""], ""year""=>[""1917""]}",2991632,Mory,"[2.85365, 50.15763]"
57,AWD0001n2d,diary,561,2,1917-04-26 00:00:00 UTC,26 Apr 1917,Gomiecourt,"[2.7989, 50.14884]","",casualties,wounded: 5,{},2991632,Mory,"[2.85365, 50.15763]"
58,AWD0001n2d,diary,561,2,1917-04-26 00:00:00 UTC,26 Apr 1917,Gomiecourt,"[2.7989, 50.14884]","",weather,fine,{},2991632,Mory,"[2.85365, 50.15763]"
60,AWD0001n2d,diary,561,4,1917-04-26 00:00:00 UTC,26 Apr 1917,Gomiecourt,"[2.7989, 50.14884]","",person,Second Lieutenant  Bond,"{""first""=>[""""], ""surname""=>[""Bond""], ""rank""=>[""Second Lieutenant""], ""number""=>[""""], ""reason""=>[""casualty_wounded""], ""unit""=>[""""]}",2991632,Mory,"[2.85365, 50.15763]"
64,AWD0001n2d,diary,561,4,1917-04-26 00:00:00 UTC,26 Apr 1917,Gomiecourt,"[2.7989, 50.14884]","",person,Second Lieutenant  Holdsworth,"{""first""=>[""""], ""surname""=>[""Holdsworth""], ""rank""=>[""Second Lieutenant""], ""number""=>[""""], ""reason""=>[""returned_leave""], ""unit""=>[""""]}",2991632,Mory,"[2.85365, 50.15763]"
65,AWD0001n2d,diary,561,4,1917-04-26 00:00:00 UTC,26 Apr 1917,Gomiecourt,"[2.7989, 50.14884]","",person,Second Lieutenant  Copner,"{""first""=>[""""], ""surname""=>[""Copner""], ""rank""=>[""Second Lieutenant""], ""number""=>[""""], ""reason""=>[""returned_leave""], ""unit""=>[""""]}",2991632,Mory,"[2.85365, 50.15763]"
66,AWD0001n2d,diary,561,2,1917-04-26 00:00:00 UTC,26 Apr 1917,Gomiecourt,"[2.7989, 50.14884]","",unit,"2nd Border Regt., 2nd Border R","{""name""=>[""2nd Border Regt."", ""2nd Border R""], ""context""=>[""relieved_by""]}",2991632,Mory,"[2.85365, 50.15763]"
68,AWD0001n2d,diary,561,2,1917-04-26 01:45:00 UTC,26 Apr 1917,Gomiecourt,"[2.7989, 50.14884]",0145AM,time,0145AM,{},2991632,Mory,"[2.85365, 50.15763]"
69,AWD0001n2d,diary,561,2,1917-04-26 01:45:00 UTC,26 Apr 1917,Gomiecourt,"[2.7989, 50.14884]",0145AM,place,"Vaugy Vraucourt , Vaulx-Vraucourt","{""place""=>[""Vaugy Vraucourt "", ""Vaulx-Vraucourt""], ""location""=>[""false"", ""true""], ""name""=>["""", ""Vaulx-Vraucourt""], ""lat""=>["""", ""50.1491""], ""long""=>["""", ""2.9083""], ""id""=>["""", ""2970453""]}",2991632,Mory,"[2.85365, 50.15763]"
70,AWD0001n2d,diary,561,3,1917-04-26 01:45:00 UTC,26 Apr 1917,Gomiecourt,"[2.7989, 50.14884]",0145AM,activity,movement,{},2991632,Mory,"[2.85365, 50.15763]"
71,AWD0001n2d,diary,561,2,1917-04-26 06:00:00 UTC,26 Apr 1917,Gomiecourt,"[2.7989, 50.14884]",0600AM,time,0600AM,{},2991632,Mory,"[2.85365, 50.15763]"
74,AWD0001n2d,diary,561,4,1917-04-26 06:00:00 UTC,26 Apr 1917,Gomiecourt,"[2.7989, 50.14884]",0600AM,activity,support,{},2991632,Mory,"[2.85365, 50.15763]"
75,AWD0001n2d,diary,561,5,1917-04-27 00:00:00 UTC,27 Apr 1917,Gomiecourt,"[2.7989, 50.14884]","",diaryDate,27 Apr 1917,"{""day""=>[""27""], ""month""=>[""Apr""], ""year""=>[""1917""]}",2991632,Mory,"[2.85365, 50.15763]"
78,AWD0001n2d,diary,561,8,1917-04-27 00:00:00 UTC,27 Apr 1917,Gomiecourt,"[2.7989, 50.14884]","",activity,resting,{},2991632,Mory,"[2.85365, 50.15763]"
79,AWD0001n2d,diary,561,3,1917-04-27 00:00:00 UTC,27 Apr 1917,Gomiecourt,"[2.7989, 50.14884]","",activity,working,{},2991632,Mory,"[2.85365, 50.15763]"
80,AWD0001n2d,diary,561,4,1917-04-28 00:00:00 UTC,28 Apr 1917,Gomiecourt,"[2.7989, 50.14884]","",diaryDate,28 Apr 1917,"{""day""=>[""28""], ""month""=>[""Apr""], ""year""=>[""1917""]}",2991632,Mory,"[2.85365, 50.15763]"
81,AWD0001n2d,diary,561,3,1917-04-28 00:00:00 UTC,28 Apr 1917,Gomiecourt,"[2.7989, 50.14884]","",casualties,wounded: 1,{},2991632,Mory,"[2.85365, 50.15763]"
2,AWD0001mz3,diary,562,2,1917-04-28 00:00:00 UTC,28 Apr 1917,Gomiecourt,"[2.7989, 50.14884]","",activity,movement,{},2991632,Mory,"[2.85365, 50.15763]"
3,AWD0001mz3,diary,562,4,1917-04-29 00:00:00 UTC,29 Apr 1917,Gomiecourt,"[2.7989, 50.14884]","",diaryDate,29 Apr 1917,"{""day""=>[""29""], ""month""=>[""Apr""], ""year""=>[""1917""]}",2991632,Mory,"[2.85365, 50.15763]"
4,AWD0001mz3,diary,562,2,1917-04-29 00:00:00 UTC,29 Apr 1917,Gomiecourt,"[2.7989, 50.14884]","",unit,"2nd Battn Queens Regt, 2nd Bn Queens regt","{""name""=>[""2nd Battn Queens Regt"", ""2nd Bn Queens regt""], ""context""=>[""relieved_by""]}",2991632,Mory,"[2.85365, 50.15763]"
8,AWD0001mz3,diary,562,2,1917-04-29 03:00:00 UTC,29 Apr 1917,Gomiecourt,"[2.7989, 50.14884]",0300AM,time,0300AM,{},2991632,Mory,"[2.85365, 50.15763]"
9,AWD0001mz3,diary,562,2,1917-04-29 03:00:00 UTC,29 Apr 1917,"Ecuust-St-Mein, Scoust-st-mein","[0.0, 0.0]",0300AM,place,"Ecuust-St-Mein, Scoust-st-mein","{""place""=>[""Ecuust-St-Mein"", ""Scoust-st-mein""], ""location""=>[""true""], ""name""=>[""""], ""lat""=>[""""], ""long""=>[""""], ""id""=>[""""]}",,,
11,AWD0001mz3,diary,562,2,1917-04-29 03:00:00 UTC,29 Apr 1917,"ECOUST SAINT-MEIN, Ecoust Saint Mein","[0.0, 0.0]",0300AM,place,"ECOUST SAINT-MEIN, Ecoust Saint Mein","{""place""=>[""ECOUST SAINT-MEIN"", ""Ecoust Saint Mein""], ""location""=>[""true""], ""name""=>[""Écoust-Saint-Mein""], ""lat""=>[""50.18013"", ""50.18014""], ""long""=>[""2.91236""], ""id""=>[""3020436""]}",3020436,Écoust-Saint-Mein,"[2.91236, 50.18014]"
12,AWD0001mz3,diary,562,2,1917-04-29 03:00:00 UTC,29 Apr 1917,"ECOUST SAINT-MEIN, Ecoust Saint Mein","[0.0, 0.0]",0300AM,activity,movement,{},3020436,Écoust-Saint-Mein,"[2.91236, 50.18014]"
13,AWD0001mz3,diary,562,4,1917-04-29 03:00:00 UTC,29 Apr 1917,"Ablainseville, Ablainzevelle, Ablainsevelle, ALBAINSEVELLE","[0.0, 0.0]",0300AM,place,"Ablainseville, Ablainzevelle, Ablainsevelle, ALBAINSEVELLE","{""place""=>[""Ablainseville"", ""Ablainzevelle"", ""Ablainsevelle"", ""ALBAINSEVELLE""], ""location""=>[""true""], ""name""=>[""""], ""lat""=>[""""], ""long""=>[""""], ""id""=>[""""]}",2800063,Courcelles,"[4.3747, 50.46379]"
15,AWD0001mz3,diary,562,5,1917-04-30 00:00:00 UTC,30 Apr 1917,"Ablainseville, Ablainzevelle, Ablainsevelle, ALBAINSEVELLE","[0.0, 0.0]","",diaryDate,30 Apr 1917,"{""day""=>[""30""], ""month""=>[""Apr""], ""year""=>[""1917""]}",2800063,Courcelles,"[4.3747, 50.46379]"
16,AWD0001mz3,diary,562,5,1917-04-30 00:00:00 UTC,30 Apr 1917,"Ablainseville, Ablainzevelle, Ablainsevelle, ALBAINSEVELLE","[0.0, 0.0]","",activity,resting,{},2800063,Courcelles,"[4.3747, 50.46379]"
20,AWD0001mz3,diary,562,5,1917-04-30 00:00:00 UTC,30 Apr 1917,"Ablainseville, Ablainzevelle, Ablainsevelle, ALBAINSEVELLE","[0.0, 0.0]","",casualties,"killed: 38, wounded: 108, sick: 87, missing: 1",{},2800063,Courcelles,"[4.3747, 50.46379]"
21,AWD0001mz3,diary,562,5,1917-04-30 00:00:00 UTC,30 Apr 1917,"Ablainseville, Ablainzevelle, Ablainsevelle, ALBAINSEVELLE","[0.0, 0.0]","",strength,"officer: 39, other: 924",{},2800063,Courcelles,"[4.3747, 50.46379]"
10,AWD0001myb,report,563,2,,,,[],,date,2 Apr 1917,{},,,
8,AWD0001n10,report,564,2,,,,[],,person,"Captain ,Duff Duff, ","{""first""=>["""", ""Duff""], ""surname""=>[""Duff"", """"], ""rank""=>[""Captain""], ""number""=>[""""], ""reason""=>[""combat"", ""commander""], ""unit""=>["""", ""Commdg. B Coy. 8 Battalion Devonshire Regiment""]}",,,
9,AWD0001n10,report,564,4,,,,[],,person,Lieutenant  Perkins,"{""first""=>[""""], ""surname""=>[""Perkins""], ""rank""=>[""Lieutenant""], ""number""=>[""""], ""reason""=>[""casualty_kia""], ""unit""=>["""", ""Commdg. D Coy. 8 Battalion Devonshire Regiment""]}",,,
8,AWD0001mz8,report,565,4,,,,[],,person,Captain  Pridham,"{""first""=>[""""], ""surname""=>[""Pridham""], ""rank""=>[""Captain""], ""number""=>[""""], ""reason""=>[""casualty_wounded""], ""unit""=>[""Commdg. A Coy. 8 Battalion Devonshire Regiment"", """"]}",,,
9,AWD0001mz8,report,565,2,,,,[],,person,Second Lieutenant  Cooper,"{""first""=>[""""], ""surname""=>[""Cooper""], ""rank""=>[""Second Lieutenant""], ""number""=>[""""], ""reason""=>[""combat"", ""other""], ""unit""=>["""", ""Commdg. C Coy. 8 Battalion Devonshire Regiment""]}",,,
12,AWD0001mxp,report,566,4,,,,[],,person,"Lieutenant  PERKINS, Perkins","{""first""=>[""""], ""surname""=>[""PERKINS"", ""Perkins""], ""rank""=>[""Lieutenant""], ""number""=>[""""], ""reason""=>[""casualty_kia""], ""unit""=>[""""]}",,,
13,AWD0001mxp,report,566,4,,,,[],,person,"Second Lieutenant  Fenwick, FENWICK","{""first""=>[""""], ""surname""=>[""Fenwick"", ""FENWICK""], ""rank""=>[""Second Lieutenant""], ""number""=>[""""], ""reason""=>[""casualty_kia""], ""unit""=>[""""]}",,,
14,AWD0001mxp,report,566,4,,,,[],,person,"Second Lieutenant  Caleb, CALEB","{""first""=>[""""], ""surname""=>[""Caleb"", ""CALEB""], ""rank""=>[""Second Lieutenant""], ""number""=>[""""], ""reason""=>[""casualty_kia""], ""unit""=>[""""]}",,,
15,AWD0001mxp,report,566,4,,,,[],,person,"Second Lieutenant  MITCHELL, Mitchell","{""first""=>[""""], ""surname""=>[""MITCHELL"", ""Mitchell""], ""rank""=>[""Second Lieutenant""], ""number""=>[""""], ""reason""=>[""casualty_wounded""], ""unit""=>[""""]}",,,
16,AWD0001mxp,report,566,3,,,,[],,person,Captain  Duff,"{""first""=>[""""], ""surname""=>[""Duff""], ""rank""=>[""Captain""], ""number""=>[""""], ""reason""=>[""casualty_wounded""], ""unit""=>[""""]}",,,
17,AWD0001mxp,report,566,4,,,,[],,person,"Captain  PRIDHAM, Pridham","{""first""=>[""""], ""surname""=>[""PRIDHAM"", ""Pridham""], ""rank""=>[""Captain""], ""number""=>[""""], ""reason""=>[""casualty_wounded""], ""unit""=>[""""]}",,,
1,AWD0001myv,diary,568,5,1917-05-01 00:00:00 UTC,1 May 1917,"Ablainseville, Ablainzevelle, Ablainsevelle, ALBAINSEVELLE","[0.0, 0.0]","",diaryDate,1 May 1917,"{""day""=>[""1""], ""month""=>[""May""], ""year""=>[""1917""]}",2800063,Courcelles,"[4.3747, 50.46379]"
2,AWD0001myv,diary,568,3,1917-05-01 00:00:00 UTC,1 May 1917,"ABLAINSEVILLE, Ablainzevelle, Ablainsevelle","[0.0, 0.0]","",place,"ABLAINSEVILLE, Ablainzevelle, Ablainsevelle","{""place""=>[""ABLAINSEVILLE"", ""Ablainzevelle"", ""Ablainsevelle""], ""location""=>[""true""], ""name""=>[""""], ""lat""=>[""""], ""long""=>[""""], ""id""=>[""""]}",,,
5,AWD0001myv,diary,568,7,1917-05-01 00:00:00 UTC,1 May 1917,"ABLAINSEVILLE, Ablainzevelle, Ablainsevelle","[0.0, 0.0]","",activity,training,{},,,
6,AWD0001myv,diary,568,5,1917-05-02 00:00:00 UTC,2 May 1917,"ABLAINSEVILLE, Ablainzevelle, Ablainsevelle","[0.0, 0.0]","",diaryDate,2 May 1917,"{""day""=>[""2""], ""month""=>[""May""], ""year""=>[""1917""]}",,,
7,AWD0001myv,diary,568,2,1917-05-02 00:00:00 UTC,2 May 1917,"ABLAINSEVILLE, Ablainzevelle, Ablainsevelle","[0.0, 0.0]","",domestic,other,{},,,
8,AWD0001myv,diary,568,3,1917-05-02 00:00:00 UTC,2 May 1917,"ABLAINSEVILLE, Ablainzevelle, Ablainsevelle","[0.0, 0.0]","",activity,working,{},,,
9,AWD0001myv,diary,568,5,1917-05-03 00:00:00 UTC,3 May 1917,"ABLAINSEVILLE, Ablainzevelle, Ablainsevelle","[0.0, 0.0]","",diaryDate,3 May 1917,"{""day""=>[""3""], ""month""=>[""May""], ""year""=>[""1917""]}",,,
10,AWD0001myv,diary,568,4,1917-05-03 00:00:00 UTC,3 May 1917,"ABLAINSEVILLE, Ablainzevelle, Ablainsevelle","[0.0, 0.0]","",activity,movement,{},,,
11,AWD0001myv,diary,568,2,1917-05-03 09:00:00 UTC,3 May 1917,"ABLAINSEVILLE, Ablainzevelle, Ablainsevelle","[0.0, 0.0]",0900AM,time,0900AM,{},,,
13,AWD0001myv,diary,568,4,1917-05-03 09:00:00 UTC,3 May 1917,"ABLAINSEVILLE, Ablainzevelle, Ablainsevelle","[0.0, 0.0]",0900AM,activity,support,{},,,
15,AWD0001myv,diary,568,2,1917-05-03 09:00:00 UTC,3 May 1917,"ABLAINSEVILLE, Ablainzevelle, Ablainsevelle","[0.0, 0.0]",0900AM,unit,"62nd Division, 62nd Divisiom","{""name""=>[""62nd Division"", ""62nd Divisiom""], ""context""=>[""joined"", ""other""]}",,,
16,AWD0001myv,diary,568,2,1917-05-03 11:00:00 UTC,3 May 1917,"ABLAINSEVILLE, Ablainzevelle, Ablainsevelle","[0.0, 0.0]",1100AM,time,1100AM,{},,,
17,AWD0001myv,diary,568,3,1917-05-03 11:00:00 UTC,3 May 1917,"ABLAINSEVILLE, Ablainzevelle, Ablainsevelle","[0.0, 0.0]",1100AM,activity,movement,{},,,
19,AWD0001myv,diary,568,4,1917-05-03 11:00:00 UTC,3 May 1917,Mory,"[2.85365, 50.15763]",1100AM,place,Mory,"{""place""=>[""Mory""], ""location""=>[""true""], ""name""=>[""Mory""], ""lat""=>[""50.15763""], ""long""=>[""2.85365""], ""id""=>[""2991632""]}",2991632,Mory,"[2.85365, 50.15763]"
20,AWD0001myv,diary,568,3,1917-05-03 20:00:00 UTC,3 May 1917,Mory,"[2.85365, 50.15763]",0800PM,time,0800PM,{},2991632,Mory,"[2.85365, 50.15763]"
21,AWD0001myv,diary,568,3,1917-05-03 20:00:00 UTC,3 May 1917,Mory,"[2.85365, 50.15763]",0800PM,strength,"officer: 39, other: 740",{},2991632,Mory,"[2.85365, 50.15763]"
22,AWD0001myv,diary,568,4,1917-05-04 00:00:00 UTC,4 May 1917,Mory,"[2.85365, 50.15763]","",diaryDate,4 May 1917,"{""day""=>[""4""], ""month""=>[""May""], ""year""=>[""1917""]}",2991632,Mory,"[2.85365, 50.15763]"
23,AWD0001myv,diary,568,3,1917-05-04 00:00:00 UTC,4 May 1917,Bullecourt,"[2.92814, 50.19125]","",place,Bullecourt,"{""place""=>[""Bullecourt""], ""location""=>[""true""], ""name""=>[""Bullecourt""], ""lat""=>[""50.19125""], ""long""=>[""2.92814""], ""id""=>[""3029576""]}",3033762,Bellacourt,"[2.67847, 50.22924]"
26,AWD0001myv,diary,568,2,1917-05-09 00:00:00 UTC,9 May 1917,Bullecourt,"[2.92814, 50.19125]","",diaryDate,9 May 1917,"{""day""=>[""9""], ""month""=>[""May""], ""year""=>[""1917""]}",3033762,Bellacourt,"[2.67847, 50.22924]"
28,AWD0001myv,diary,568,2,1917-05-07 00:00:00 UTC,7 May 1917,Bullecourt,"[2.92814, 50.19125]","",diaryDate,7 May 1917,"{""day""=>[""7""], ""month""=>[""May""], ""year""=>[""1917""]}",3033762,Bellacourt,"[2.67847, 50.22924]"
29,AWD0001myv,diary,568,5,1917-05-07 00:00:00 UTC,7 May 1917,Bullecourt,"[2.92814, 50.19125]","",person,Second Lieutenant A W Wall,"{""first""=>[""A W""], ""surname""=>[""Wall""], ""rank""=>[""Second Lieutenant""], ""number""=>[""""], ""reason""=>[""joined""], ""unit""=>[""""]}",3033762,Bellacourt,"[2.67847, 50.22924]"
31,AWD0001myv,diary,568,5,1917-05-07 00:00:00 UTC,7 May 1917,Bullecourt,"[2.92814, 50.19125]","",person,"Second Lieutenant H S Blick, Rlick","{""first""=>[""H S""], ""surname""=>[""Blick"", ""Rlick""], ""rank""=>[""Second Lieutenant""], ""number""=>[""""], ""reason""=>[""joined""], ""unit""=>[""""]}",3033762,Bellacourt,"[2.67847, 50.22924]"
32,AWD0001myv,diary,568,5,1917-05-07 00:00:00 UTC,7 May 1917,Bullecourt,"[2.92814, 50.19125]","",person,Second Lieutenant W G Reed,"{""first""=>[""W G""], ""surname""=>[""Reed""], ""rank""=>[""Second Lieutenant""], ""number""=>[""""], ""reason""=>[""joined""], ""unit""=>[""""]}",3033762,Bellacourt,"[2.67847, 50.22924]"
35,AWD0001myv,diary,568,5,1917-05-10 00:00:00 UTC,10 May 1917,Bullecourt,"[2.92814, 50.19125]","",diaryDate,10 May 1917,"{""day""=>[""10""], ""month""=>[""May""], ""year""=>[""1917""]}",3033762,Bellacourt,"[2.67847, 50.22924]"
36,AWD0001myv,diary,568,8,1917-05-10 00:00:00 UTC,10 May 1917,Mory,"[2.85365, 50.15763]","",place,Mory,"{""place""=>[""Mory""], ""location""=>[""true""], ""name""=>[""Mory""], ""lat""=>[""50.15763""], ""long""=>[""2.85365""], ""id""=>[""2991632""]}",2991632,Mory,"[2.85365, 50.15763]"
37,AWD0001myv,diary,568,3,1917-05-10 07:00:00 UTC,10 May 1917,Mory,"[2.85365, 50.15763]",0700AM,time,0700AM,{},2991632,Mory,"[2.85365, 50.15763]"
38,AWD0001myv,diary,568,6,1917-05-10 07:00:00 UTC,10 May 1917,Mory,"[2.85365, 50.15763]",0700AM,activity,movement,{},2991632,Mory,"[2.85365, 50.15763]"
39,AWD0001myv,diary,568,4,1917-05-10 07:00:00 UTC,10 May 1917,Mory,"[2.85365, 50.15763]",0700AM,domestic,accomodation,{},2991632,Mory,"[2.85365, 50.15763]"
40,AWD0001myv,diary,568,3,1917-05-10 07:00:00 UTC,10 May 1917,Courcelles,"[0.0, 0.0]",0700AM,place,Courcelles,"{""place""=>[""Courcelles""], ""location""=>[""true""], ""name""=>[""""], ""lat""=>[""""], ""long""=>[""""], ""id""=>[""""]}",2800063,Courcelles,"[4.3747, 50.46379]"
41,AWD0001myv,diary,568,2,1917-05-10 20:00:00 UTC,10 May 1917,Courcelles,"[0.0, 0.0]",0800PM,time,0800PM,{},2800063,Courcelles,"[4.3747, 50.46379]"
42,AWD0001myv,diary,568,5,1917-05-11 00:00:00 UTC,11 May 1917,Courcelles,"[0.0, 0.0]","",diaryDate,11 May 1917,"{""day""=>[""11""], ""month""=>[""May""], ""year""=>[""1917""]}",2800063,Courcelles,"[4.3747, 50.46379]"
43,AWD0001myv,diary,568,5,1917-05-11 00:00:00 UTC,11 May 1917,Courcelles,"[4.3747, 50.46379]","",place,Courcelles,"{""place""=>[""Courcelles""], ""location""=>[""true""], ""name""=>[""Courcelles""], ""lat""=>[""50.46379""], ""long""=>[""4.3747""], ""id""=>[""2800063""]}",2800063,Courcelles,"[4.3747, 50.46379]"
44,AWD0001myv,diary,568,4,1917-05-11 00:00:00 UTC,11 May 1917,Courcelles,"[4.3747, 50.46379]","",domestic,hygiene,{},2800063,Courcelles,"[4.3747, 50.46379]"
46,AWD0001myv,diary,568,7,1917-05-11 00:00:00 UTC,11 May 1917,Courcelles,"[4.3747, 50.46379]","",activity,resting,{},2800063,Courcelles,"[4.3747, 50.46379]"
47,AWD0001myv,diary,568,4,1917-05-12 00:00:00 UTC,12 May 1917,Courcelles,"[4.3747, 50.46379]","",diaryDate,12 May 1917,"{""day""=>[""12""], ""month""=>[""May""], ""year""=>[""1917""]}",2800063,Courcelles,"[4.3747, 50.46379]"
49,AWD0001myv,diary,568,5,1917-05-13 00:00:00 UTC,13 May 1917,Courcelles,"[4.3747, 50.46379]","",diaryDate,13 May 1917,"{""day""=>[""13""], ""month""=>[""May""], ""year""=>[""1917""]}",2800063,Courcelles,"[4.3747, 50.46379]"
50,AWD0001myv,diary,568,4,1917-05-13 00:00:00 UTC,13 May 1917,Courcelles,"[4.3747, 50.46379]","",domestic,religion,{},2800063,Courcelles,"[4.3747, 50.46379]"
51,AWD0001myv,diary,568,2,1917-05-13 00:00:00 UTC,13 May 1917,Courcelles,"[4.3747, 50.46379]","",place,Courcelles,"{""place""=>[""Courcelles""], ""location""=>[""true""], ""name""=>[""Courcelles""], ""lat""=>[""50.46379""], ""long""=>[""4.3747""], ""id""=>[""2800063""]}",2800063,Courcelles,"[4.3747, 50.46379]"
53,AWD0001myv,diary,568,4,1917-05-13 00:00:00 UTC,13 May 1917,Courcelles,"[4.3747, 50.46379]","",activity,resting,{},2800063,Courcelles,"[4.3747, 50.46379]"
1,AWD0001myn,diary,569,2,1917-05-14 00:00:00 UTC,14 May 1917,Courcelles,"[4.3747, 50.46379]","",diaryDate,14 May 1917,"{""day""=>[""14""], ""month""=>[""May""], ""year""=>[""1917""]}",2800063,Courcelles,"[4.3747, 50.46379]"
2,AWD0001myn,diary,569,5,1917-05-14 00:00:00 UTC,14 May 1917,Courcelles,"[4.3747, 50.46379]","",place,Courcelles,"{""place""=>[""Courcelles""], ""location""=>[""true""], ""name""=>[""Courcelles""], ""lat""=>[""50.46379""], ""long""=>[""4.3747""], ""id""=>[""2800063""]}",2800063,Courcelles,"[4.3747, 50.46379]"
3,AWD0001myn,diary,569,3,1917-05-14 00:00:00 UTC,14 May 1917,Courcelles,"[4.3747, 50.46379]","",diaryDate,14 May 1917,"{""day""=>[""14""], ""month""=>[""May""], ""year""=>[""1917""]}",2800063,Courcelles,"[4.3747, 50.46379]"
4,AWD0001myn,diary,569,3,1917-05-14 00:00:00 UTC,14 May 1917,Courcelles,"[4.3747, 50.46379]","",activity,working,{},2800063,Courcelles,"[4.3747, 50.46379]"
5,AWD0001myn,diary,569,4,1917-05-14 00:00:00 UTC,14 May 1917,Courcelles,"[4.3747, 50.46379]","",activity,movement,{},2800063,Courcelles,"[4.3747, 50.46379]"
6,AWD0001myn,diary,569,2,1917-05-14 00:00:00 UTC,14 May 1917,Courcelles,"[4.3747, 50.46379]","",domestic,accomodation,{},2800063,Courcelles,"[4.3747, 50.46379]"
7,AWD0001myn,diary,569,4,1917-05-14 00:00:00 UTC,14 May 1917,Arlainseville,"[0.0, 0.0]","",place,Arlainseville,"{""place""=>[""Arlainseville""], ""location""=>[""true""], ""name""=>[""""], ""lat""=>[""""], ""long""=>[""""], ""id""=>[""""]}",,,
8,AWD0001myn,diary,569,2,1917-05-14 12:00:00 UTC,14 May 1917,Arlainseville,"[0.0, 0.0]",1200PM,time,1200PM,{},,,
9,AWD0001myn,diary,569,5,1917-05-15 00:00:00 UTC,15 May 1917,Arlainseville,"[0.0, 0.0]","",diaryDate,15 May 1917,"{""day""=>[""15""], ""month""=>[""May""], ""year""=>[""1917""]}",,,
10,AWD0001myn,diary,569,5,1917-05-15 00:00:00 UTC,15 May 1917,"Ablainseville, Arlainseville","[4.3747, 50.46379]","",place,"Ablainseville, Arlainseville","{""place""=>[""Ablainseville"", ""Arlainseville""], ""location""=>[""true""], ""name""=>[""Courcelles"", """"], ""lat""=>[""50.46379"", """"], ""long""=>[""4.3747"", """"], ""id""=>[""2800063"", """"]}",2800063,Courcelles,"[4.3747, 50.46379]"
12,AWD0001myn,diary,569,4,1917-05-15 00:00:00 UTC,15 May 1917,"Ablainseville, Arlainseville","[4.3747, 50.46379]","",domestic,hygiene,{},2800063,Courcelles,"[4.3747, 50.46379]"
13,AWD0001myn,diary,569,4,1917-05-15 00:00:00 UTC,15 May 1917,"Ablainseville, Arlainseville","[4.3747, 50.46379]","",activity,working,{},2800063,Courcelles,"[4.3747, 50.46379]"
14,AWD0001myn,diary,569,5,1917-05-15 00:00:00 UTC,15 May 1917,"Ablainseville, Arlainseville","[4.3747, 50.46379]","",person,"Second Lieutenant,Lieutenant F W Pinkard","{""first""=>[""F W""], ""surname""=>[""Pinkard""], ""rank""=>[""Second Lieutenant"", ""Lieutenant""], ""number""=>[""""], ""reason""=>[""other""], ""unit""=>[""""]}",2800063,Courcelles,"[4.3747, 50.46379]"
15,AWD0001myn,diary,569,5,1917-05-16 00:00:00 UTC,16 May 1917,"Ablainseville, Arlainseville","[4.3747, 50.46379]","",diaryDate,16 May 1917,"{""day""=>[""16""], ""month""=>[""May""], ""year""=>[""1917""]}",2800063,Courcelles,"[4.3747, 50.46379]"
16,AWD0001myn,diary,569,2,1917-05-16 00:00:00 UTC,16 May 1917,"Ablainseville, Arlainseville","[4.3747, 50.46379]","",domestic,other,{},2800063,Courcelles,"[4.3747, 50.46379]"
17,AWD0001myn,diary,569,3,1917-05-16 00:00:00 UTC,16 May 1917,"Ablainseville, Arlainseville","[4.3747, 50.46379]","",activity,other,{},2800063,Courcelles,"[4.3747, 50.46379]"
18,AWD0001myn,diary,569,8,1917-05-16 00:00:00 UTC,16 May 1917,"Ablainseville, Arlainseville","[4.3747, 50.46379]","",activity,training,{},2800063,Courcelles,"[4.3747, 50.46379]"
19,AWD0001myn,diary,569,3,1917-05-16 00:00:00 UTC,16 May 1917,Ablainzevelle,"[2.73319, 50.15268]","",place,Ablainzevelle,"{""place""=>[""Ablainzevelle""], ""location""=>[""true""], ""name""=>[""Ablainzevelle""], ""lat""=>[""50.15268""], ""long""=>[""2.73319""], ""id""=>[""3038762""]}",3038762,Ablainzevelle,"[2.73319, 50.15268]"
20,AWD0001myn,diary,569,5,1917-05-17 00:00:00 UTC,17 May 1917,Ablainzevelle,"[2.73319, 50.15268]","",diaryDate,17 May 1917,"{""day""=>[""17""], ""month""=>[""May""], ""year""=>[""1917""]}",3038762,Ablainzevelle,"[2.73319, 50.15268]"
21,AWD0001myn,diary,569,2,1917-05-17 00:00:00 UTC,17 May 1917,Ablainzevelle,"[2.73319, 50.15268]","",activity,working,{},3038762,Ablainzevelle,"[2.73319, 50.15268]"
24,AWD0001myn,diary,569,2,1917-05-17 00:00:00 UTC,17 May 1917,Ablainzevelle,"[2.73319, 50.15268]","",domestic,other,{},3038762,Ablainzevelle,"[2.73319, 50.15268]"
25,AWD0001myn,diary,569,4,1917-05-18 00:00:00 UTC,18 May 1917,Ablainzevelle,"[2.73319, 50.15268]","",diaryDate,18 May 1917,"{""day""=>[""18""], ""month""=>[""May""], ""year""=>[""1917""]}",3038762,Ablainzevelle,"[2.73319, 50.15268]"
26,AWD0001myn,diary,569,4,1917-05-18 00:00:00 UTC,18 May 1917,Ablainzevelle,"[2.73319, 50.15268]","",person,"Second Lieutenant ,L Relf, Rell, Rolf, RELL","{""first""=>["""", ""L""], ""surname""=>[""Relf"", ""Rell"", ""Rolf"", ""RELL""], ""rank""=>[""Second Lieutenant""], ""number""=>[""""], ""reason""=>[""joined""], ""unit""=>[""""]}",3038762,Ablainzevelle,"[2.73319, 50.15268]"
27,AWD0001myn,diary,569,4,1917-05-18 00:00:00 UTC,18 May 1917,"Ablainseville, Ablainzevelle","[0.0, 0.0]","",place,"Ablainseville, Ablainzevelle","{""place""=>[""Ablainseville"", ""Ablainzevelle""], ""location""=>[""true""], ""name""=>[""Courcelles"", ""Ablainzevelle""], ""lat""=>[""50.46379"", ""50.15268""], ""long""=>[""4.3747"", ""2.73319""], ""id""=>[""2800063"", ""3038762""]}",2800063,Courcelles,"[4.3747, 50.46379]"
28,AWD0001myn,diary,569,9,1917-05-18 00:00:00 UTC,18 May 1917,"Ablainseville, Ablainzevelle","[0.0, 0.0]","",activity,training,{},2800063,Courcelles,"[4.3747, 50.46379]"
29,AWD0001myn,diary,569,5,1917-05-19 00:00:00 UTC,19 May 1917,"Ablainseville, Ablainzevelle","[0.0, 0.0]","",diaryDate,19 May 1917,"{""day""=>[""19""], ""month""=>[""May""], ""year""=>[""1917""]}",2800063,Courcelles,"[4.3747, 50.46379]"
31,AWD0001myn,diary,569,2,1917-05-19 00:00:00 UTC,19 May 1917,"Ablainseville, Ablainzevelle","[0.0, 0.0]","",activity,working,{},2800063,Courcelles,"[4.3747, 50.46379]"
32,AWD0001myn,diary,569,5,1917-05-20 00:00:00 UTC,20 May 1917,"Ablainseville, Ablainzevelle","[0.0, 0.0]","",diaryDate,20 May 1917,"{""day""=>[""20""], ""month""=>[""May""], ""year""=>[""1917""]}",2800063,Courcelles,"[4.3747, 50.46379]"
33,AWD0001myn,diary,569,4,1917-05-20 00:00:00 UTC,20 May 1917,"Ablainseville, Ablainzevelle","[0.0, 0.0]","",domestic,religion,{},2800063,Courcelles,"[4.3747, 50.46379]"
34,AWD0001myn,diary,569,3,1917-05-20 00:00:00 UTC,20 May 1917,"Ablainseville, Ablainzevelle","[0.0, 0.0]","",activity,working,{},2800063,Courcelles,"[4.3747, 50.46379]"
36,AWD0001myn,diary,569,4,1917-05-20 00:00:00 UTC,20 May 1917,"Ablainseville, Ablainzevelle","[0.0, 0.0]","",place,"Ablainseville, Ablainzevelle","{""place""=>[""Ablainseville"", ""Ablainzevelle""], ""location""=>[""true""], ""name""=>[""Courcelles"", ""Ablainzevelle""], ""lat""=>[""50.46379"", ""50.15268""], ""long""=>[""4.3747"", ""2.73319""], ""id""=>[""2800063"", ""3038762""]}",2800063,Courcelles,"[4.3747, 50.46379]"
37,AWD0001myn,diary,569,5,1917-05-21 00:00:00 UTC,21 May 1917,"Ablainseville, Ablainzevelle","[0.0, 0.0]","",diaryDate,21 May 1917,"{""day""=>[""21""], ""month""=>[""May""], ""year""=>[""1917""]}",2800063,Courcelles,"[4.3747, 50.46379]"
39,AWD0001myn,diary,569,2,1917-05-21 00:00:00 UTC,21 May 1917,"Ablainseville, Ablainzevelle","[0.0, 0.0]","",person,"Lieutenant,Second Lieutenant  COPNER, Copner","{""first""=>[""""], ""surname""=>[""COPNER"", ""Copner""], ""rank""=>[""Lieutenant"", ""Second Lieutenant""], ""number""=>[""""], ""reason""=>[""departed_posted""], ""unit""=>[""RPC"", ""RFC""]}",2800063,Courcelles,"[4.3747, 50.46379]"
41,AWD0001myn,diary,569,8,1917-05-21 00:00:00 UTC,21 May 1917,"Ablainseville, Ablainzevelle","[0.0, 0.0]","",activity,training,{},2800063,Courcelles,"[4.3747, 50.46379]"
42,AWD0001myn,diary,569,2,1917-05-21 00:00:00 UTC,21 May 1917,"Ablainseville, Ablainzevelle","[0.0, 0.0]","",domestic,other,{},2800063,Courcelles,"[4.3747, 50.46379]"
43,AWD0001myn,diary,569,4,1917-05-22 00:00:00 UTC,22 May 1917,"Ablainseville, Ablainzevelle","[0.0, 0.0]","",diaryDate,22 May 1917,"{""day""=>[""22""], ""month""=>[""May""], ""year""=>[""1917""]}",2800063,Courcelles,"[4.3747, 50.46379]"
44,AWD0001myn,diary,569,5,1917-05-22 00:00:00 UTC,22 May 1917,"Ablainseville, Ablainzevelle","[0.0, 0.0]","",person,Second Lieutenant  Cornelius,"{""first""=>[""""], ""surname""=>[""Cornelius""], ""rank""=>[""Second Lieutenant""], ""number""=>[""""], ""reason""=>[""other""], ""unit""=>[""""]}",2800063,Courcelles,"[4.3747, 50.46379]"
46,AWD0001myn,diary,569,4,1917-05-22 00:00:00 UTC,22 May 1917,"Ablainseville, Ablainzevelle","[0.0, 0.0]","",place,"Ablainseville, Ablainzevelle","{""place""=>[""Ablainseville"", ""Ablainzevelle""], ""location""=>[""true""], ""name""=>[""Courcelles"", ""Ablainzevelle""], ""lat""=>[""50.46379"", ""50.15268""], ""long""=>[""4.3747"", ""2.73319""], ""id""=>[""2800063"", ""3038762""]}",2800063,Courcelles,"[4.3747, 50.46379]"
47,AWD0001myn,diary,569,5,1917-05-23 00:00:00 UTC,23 May 1917,"Ablainseville, Ablainzevelle","[0.0, 0.0]","",diaryDate,23 May 1917,"{""day""=>[""23""], ""month""=>[""May""], ""year""=>[""1917""]}",2800063,Courcelles,"[4.3747, 50.46379]"
49,AWD0001myn,diary,569,5,1917-05-23 00:00:00 UTC,23 May 1917,"Ablainseville, Ablainzevelle","[0.0, 0.0]","",person,Second Lieutenant  Baker,"{""first""=>[""""], ""surname""=>[""Baker""], ""rank""=>[""Second Lieutenant""], ""number""=>[""""], ""reason""=>[""joined""], ""unit""=>[""""]}",2800063,Courcelles,"[4.3747, 50.46379]"
52,AWD0001myn,diary,569,3,1917-05-23 00:00:00 UTC,23 May 1917,"Ablainseville, Ablainzevelle","[0.0, 0.0]","",activity,training,{},2800063,Courcelles,"[4.3747, 50.46379]"
55,AWD0001myn,diary,569,4,1917-05-23 00:00:00 UTC,23 May 1917,"Ablainseville, Ablainzevelle","[0.0, 0.0]","",domestic,hygiene,{},2800063,Courcelles,"[4.3747, 50.46379]"
56,AWD0001myn,diary,569,4,1917-05-23 00:00:00 UTC,23 May 1917,"Ablainseville, Ablainzevelle","[0.0, 0.0]","",place,"Ablainseville, Ablainzevelle","{""place""=>[""Ablainseville"", ""Ablainzevelle""], ""location""=>[""true""], ""name""=>[""Courcelles"", ""Ablainzevelle""], ""lat""=>[""50.46379"", ""50.15268""], ""long""=>[""4.3747"", ""2.73319""], ""id""=>[""2800063"", ""3038762""]}",2800063,Courcelles,"[4.3747, 50.46379]"
57,AWD0001myn,diary,569,5,1917-05-24 00:00:00 UTC,24 May 1917,"Ablainseville, Ablainzevelle","[0.0, 0.0]","",diaryDate,24 May 1917,"{""day""=>[""24""], ""month""=>[""May""], ""year""=>[""1917""]}",2800063,Courcelles,"[4.3747, 50.46379]"
59,AWD0001myn,diary,569,8,1917-05-24 00:00:00 UTC,24 May 1917,"Ablainseville, Ablainzevelle","[0.0, 0.0]","",activity,training,{},2800063,Courcelles,"[4.3747, 50.46379]"
60,AWD0001myn,diary,569,4,1917-05-25 00:00:00 UTC,25 May 1917,"Ablainseville, Ablainzevelle","[0.0, 0.0]","",diaryDate,25 May 1917,"{""day""=>[""25""], ""month""=>[""May""], ""year""=>[""1917""]}",2800063,Courcelles,"[4.3747, 50.46379]"
61,AWD0001myn,diary,569,2,1917-05-25 00:00:00 UTC,25 May 1917,"Ablainseville, Ablainzevelle","[0.0, 0.0]","",domestic,other,{},2800063,Courcelles,"[4.3747, 50.46379]"
63,AWD0001myn,diary,569,4,1917-05-25 00:00:00 UTC,25 May 1917,"Ablainseville, Ablainzevelle","[0.0, 0.0]","",place,"Ablainseville, Ablainzevelle","{""place""=>[""Ablainseville"", ""Ablainzevelle""], ""location""=>[""true""], ""name""=>[""Courcelles"", ""Ablainzevelle""], ""lat""=>[""50.46379"", ""50.15268""], ""long""=>[""4.3747"", ""2.73319""], ""id""=>[""2800063"", ""3038762""]}",2800063,Courcelles,"[4.3747, 50.46379]"
64,AWD0001myn,diary,569,5,1917-05-26 00:00:00 UTC,26 May 1917,"Ablainseville, Ablainzevelle","[0.0, 0.0]","",diaryDate,26 May 1917,"{""day""=>[""26""], ""month""=>[""May""], ""year""=>[""1917""]}",2800063,Courcelles,"[4.3747, 50.46379]"
65,AWD0001myn,diary,569,4,1917-05-26 00:00:00 UTC,26 May 1917,"Ablainseville, Ablainzevelle","[0.0, 0.0]","",activity,training,{},2800063,Courcelles,"[4.3747, 50.46379]"
66,AWD0001myn,diary,569,2,1917-05-26 00:00:00 UTC,26 May 1917,"Ablainseville, Ablainzevelle","[0.0, 0.0]","",activity,working,{},2800063,Courcelles,"[4.3747, 50.46379]"
67,AWD0001myn,diary,569,5,1917-05-26 00:00:00 UTC,26 May 1917,"Ablainseville, Ablainzevelle","[0.0, 0.0]","",person,Second Lieutenant  Rodwell,"{""first""=>[""""], ""surname""=>[""Rodwell""], ""rank""=>[""Second Lieutenant""], ""number""=>[""""], ""reason""=>[""departed_posted""], ""unit""=>[""RFC""]}",2800063,Courcelles,"[4.3747, 50.46379]"
69,AWD0001myn,diary,569,5,1917-05-27 00:00:00 UTC,27 May 1917,"Ablainseville, Ablainzevelle","[0.0, 0.0]","",diaryDate,27 May 1917,"{""day""=>[""27""], ""month""=>[""May""], ""year""=>[""1917""]}",2800063,Courcelles,"[4.3747, 50.46379]"
70,AWD0001myn,diary,569,4,1917-05-27 00:00:00 UTC,27 May 1917,"Ablainseville, Ablainzevelle","[0.0, 0.0]","",domestic,parades,{},2800063,Courcelles,"[4.3747, 50.46379]"
71,AWD0001myn,diary,569,2,1917-05-27 00:00:00 UTC,27 May 1917,"Ablainseville, Ablainzevelle","[0.0, 0.0]","",place,"Ablainseville, Ablainzevelle","{""place""=>[""Ablainseville"", ""Ablainzevelle""], ""location""=>[""true"", ""false""], ""name""=>[""Courcelles"", ""Ablainzevelle""], ""lat""=>[""50.46379"", ""50.15268""], ""long""=>[""4.3747"", ""2.73319""], ""id""=>[""2800063"", ""3038762""]}",2800063,Courcelles,"[4.3747, 50.46379]"
72,AWD0001myn,diary,569,4,1917-05-27 00:00:00 UTC,27 May 1917,"Ablainseville, Ablainzevelle","[0.0, 0.0]","",domestic,religion,{},2800063,Courcelles,"[4.3747, 50.46379]"
1,AWD0001n0p,diary,570,5,1917-05-28 00:00:00 UTC,28 May 1917,"Ablainseville, Ablainzevelle","[0.0, 0.0]","",diaryDate,28 May 1917,"{""day""=>[""28""], ""month""=>[""May""], ""year""=>[""1917""]}",2800063,Courcelles,"[4.3747, 50.46379]"
2,AWD0001n0p,diary,570,8,1917-05-28 00:00:00 UTC,28 May 1917,"Ablainseville, Ablainzevelle","[0.0, 0.0]","",activity,training,{},2800063,Courcelles,"[4.3747, 50.46379]"
3,AWD0001n0p,diary,570,7,1917-05-28 00:00:00 UTC,28 May 1917,Ablainseville,"[4.3747, 50.46379]","",place,Ablainseville,"{""place""=>[""Ablainseville""], ""location""=>[""true""], ""name""=>[""Courcelles""], ""lat""=>[""50.46379""], ""long""=>[""4.3747""], ""id""=>[""2800063""]}",2800063,Courcelles,"[4.3747, 50.46379]"
4,AWD0001n0p,diary,570,2,1917-05-28 00:00:00 UTC,28 May 1917,Ablainseville,"[4.3747, 50.46379]","",domestic,other,{},2800063,Courcelles,"[4.3747, 50.46379]"
5,AWD0001n0p,diary,570,5,1917-05-29 00:00:00 UTC,29 May 1917,Ablainseville,"[4.3747, 50.46379]","",diaryDate,29 May 1917,"{""day""=>[""29""], ""month""=>[""May""], ""year""=>[""1917""]}",2800063,Courcelles,"[4.3747, 50.46379]"
7,AWD0001n0p,diary,570,2,1917-05-29 00:00:00 UTC,29 May 1917,Ablainseville,"[4.3747, 50.46379]","",activity,training,{},2800063,Courcelles,"[4.3747, 50.46379]"
9,AWD0001n0p,diary,570,3,1917-05-29 00:00:00 UTC,29 May 1917,Ablainseville,"[4.3747, 50.46379]","",person,"Second Lieutenant T G Le Denne, De Denne, LeDenne","{""first""=>[""T G""], ""surname""=>[""Le Denne"", ""De Denne"", ""LeDenne""], ""rank""=>[""Second Lieutenant""], ""number""=>[""""], ""reason""=>[""joined""], ""unit""=>[""""]}",2800063,Courcelles,"[4.3747, 50.46379]"
11,AWD0001n0p,diary,570,2,1917-05-29 00:00:00 UTC,29 May 1917,Ablainseville,"[4.3747, 50.46379]","",person,"Lieutenant  Denne, DENNE","{""first""=>[""""], ""surname""=>[""Denne"", ""DENNE""], ""rank""=>[""Lieutenant""], ""number""=>[""""], ""reason""=>[""joined""], ""unit""=>[""""]}",2800063,Courcelles,"[4.3747, 50.46379]"
12,AWD0001n0p,diary,570,5,1917-05-29 00:00:00 UTC,29 May 1917,Ablainseville,"[4.3747, 50.46379]","",person,Second Lieutenant  Tall,"{""first""=>[""""], ""surname""=>[""Tall""], ""rank""=>[""Second Lieutenant""], ""number""=>[""""], ""reason""=>[""joined""], ""unit""=>[""""]}",2800063,Courcelles,"[4.3747, 50.46379]"
14,AWD0001n0p,diary,570,3,1917-05-29 00:00:00 UTC,29 May 1917,Ablainseville,"[4.3747, 50.46379]","",person,Lieutenant E Ome,"{""first""=>[""E""], ""surname""=>[""Ome""], ""rank""=>[""Lieutenant""], ""number""=>[""""], ""reason""=>[""departed_sick""], ""unit""=>[""""]}",2800063,Courcelles,"[4.3747, 50.46379]"
16,AWD0001n0p,diary,570,5,1917-05-30 00:00:00 UTC,30 May 1917,Ablainseville,"[4.3747, 50.46379]","",diaryDate,30 May 1917,"{""day""=>[""30""], ""month""=>[""May""], ""year""=>[""1917""]}",2800063,Courcelles,"[4.3747, 50.46379]"
17,AWD0001n0p,diary,570,2,1917-05-30 00:00:00 UTC,30 May 1917,Ablainseville,"[4.3747, 50.46379]","",activity,training,{},2800063,Courcelles,"[4.3747, 50.46379]"
19,AWD0001n0p,diary,570,2,1917-05-30 00:00:00 UTC,30 May 1917,Ablainseville,"[4.3747, 50.46379]","",activity,training,{},2800063,Courcelles,"[4.3747, 50.46379]"
23,AWD0001n0p,diary,570,5,1917-05-31 00:00:00 UTC,31 May 1917,Ablainseville,"[4.3747, 50.46379]","",diaryDate,31 May 1917,"{""day""=>[""31""], ""month""=>[""May""], ""year""=>[""1917""]}",2800063,Courcelles,"[4.3747, 50.46379]"
25,AWD0001n0p,diary,570,3,1917-05-31 00:00:00 UTC,31 May 1917,Ablainseville,"[4.3747, 50.46379]","",activity,training,{},2800063,Courcelles,"[4.3747, 50.46379]"
26,AWD0001n0p,diary,570,2,1917-05-31 00:00:00 UTC,31 May 1917,Ablainseville,"[4.3747, 50.46379]","",activity,working,{},2800063,Courcelles,"[4.3747, 50.46379]"
28,AWD0001n0p,diary,570,3,1917-05-31 00:00:00 UTC,31 May 1917,Ablainseville,"[4.3747, 50.46379]","",casualties,"killed: 55, wounded: 188, sick: 60, missing: 7",{},2800063,Courcelles,"[4.3747, 50.46379]"
31,AWD0001n0p,diary,570,5,1917-05-31 00:00:00 UTC,31 May 1917,Ablainseville,"[4.3747, 50.46379]","",strength,"officer: 34, other: 718",{},2800063,Courcelles,"[4.3747, 50.46379]"
32,AWD0001n0p,diary,570,2,1917-05-31 00:00:00 UTC,31 May 1917,Ablainseville,"[4.3747, 50.46379]","",person,"Lieutenant A C CAMERON, Cameron","{""first""=>[""A C""], ""surname""=>[""CAMERON"", ""Cameron""], ""rank""=>[""Lieutenant""], ""number""=>[""""], ""reason""=>[""author""], ""unit""=>["""", ""Act. Adj. 8 Battalion Devonshire Regiment""]}",2800063,Courcelles,"[4.3747, 50.46379]"
10,AWD0001n1j,report,571,2,,,,[],,date,4 May 1917,{},,,
12,AWD0001n1j,report,571,2,,,,[],,date,3 May 1917,{},,,
14,AWD0001n1j,report,571,3,,,,[],,date,4 May 1917,{},,,
22,AWD0001n1j,report,571,2,,,,[],,date,5 May 1917,{},,,
24,AWD0001n1j,report,571,4,,,,[],,person,"Captain S, Renton","{""first""=>[""S"", """"], ""surname""=>[""Renton""], ""rank""=>[""Captain""], ""number""=>[""""], ""reason""=>[""other"", ""combat"", ""commander"", ""casualty_kia""], ""unit""=>[""C Coy. 8 Battalion Devonshire Regiment"", """"]}",,,
27,AWD0001n1j,report,571,2,,,,[],,activity,enemy_activity,{},,,
28,AWD0001n1j,report,571,2,,,,[],,date,6 May 1917,{},,,
3,AWD0001mxu,report,572,2,,,,[],,date,10 May 1917,{},,,
8,AWD0001mxu,report,572,2,,,,[],,date,6 May 1917,{},,,
9,AWD0001mxu,report,572,2,,,,[],,date,7 May 1917,{},,,
12,AWD0001mxu,report,572,2,,,,[],,date,8 May 1917,{},,,
15,AWD0001mxu,report,572,2,,,,[],,person,Second Lieutenant C J Holdsworth,"{""first""=>[""C J""], ""surname""=>[""Holdsworth""], ""rank""=>[""Second Lieutenant""], ""number""=>[""""], ""reason""=>[""other"", ""combat""], ""unit""=>[""C Coy. 8 Battalion Devonshire Regiment"", """"]}",,,
16,AWD0001mxu,report,572,2,,,,[],,person,Second Lieutenant F W Girvan,"{""first""=>[""F W""], ""surname""=>[""Girvan""], ""rank""=>[""Second Lieutenant""], ""number""=>[""""], ""reason""=>[""combat"", ""other""], ""unit""=>["""", ""D Coy. 8 Battalion Devonshire Regiment""]}",,,
8,AWD0001mxr,report,573,2,,,,[],,date,8 May 1917,{},,,
9,AWD0001mxr,report,573,4,,,,[],,person,Second Lieutenant C J Holdsworth,"{""first""=>[""C J""], ""surname""=>[""Holdsworth""], ""rank""=>[""Second Lieutenant""], ""number""=>[""""], ""reason""=>[""casualty_kia""], ""unit""=>["""", ""C Coy. 8 Battalion Devonshire Regiment""]}",,,
10,AWD0001mxr,report,573,2,,,,[],,person,Second Lieutenant  Drew,"{""first""=>[""""], ""surname""=>[""Drew""], ""rank""=>[""Second Lieutenant""], ""number""=>[""""], ""reason""=>[""combat"", ""commander""], ""unit""=>["""", ""Commdg. C Coy. 8 Battalion Devonshire Regiment""]}",,,
11,AWD0001mxr,report,573,2,,,,[],,person,Second Lieutenant F W Girvan,"{""first""=>[""F W""], ""surname""=>[""Girvan""], ""rank""=>[""Second Lieutenant""], ""number""=>[""""], ""reason""=>[""combat"", ""commander""], ""unit""=>["""", ""Commdg. D Coy. 8 Battalion Devonshire Regiment""]}",,,
8,AWD0001n08,report,574,2,,,,[],,date,9 May 1917,{},,,
10,AWD0001n08,report,574,2,,,,[],,person,Second Lieutenant  Drew,"{""first""=>[""""], ""surname""=>[""Drew""], ""rank""=>[""Second Lieutenant""], ""number""=>[""""], ""reason""=>[""combat"", ""other""], ""unit""=>["""", ""C Coy. 8 Battalion Devonshire Regiment""]}",,,
11,AWD0001n08,report,574,2,,,,[],,person,Second Lieutenant  Marshall,"{""first""=>[""""], ""surname""=>[""Marshall""], ""rank""=>[""Second Lieutenant""], ""number""=>[""""], ""reason""=>[""combat"", ""other""], ""unit""=>["""", ""B Coy. 8 Battalion Devonshire Regiment""]}",,,
1,AWD0001myd,report,575,2,,,,[],,date,4 May 1917,{},,,
8,AWD0001myd,report,575,2,,,,[],,person,Second Lieutenant  Marshall,"{""first""=>[""""], ""surname""=>[""Marshall""], ""rank""=>[""Second Lieutenant""], ""number""=>[""""], ""reason""=>[""combat"", ""other""], ""unit""=>["""", ""  8 Battalion Devonshire Regiment""]}",,,
9,AWD0001myd,report,575,3,,,,[],,person,Lieutenant  Drake,"{""first""=>[""""], ""surname""=>[""Drake""], ""rank""=>[""Lieutenant""], ""number""=>[""""], ""reason""=>[""other""], ""unit""=>["""", ""8 Battalion Devonshire Regiment"", "" 8 Battalion Devonshire Regiment""]}",,,
10,AWD0001myd,report,575,2,,,,[],,person,"Second Lieutenant,Lieutenant  Marshall , Marshall","{""first""=>[""""], ""surname""=>[""Marshall "", ""Marshall""], ""rank""=>[""Second Lieutenant"", ""Lieutenant""], ""number""=>[""""], ""reason""=>[""other""], ""unit""=>[""8 Battalion Devonshire Regiment""]}",,,
11,AWD0001myd,report,575,2,,,,[],,person,Lieutenant  Drake,"{""first""=>[""""], ""surname""=>[""Drake""], ""rank""=>[""Lieutenant""], ""number""=>[""""], ""reason""=>[""other""], ""unit""=>[""8 Battalion Devonshire Regiment""]}",,,
6,AWD0001n05,report,576,5,,,,[],,date,12 May 1917,{},,,
12,AWD0001mza,report,577,2,,,,[],,date,6 May 1917,{},,,
13,AWD0001mza,report,577,5,,,,[],,person,Captain S Renton,"{""first""=>[""S""], ""surname""=>[""Renton""], ""rank""=>[""Captain""], ""number""=>[""""], ""reason""=>[""casualty_kia""], ""unit""=>[""""]}",,,
14,AWD0001mza,report,577,4,,,,[],,person,Second Lieutenant C J Holdsworth,"{""first""=>[""C J""], ""surname""=>[""Holdsworth""], ""rank""=>[""Second Lieutenant""], ""number""=>[""""], ""reason""=>[""casualty_kia""], ""unit""=>[""""]}",,,
15,AWD0001mza,report,577,2,,,,[],,date,8 May 1917,{},,,
17,AWD0001mza,report,577,5,,,,[],,person,Second Lieutenant K Duncan,"{""first""=>[""K""], ""surname""=>[""Duncan""], ""rank""=>[""Second Lieutenant""], ""number""=>[""""], ""reason""=>[""casualty_kia""], ""unit""=>[""""]}",,,
18,AWD0001mza,report,577,4,,,,[],,date,9 May 1917,{},,,
19,AWD0001mza,report,577,2,,,,[],,person,  ,"{""first""=>[""""], ""surname""=>[""""], ""rank""=>[""""], ""number""=>[""""], ""reason""=>[""commander""], ""unit""=>[""""]}",,,
20,AWD0001mza,report,577,5,,,,[],,person,Second Lieutenant G H Smith,"{""first""=>[""G H""], ""surname""=>[""Smith""], ""rank""=>[""Second Lieutenant""], ""number""=>[""""], ""reason""=>[""casualty_kia""], ""unit""=>[""""]}",,,
21,AWD0001mza,report,577,5,,,,[],,person,Second Lieutenant L G Cumming,"{""first""=>[""L G""], ""surname""=>[""Cumming""], ""rank""=>[""Second Lieutenant""], ""number""=>[""""], ""reason""=>[""casualty_kia""], ""unit""=>[""""]}",,,
22,AWD0001mza,report,577,5,,,,[],,person,Captain E H Littlewood,"{""first""=>[""E H""], ""surname""=>[""Littlewood""], ""rank""=>[""Captain""], ""number""=>[""""], ""reason""=>[""casualty_wounded""], ""unit""=>[""""]}",,,
23,AWD0001mza,report,577,2,,,,[],,date,6 May 1917,{},,,
24,AWD0001mza,report,577,9,,,,[],,person,Second Lieutenant F C Armstrong,"{""first""=>[""F C""], ""surname""=>[""Armstrong""], ""rank""=>[""Second Lieutenant""], ""number""=>[""""], ""reason""=>[""casualty_wounded""], ""unit""=>[""""]}",,,
25,AWD0001mza,report,577,2,,,,[],,date,8 May 1917,{},,,
28,AWD0001mza,report,577,2,,,,[],,person,  ,"{""first""=>[""""], ""surname""=>[""""], ""rank""=>[""""], ""number""=>[""""], ""reason""=>[""commander""], ""unit""=>[""""]}",,,
29,AWD0001mza,report,577,4,,,,[],,person,Second Lieutenant E D Gregory,"{""first""=>[""E D""], ""surname""=>[""Gregory""], ""rank""=>[""Second Lieutenant""], ""number""=>[""""], ""reason""=>[""casualty_wounded""], ""unit""=>[""""]}",,,
30,AWD0001mza,report,577,3,,,,[],,date,9 May 1917,{},,,
32,AWD0001mza,report,577,5,,,,[],,person,Second Lieutenant G A Drew,"{""first""=>[""G A""], ""surname""=>[""Drew""], ""rank""=>[""Second Lieutenant""], ""number""=>[""""], ""reason""=>[""casualty_wounded""], ""unit""=>[""""]}",,,
33,AWD0001mza,report,577,4,,,,[],,person,Second Lieutenant F W Pinkard,"{""first""=>[""F W""], ""surname""=>[""Pinkard""], ""rank""=>[""Second Lieutenant""], ""number""=>[""""], ""reason""=>[""casualty_wounded""], ""unit""=>[""""]}",,,
34,AWD0001mza,report,577,2,,,,[],,date,6 May 1917,{},,,
1,AWD0001n0r,diary,579,5,1917-06-01 00:00:00 UTC,1 Jun 1917,Ablainseville,"[4.3747, 50.46379]","",diaryDate,1 Jun 1917,"{""day""=>[""1""], ""month""=>[""Jun""], ""year""=>[""1917""]}",2800063,Courcelles,"[4.3747, 50.46379]"
3,AWD0001n0r,diary,579,3,1917-06-01 00:00:00 UTC,1 Jun 1917,Ablainseville,"[4.3747, 50.46379]","",activity,working,{},2800063,Courcelles,"[4.3747, 50.46379]"
4,AWD0001n0r,diary,579,7,1917-06-01 00:00:00 UTC,1 Jun 1917,Ablainseville,"[4.3747, 50.46379]","",place,Ablainseville,"{""place""=>[""Ablainseville""], ""location""=>[""true""], ""name""=>[""Courcelles""], ""lat""=>[""50.46379""], ""long""=>[""4.3747""], ""id""=>[""2800063""]}",2800063,Courcelles,"[4.3747, 50.46379]"
7,AWD0001n0r,diary,579,2,1917-06-01 00:00:00 UTC,1 Jun 1917,Ablainseville,"[4.3747, 50.46379]","",domestic,other,{},2800063,Courcelles,"[4.3747, 50.46379]"
8,AWD0001n0r,diary,579,8,1917-06-01 00:00:00 UTC,1 Jun 1917,Ablainseville,"[4.3747, 50.46379]","",activity,training,{},2800063,Courcelles,"[4.3747, 50.46379]"
9,AWD0001n0r,diary,579,5,1917-06-02 00:00:00 UTC,2 Jun 1917,Ablainseville,"[4.3747, 50.46379]","",diaryDate,2 Jun 1917,"{""day""=>[""2""], ""month""=>[""Jun""], ""year""=>[""1917""]}",2800063,Courcelles,"[4.3747, 50.46379]"
10,AWD0001n0r,diary,579,5,1917-06-02 00:00:00 UTC,2 Jun 1917,Ablainseville,"[4.3747, 50.46379]","",domestic,hygiene,{},2800063,Courcelles,"[4.3747, 50.46379]"
11,AWD0001n0r,diary,579,5,1917-06-03 00:00:00 UTC,3 Jun 1917,Ablainseville,"[4.3747, 50.46379]","",diaryDate,3 Jun 1917,"{""day""=>[""3""], ""month""=>[""Jun""], ""year""=>[""1917""]}",2800063,Courcelles,"[4.3747, 50.46379]"
12,AWD0001n0r,diary,579,4,1917-06-03 00:00:00 UTC,3 Jun 1917,Ablainseville,"[4.3747, 50.46379]","",domestic,religion,{},2800063,Courcelles,"[4.3747, 50.46379]"
14,AWD0001n0r,diary,579,4,1917-06-03 00:00:00 UTC,3 Jun 1917,"Ablainseville, Ablainzevelle","[0.0, 0.0]","",place,"Ablainseville, Ablainzevelle","{""place""=>[""Ablainseville"", ""Ablainzevelle""], ""location""=>[""true""], ""name""=>[""Courcelles"", ""Ablainzevelle""], ""lat""=>[""50.46379"", ""50.15268""], ""long""=>[""4.3747"", ""2.73319""], ""id""=>[""2800063"", ""3038762""]}",2800063,Courcelles,"[4.3747, 50.46379]"
15,AWD0001n0r,diary,579,5,1917-06-04 00:00:00 UTC,4 Jun 1917,"Ablainseville, Ablainzevelle","[0.0, 0.0]","",diaryDate,4 Jun 1917,"{""day""=>[""4""], ""month""=>[""Jun""], ""year""=>[""1917""]}",2800063,Courcelles,"[4.3747, 50.46379]"
17,AWD0001n0r,diary,579,2,1917-06-04 00:00:00 UTC,4 Jun 1917,"Ablainseville, Ablainzevelle","[0.0, 0.0]","",domestic,other,{},2800063,Courcelles,"[4.3747, 50.46379]"
18,AWD0001n0r,diary,579,8,1917-06-04 00:00:00 UTC,4 Jun 1917,"Ablainseville, Ablainzevelle","[0.0, 0.0]","",activity,training,{},2800063,Courcelles,"[4.3747, 50.46379]"
19,AWD0001n0r,diary,579,4,1917-06-05 00:00:00 UTC,5 Jun 1917,"Ablainseville, Ablainzevelle","[0.0, 0.0]","",diaryDate,5 Jun 1917,"{""day""=>[""5""], ""month""=>[""Jun""], ""year""=>[""1917""]}",2800063,Courcelles,"[4.3747, 50.46379]"
20,AWD0001n0r,diary,579,5,1917-06-05 00:00:00 UTC,5 Jun 1917,Ablainseville,"[4.3747, 50.46379]","",place,Ablainseville,"{""place""=>[""Ablainseville""], ""location""=>[""true""], ""name""=>[""Courcelles"", """"], ""lat""=>[""50.46379"", """"], ""long""=>[""4.3747"", """"], ""id""=>[""2800063"", """"]}",2800063,Courcelles,"[4.3747, 50.46379]"
21,AWD0001n0r,diary,579,5,1917-06-06 00:00:00 UTC,6 Jun 1917,Ablainseville,"[4.3747, 50.46379]","",diaryDate,6 Jun 1917,"{""day""=>[""6""], ""month""=>[""Jun""], ""year""=>[""1917""]}",2800063,Courcelles,"[4.3747, 50.46379]"
22,AWD0001n0r,diary,579,5,1917-06-06 00:00:00 UTC,6 Jun 1917,Ablainseville,"[4.3747, 50.46379]","",activity,working,{},2800063,Courcelles,"[4.3747, 50.46379]"
24,AWD0001n0r,diary,579,2,1917-06-06 00:00:00 UTC,6 Jun 1917,Ablainseville,"[4.3747, 50.46379]","",domestic,other,{},2800063,Courcelles,"[4.3747, 50.46379]"
25,AWD0001n0r,diary,579,8,1917-06-06 00:00:00 UTC,6 Jun 1917,Ablainseville,"[4.3747, 50.46379]","",activity,training,{},2800063,Courcelles,"[4.3747, 50.46379]"
26,AWD0001n0r,diary,579,4,1917-06-07 00:00:00 UTC,7 Jun 1917,Ablainseville,"[4.3747, 50.46379]","",diaryDate,7 Jun 1917,"{""day""=>[""7""], ""month""=>[""Jun""], ""year""=>[""1917""]}",2800063,Courcelles,"[4.3747, 50.46379]"
29,AWD0001n0r,diary,579,2,1917-06-07 00:00:00 UTC,7 Jun 1917,"Ablainseville, Ablainzevelle","[0.0, 0.0]","",place,"Ablainseville, Ablainzevelle","{""place""=>[""Ablainseville"", ""Ablainzevelle""], ""location""=>[""true""], ""name""=>[""Courcelles"", ""Ablainzevelle""], ""lat""=>[""50.46379"", ""50.15268""], ""long""=>[""4.3747"", ""2.73319""], ""id""=>[""2800063"", ""3038762""]}",2800063,Courcelles,"[4.3747, 50.46379]"
30,AWD0001n0r,diary,579,5,1917-06-08 00:00:00 UTC,8 Jun 1917,"Ablainseville, Ablainzevelle","[0.0, 0.0]","",diaryDate,8 Jun 1917,"{""day""=>[""8""], ""month""=>[""Jun""], ""year""=>[""1917""]}",2800063,Courcelles,"[4.3747, 50.46379]"
32,AWD0001n0r,diary,579,2,1917-06-08 00:00:00 UTC,8 Jun 1917,"Ablainseville, Ablainzevelle","[0.0, 0.0]","",activity,working,{},2800063,Courcelles,"[4.3747, 50.46379]"
33,AWD0001n0r,diary,579,3,1917-06-08 00:00:00 UTC,8 Jun 1917,"Ablainseville, Ablainzevelle","[0.0, 0.0]","",domestic,hygiene,{},2800063,Courcelles,"[4.3747, 50.46379]"
34,AWD0001n0r,diary,579,4,1917-06-08 00:00:00 UTC,8 Jun 1917,"Ablainseville, Ablainzevelle","[0.0, 0.0]","",place,"Ablainseville, Ablainzevelle","{""place""=>[""Ablainseville"", ""Ablainzevelle""], ""location""=>[""true""], ""name""=>[""Courcelles"", ""Ablainzevelle""], ""lat""=>[""50.46379"", ""50.15268""], ""long""=>[""4.3747"", ""2.73319""], ""id""=>[""2800063"", ""3038762""]}",2800063,Courcelles,"[4.3747, 50.46379]"
36,AWD0001n0r,diary,579,2,1917-06-08 00:00:00 UTC,8 Jun 1917,"Ablainseville, Ablainzevelle","[0.0, 0.0]","",domestic,other,{},2800063,Courcelles,"[4.3747, 50.46379]"
37,AWD0001n0r,diary,579,4,1917-06-09 00:00:00 UTC,9 Jun 1917,"Ablainseville, Ablainzevelle","[0.0, 0.0]","",diaryDate,9 Jun 1917,"{""day""=>[""9""], ""month""=>[""Jun""], ""year""=>[""1917""]}",2800063,Courcelles,"[4.3747, 50.46379]"
38,AWD0001n0r,diary,579,8,1917-06-09 00:00:00 UTC,9 Jun 1917,"Ablainseville, Ablainzevelle","[0.0, 0.0]","",activity,training,{},2800063,Courcelles,"[4.3747, 50.46379]"
39,AWD0001n0r,diary,579,5,1917-06-10 00:00:00 UTC,10 Jun 1917,"Ablainseville, Ablainzevelle","[0.0, 0.0]","",diaryDate,10 Jun 1917,"{""day""=>[""10""], ""month""=>[""Jun""], ""year""=>[""1917""]}",2800063,Courcelles,"[4.3747, 50.46379]"
40,AWD0001n0r,diary,579,4,1917-06-10 00:00:00 UTC,10 Jun 1917,"Ablainseville, Ablainzevelle","[0.0, 0.0]","",domestic,religion,{},2800063,Courcelles,"[4.3747, 50.46379]"
43,AWD0001n0r,diary,579,2,1917-06-10 00:00:00 UTC,10 Jun 1917,"Ablainseville, Ablainzevelle","[0.0, 0.0]","",domestic,sport,{},2800063,Courcelles,"[4.3747, 50.46379]"
45,AWD0001n0r,diary,579,2,1917-06-10 00:00:00 UTC,10 Jun 1917,"Ablainseville, Ablainzevelle","[0.0, 0.0]","",place,"Ablainseville, Ablainzevelle","{""place""=>[""Ablainseville"", ""Ablainzevelle""], ""location""=>[""true""], ""name""=>[""Courcelles"", ""Ablainzevelle""], ""lat""=>[""50.46379"", ""50.15268""], ""long""=>[""4.3747"", ""2.73319""], ""id""=>[""2800063"", ""3038762""]}",2800063,Courcelles,"[4.3747, 50.46379]"
48,AWD0001n0r,diary,579,5,1917-06-11 00:00:00 UTC,11 Jun 1917,"Ablainseville, Ablainzevelle","[0.0, 0.0]","",diaryDate,11 Jun 1917,"{""day""=>[""11""], ""month""=>[""Jun""], ""year""=>[""1917""]}",2800063,Courcelles,"[4.3747, 50.46379]"
49,AWD0001n0r,diary,579,2,1917-06-11 00:00:00 UTC,11 Jun 1917,"Ablainseville, Ablainzevelle","[0.0, 0.0]","",place,"Ablainseville, Ablainzevelle","{""place""=>[""Ablainseville"", ""Ablainzevelle""], ""location""=>[""true""], ""name""=>[""Courcelles"", ""Ablainzevelle""], ""lat""=>[""50.46379"", ""50.15268""], ""long""=>[""4.3747"", ""2.73319""], ""id""=>[""2800063"", ""3038762""]}",2800063,Courcelles,"[4.3747, 50.46379]"
50,AWD0001n0r,diary,579,3,1917-06-11 00:00:00 UTC,11 Jun 1917,"Ablainseville, Ablainzevelle","[0.0, 0.0]","",activity,working,{},2800063,Courcelles,"[4.3747, 50.46379]"
53,AWD0001n0r,diary,579,2,1917-06-11 00:00:00 UTC,11 Jun 1917,"Ablainseville, Ablainzevelle","[0.0, 0.0]","",domestic,other,{},2800063,Courcelles,"[4.3747, 50.46379]"
54,AWD0001n0r,diary,579,4,1917-06-12 00:00:00 UTC,12 Jun 1917,"Ablainseville, Ablainzevelle","[0.0, 0.0]","",diaryDate,12 Jun 1917,"{""day""=>[""12""], ""month""=>[""Jun""], ""year""=>[""1917""]}",2800063,Courcelles,"[4.3747, 50.46379]"
55,AWD0001n0r,diary,579,7,1917-06-12 00:00:00 UTC,12 Jun 1917,"Ablainseville, Ablainzevelle","[0.0, 0.0]","",activity,training,{},2800063,Courcelles,"[4.3747, 50.46379]"
56,AWD0001n0r,diary,579,2,1917-06-12 00:00:00 UTC,12 Jun 1917,"Ablainseville, Ablainzevelle","[0.0, 0.0]","",place,"Ablainseville, Ablainzevelle","{""place""=>[""Ablainseville"", ""Ablainzevelle""], ""location""=>[""true""], ""name""=>[""Courcelles"", ""Ablainzevelle""], ""lat""=>[""50.46379"", ""50.15268""], ""long""=>[""4.3747"", ""2.73319""], ""id""=>[""2800063"", ""3038762""]}",2800063,Courcelles,"[4.3747, 50.46379]"
58,AWD0001n0r,diary,579,5,1917-06-13 00:00:00 UTC,13 Jun 1917,"Ablainseville, Ablainzevelle","[0.0, 0.0]","",diaryDate,13 Jun 1917,"{""day""=>[""13""], ""month""=>[""Jun""], ""year""=>[""1917""]}",2800063,Courcelles,"[4.3747, 50.46379]"
59,AWD0001n0r,diary,579,2,1917-06-13 00:00:00 UTC,13 Jun 1917,"Ablainseville, Ablainzevelle","[0.0, 0.0]","",domestic,accomodation,{},2800063,Courcelles,"[4.3747, 50.46379]"
62,AWD0001n0r,diary,579,4,1917-06-13 00:00:00 UTC,13 Jun 1917,"Ablainseville, Ablainzevelle","[0.0, 0.0]","",activity,movement,{},2800063,Courcelles,"[4.3747, 50.46379]"
63,AWD0001n0r,diary,579,2,1917-06-13 00:00:00 UTC,13 Jun 1917,"Ablainseville, Ablainzevelle","[0.0, 0.0]","",place,"Ablainseville, Ablainzevelle","{""place""=>[""Ablainseville"", ""Ablainzevelle""], ""location""=>[""true""], ""name""=>[""Courcelles"", ""Ablainzevelle""], ""lat""=>[""50.46379"", ""50.15268""], ""long""=>[""4.3747"", ""2.73319""], ""id""=>[""2800063"", ""3038762""]}",2800063,Courcelles,"[4.3747, 50.46379]"
65,AWD0001n0r,diary,579,5,1917-06-14 00:00:00 UTC,14 Jun 1917,"Ablainseville, Ablainzevelle","[0.0, 0.0]","",diaryDate,14 Jun 1917,"{""day""=>[""14""], ""month""=>[""Jun""], ""year""=>[""1917""]}",2800063,Courcelles,"[4.3747, 50.46379]"
67,AWD0001n0r,diary,579,5,1917-06-14 00:00:00 UTC,14 Jun 1917,Mory,"[2.85365, 50.15763]","",place,Mory,"{""place""=>[""Mory""], ""location""=>[""true""], ""name""=>[""Mory""], ""lat""=>[""50.15763""], ""long""=>[""2.85365""], ""id""=>[""2991632""]}",2991632,Mory,"[2.85365, 50.15763]"
68,AWD0001n0r,diary,579,3,1917-06-14 00:00:00 UTC,14 Jun 1917,Mory,"[2.85365, 50.15763]","",activity,movement,{},2991632,Mory,"[2.85365, 50.15763]"
69,AWD0001n0r,diary,579,4,1917-06-14 00:00:00 UTC,14 Jun 1917,Mory,"[2.85365, 50.15763]","",activity,support,{},2991632,Mory,"[2.85365, 50.15763]"
73,AWD0001n0r,diary,579,2,1917-06-14 01:00:00 UTC,14 Jun 1917,Mory,"[2.85365, 50.15763]",0100AM,time,0100AM,{},2991632,Mory,"[2.85365, 50.15763]"
76,AWD0001n0r,diary,579,4,1917-06-14 01:00:00 UTC,14 Jun 1917,Mory,"[2.85365, 50.15763]",0100AM,casualties,"killed: 2, wounded: 1",{},2991632,Mory,"[2.85365, 50.15763]"
77,AWD0001n0r,diary,579,2,1917-06-14 01:00:00 UTC,14 Jun 1917,Mory,"[2.85365, 50.15763]",0100AM,unit,58th Division,"{""name""=>[""58th Division""], ""context""=>[""left""]}",2991632,Mory,"[2.85365, 50.15763]"
78,AWD0001n0r,diary,579,3,1917-06-14 01:00:00 UTC,14 Jun 1917,Mory,"[2.85365, 50.15763]",0100AM,unit,"58th Div, 58 Div, 58 DIV","{""name""=>[""58th Div"", ""58 Div"", ""58 DIV""], ""context""=>[""left""]}",2991632,Mory,"[2.85365, 50.15763]"
79,AWD0001n0r,diary,579,5,1917-06-14 01:00:00 UTC,14 Jun 1917,Mory,"[2.85365, 50.15763]",0100AM,weather,hot,{},2991632,Mory,"[2.85365, 50.15763]"
81,AWD0001n0r,diary,579,2,1917-06-14 01:00:00 UTC,14 Jun 1917,Mory,"[2.85365, 50.15763]",0100AM,unit,2nd Border Regiment,"{""name""=>[""2nd Border Regiment""], ""context""=>[""right""]}",2991632,Mory,"[2.85365, 50.15763]"
82,AWD0001n0r,diary,579,2,1917-06-14 01:00:00 UTC,14 Jun 1917,Mory,"[2.85365, 50.15763]",0100AM,unit,"Border Regt, 2nd Border Regt","{""name""=>[""Border Regt"", ""2nd Border Regt""], ""context""=>[""right""]}",2991632,Mory,"[2.85365, 50.15763]"
83,AWD0001n0r,diary,579,2,1917-06-14 01:00:00 UTC,14 Jun 1917,Mory,"[2.85365, 50.15763]",0100AM,weather,fine,{},2991632,Mory,"[2.85365, 50.15763]"
2,AWD0001mzr,diary,580,5,1917-06-15 00:00:00 UTC,15 Jun 1917,Mory,"[2.85365, 50.15763]","",diaryDate,15 Jun 1917,"{""day""=>[""15""], ""month""=>[""Jun""], ""year""=>[""1917""]}",2991632,Mory,"[2.85365, 50.15763]"
3,AWD0001mzr,diary,580,2,1917-06-15 00:00:00 UTC,15 Jun 1917,Mory,"[2.85365, 50.15763]","",activity,line,{},2991632,Mory,"[2.85365, 50.15763]"
4,AWD0001mzr,diary,580,5,1917-06-15 00:00:00 UTC,15 Jun 1917,Mory,"[2.85365, 50.15763]","",person,Second Lieutenant  Johnson,"{""first""=>[""""], ""surname""=>[""Johnson""], ""rank""=>[""Second Lieutenant""], ""number""=>[""""], ""reason""=>[""casualty_kia""], ""unit""=>[""""]}",2991632,Mory,"[2.85365, 50.15763]"
8,AWD0001mzr,diary,580,4,1917-06-15 00:00:00 UTC,15 Jun 1917,Ecoust,"[2.91236, 50.18014]","",place,Ecoust,"{""place""=>[""Ecoust""], ""location""=>[""true""], ""name""=>[""Écoust-Saint-Mein""], ""lat""=>[""50.18014""], ""long""=>[""2.91236""], ""id""=>[""3020436""]}",3020436,Écoust-Saint-Mein,"[2.91236, 50.18014]"
9,AWD0001mzr,diary,580,2,1917-06-15 00:00:00 UTC,15 Jun 1917,Ecoust,"[2.91236, 50.18014]","",activity,working,{},3020436,Écoust-Saint-Mein,"[2.91236, 50.18014]"
10,AWD0001mzr,diary,580,5,1917-06-15 00:00:00 UTC,15 Jun 1917,Ecoust,"[2.91236, 50.18014]","",activity,fire,{},3020436,Écoust-Saint-Mein,"[2.91236, 50.18014]"
12,AWD0001mzr,diary,580,7,1917-06-15 00:00:00 UTC,15 Jun 1917,Ecoust,"[2.91236, 50.18014]","",weather,hot,{},3020436,Écoust-Saint-Mein,"[2.91236, 50.18014]"
14,AWD0001mzr,diary,580,5,1917-06-16 00:00:00 UTC,16 Jun 1917,Ecoust,"[2.91236, 50.18014]","",diaryDate,16 Jun 1917,"{""day""=>[""16""], ""month""=>[""Jun""], ""year""=>[""1917""]}",3020436,Écoust-Saint-Mein,"[2.91236, 50.18014]"
15,AWD0001mzr,diary,580,4,1917-06-16 00:00:00 UTC,16 Jun 1917,Ecoust,"[2.91236, 50.18014]","",activity,line,{},3020436,Écoust-Saint-Mein,"[2.91236, 50.18014]"
16,AWD0001mzr,diary,580,3,1917-06-16 00:00:00 UTC,16 Jun 1917,Ecoust,"[2.91236, 50.18014]","",casualties,wounded: 9,{},3020436,Écoust-Saint-Mein,"[2.91236, 50.18014]"
17,AWD0001mzr,diary,580,2,1917-06-16 00:00:00 UTC,16 Jun 1917,Ecoust,"[2.91236, 50.18014]","",casualties,"killed: 3, wounded: 9",{},3020436,Écoust-Saint-Mein,"[2.91236, 50.18014]"
19,AWD0001mzr,diary,580,2,1917-06-16 00:00:00 UTC,16 Jun 1917,Ecoust,"[2.91236, 50.18014]","",activity,working,{},3020436,Écoust-Saint-Mein,"[2.91236, 50.18014]"
24,AWD0001mzr,diary,580,4,1917-06-16 00:00:00 UTC,16 Jun 1917,Ecoust,"[2.91236, 50.18014]","",weather,hot,{},3020436,Écoust-Saint-Mein,"[2.91236, 50.18014]"
25,AWD0001mzr,diary,580,5,1917-06-16 00:00:00 UTC,16 Jun 1917,Ecoust,"[2.91236, 50.18014]","",casualties,"killed: 1, wounded: 2",{},3020436,Écoust-Saint-Mein,"[2.91236, 50.18014]"
26,AWD0001mzr,diary,580,6,1917-06-17 00:00:00 UTC,17 Jun 1917,Ecoust,"[2.91236, 50.18014]","",diaryDate,17 Jun 1917,"{""day""=>[""17""], ""month""=>[""Jun""], ""year""=>[""1917""]}",3020436,Écoust-Saint-Mein,"[2.91236, 50.18014]"
29,AWD0001mzr,diary,580,3,1917-06-17 00:00:00 UTC,17 Jun 1917,Ecoust,"[2.91236, 50.18014]","",unit,2nd Gordons,"{""name""=>[""2nd Gordons""], ""context""=>[""relieved""]}",3020436,Écoust-Saint-Mein,"[2.91236, 50.18014]"
30,AWD0001mzr,diary,580,4,1917-06-17 00:00:00 UTC,17 Jun 1917,Bullecourt,"[2.92814, 50.19125]","",place,Bullecourt,"{""place""=>[""Bullecourt""], ""location""=>[""true""], ""name""=>[""Bullecourt""], ""lat""=>[""50.19125""], ""long""=>[""2.92814""], ""id""=>[""3029576""]}",3033762,Bellacourt,"[2.67847, 50.22924]"
32,AWD0001mzr,diary,580,2,1917-06-17 00:00:00 UTC,17 Jun 1917,Bullecourt,"[2.92814, 50.19125]","",unit,"9th Devon Regt, 9th Devon R","{""name""=>[""9th Devon Regt"", ""9th Devon R""], ""context""=>[""right""]}",3033762,Bellacourt,"[2.67847, 50.22924]"
34,AWD0001mzr,diary,580,4,1917-06-17 00:00:00 UTC,17 Jun 1917,Bullecourt,"[2.92814, 50.19125]","",activity,line,{},3033762,Bellacourt,"[2.67847, 50.22924]"
35,AWD0001mzr,diary,580,4,1917-06-17 00:00:00 UTC,17 Jun 1917,Bullecourt,"[2.92814, 50.19125]","",place,Bullecourt,"{""place""=>[""Bullecourt""], ""location""=>[""false"", ""true""], ""name""=>[""Bullecourt""], ""lat""=>[""50.19125""], ""long""=>[""2.92814""], ""id""=>[""3029576""]}",3033762,Bellacourt,"[2.67847, 50.22924]"
38,AWD0001mzr,diary,580,2,1917-06-17 01:00:00 UTC,17 Jun 1917,Bullecourt,"[2.92814, 50.19125]",0100AM,time,0100AM,{},3033762,Bellacourt,"[2.67847, 50.22924]"
39,AWD0001mzr,diary,580,2,1917-06-17 01:00:00 UTC,17 Jun 1917,Bullecourt,"[2.92814, 50.19125]",0100AM,unit,"58th Div, 58TH DIV","{""name""=>[""58th Div"", ""58TH DIV""], ""context""=>[""left""]}",3033762,Bellacourt,"[2.67847, 50.22924]"
40,AWD0001mzr,diary,580,3,1917-06-17 01:00:00 UTC,17 Jun 1917,Bullecourt,"[2.92814, 50.19125]",0100AM,unit,58th Division,"{""name""=>[""58th Division""], ""context""=>[""left""]}",3033762,Bellacourt,"[2.67847, 50.22924]"
41,AWD0001mzr,diary,580,2,1917-06-17 01:00:00 UTC,17 Jun 1917,Bullecourt,"[2.92814, 50.19125]",0100AM,activity,quiet,{},3033762,Bellacourt,"[2.67847, 50.22924]"
43,AWD0001mzr,diary,580,3,1917-06-17 01:00:00 UTC,17 Jun 1917,Bullecourt,"[2.92814, 50.19125]",0100AM,activity,fire,{},3033762,Bellacourt,"[2.67847, 50.22924]"
44,AWD0001mzr,diary,580,4,1917-06-18 00:00:00 UTC,18 Jun 1917,Bullecourt,"[2.92814, 50.19125]","",diaryDate,18 Jun 1917,"{""day""=>[""18""], ""month""=>[""Jun""], ""year""=>[""1917""]}",3033762,Bellacourt,"[2.67847, 50.22924]"
45,AWD0001mzr,diary,580,4,1917-06-18 00:00:00 UTC,18 Jun 1917,Bullecourt,"[2.92814, 50.19125]","",weather,hot,{},3033762,Bellacourt,"[2.67847, 50.22924]"
46,AWD0001mzr,diary,580,2,1917-06-18 00:00:00 UTC,18 Jun 1917,Bullecourt,"[2.92814, 50.19125]","",activity,line,{},3033762,Bellacourt,"[2.67847, 50.22924]"
47,AWD0001mzr,diary,580,2,1917-06-18 00:00:00 UTC,18 Jun 1917,Bullecourt,"[2.92814, 50.19125]","",place,Bullecourt,"{""place""=>[""Bullecourt""], ""location""=>[""true"", ""false""], ""name""=>[""Bullecourt""], ""lat""=>[""50.19125""], ""long""=>[""2.92814""], ""id""=>[""3029576""]}",3033762,Bellacourt,"[2.67847, 50.22924]"
49,AWD0001mzr,diary,580,5,1917-06-18 00:00:00 UTC,18 Jun 1917,Bullecourt,"[2.92814, 50.19125]","",casualties,killed: 1,{},3033762,Bellacourt,"[2.67847, 50.22924]"
52,AWD0001mzr,diary,580,2,1917-06-18 00:00:00 UTC,18 Jun 1917,Bullecourt,"[2.92814, 50.19125]","",activity,repair,{},3033762,Bellacourt,"[2.67847, 50.22924]"
53,AWD0001mzr,diary,580,3,1917-06-18 00:00:00 UTC,18 Jun 1917,Bullecourt,"[2.92814, 50.19125]","",activity,reconnoitered,{},3033762,Bellacourt,"[2.67847, 50.22924]"
54,AWD0001mzr,diary,580,5,1917-06-19 00:00:00 UTC,19 Jun 1917,Bullecourt,"[2.92814, 50.19125]","",diaryDate,19 Jun 1917,"{""day""=>[""19""], ""month""=>[""Jun""], ""year""=>[""1917""]}",3033762,Bellacourt,"[2.67847, 50.22924]"
55,AWD0001mzr,diary,580,4,1917-06-19 00:00:00 UTC,19 Jun 1917,Bullecourt,"[2.92814, 50.19125]","",weather,hot,{},3033762,Bellacourt,"[2.67847, 50.22924]"
58,AWD0001mzr,diary,580,3,1917-06-19 00:00:00 UTC,19 Jun 1917,Bullecourt,"[2.92814, 50.19125]","",activity,fire,{},3033762,Bellacourt,"[2.67847, 50.22924]"
59,AWD0001mzr,diary,580,2,1917-06-19 00:00:00 UTC,19 Jun 1917,Bullecourt,"[2.92814, 50.19125]","",place,Bullecourt,"{""place""=>[""Bullecourt""], ""location""=>[""false"", ""true""], ""name""=>[""Bullecourt""], ""lat""=>[""50.19125""], ""long""=>[""2.92814""], ""id""=>[""3029576""]}",3033762,Bellacourt,"[2.67847, 50.22924]"
60,AWD0001mzr,diary,580,5,1917-06-19 00:00:00 UTC,19 Jun 1917,Bullecourt,"[2.92814, 50.19125]","",casualties,wounded: 3,{},3033762,Bellacourt,"[2.67847, 50.22924]"
62,AWD0001mzr,diary,580,3,1917-06-19 00:00:00 UTC,19 Jun 1917,Bullecourt,"[2.92814, 50.19125]","",activity,reconnoitered,{},3033762,Bellacourt,"[2.67847, 50.22924]"
63,AWD0001mzr,diary,580,3,1917-06-19 00:00:00 UTC,19 Jun 1917,Bullecourt,"[2.92814, 50.19125]","",activity,repair,{},3033762,Bellacourt,"[2.67847, 50.22924]"
64,AWD0001mzr,diary,580,5,1917-06-20 00:00:00 UTC,20 Jun 1917,Bullecourt,"[2.92814, 50.19125]","",diaryDate,20 Jun 1917,"{""day""=>[""20""], ""month""=>[""Jun""], ""year""=>[""1917""]}",3033762,Bellacourt,"[2.67847, 50.22924]"
65,AWD0001mzr,diary,580,4,1917-06-20 00:00:00 UTC,20 Jun 1917,Bullecourt,"[2.92814, 50.19125]","",weather,rain,{},3033762,Bellacourt,"[2.67847, 50.22924]"
67,AWD0001mzr,diary,580,2,1917-06-20 00:00:00 UTC,20 Jun 1917,Bullecourt,"[2.92814, 50.19125]","",place,Bullecourt,"{""place""=>[""Bullecourt""], ""location""=>[""true"", ""false""], ""name""=>[""Bullecourt""], ""lat""=>[""50.19125""], ""long""=>[""2.92814""], ""id""=>[""3029576""]}",3033762,Bellacourt,"[2.67847, 50.22924]"
69,AWD0001mzr,diary,580,7,1917-06-20 00:00:00 UTC,20 Jun 1917,Bullecourt,"[2.92814, 50.19125]","",activity,fire,{},3033762,Bellacourt,"[2.67847, 50.22924]"
70,AWD0001mzr,diary,580,4,1917-06-20 00:00:00 UTC,20 Jun 1917,Bullecourt,"[2.92814, 50.19125]","",casualties,wounded: 2,{},3033762,Bellacourt,"[2.67847, 50.22924]"
71,AWD0001mzr,diary,580,2,1917-06-20 00:00:00 UTC,20 Jun 1917,Bullecourt,"[2.92814, 50.19125]","",activity,enemy_activity,{},3033762,Bellacourt,"[2.67847, 50.22924]"
74,AWD0001mzr,diary,580,5,1917-06-20 00:00:00 UTC,20 Jun 1917,Bullecourt,"[2.92814, 50.19125]","",person,Second Lieutenant W I Wyatt,"{""first""=>[""W I""], ""surname""=>[""Wyatt""], ""rank""=>[""Second Lieutenant""], ""number""=>[""""], ""reason""=>[""joined""], ""unit""=>[""""]}",3033762,Bellacourt,"[2.67847, 50.22924]"
76,AWD0001mzr,diary,580,5,1917-06-21 00:00:00 UTC,21 Jun 1917,Bullecourt,"[2.92814, 50.19125]","",diaryDate,21 Jun 1917,"{""day""=>[""21""], ""month""=>[""Jun""], ""year""=>[""1917""]}",3033762,Bellacourt,"[2.67847, 50.22924]"
77,AWD0001mzr,diary,580,3,1917-06-21 00:00:00 UTC,21 Jun 1917,Bullecourt,"[2.92814, 50.19125]","",place,Bullecourt,"{""place""=>[""Bullecourt""], ""location""=>[""false""], ""name""=>[""Bullecourt""], ""lat""=>[""50.19125""], ""long""=>[""2.92814""], ""id""=>[""3029576""]}",3033762,Bellacourt,"[2.67847, 50.22924]"
78,AWD0001mzr,diary,580,2,1917-06-21 00:00:00 UTC,21 Jun 1917,Bullecourt,"[2.92814, 50.19125]","",activity,reconnoitered,{},3033762,Bellacourt,"[2.67847, 50.22924]"
79,AWD0001mzr,diary,580,2,1917-06-21 00:00:00 UTC,21 Jun 1917,Bullecourt,"[2.92814, 50.19125]","",activity,repair,{},3033762,Bellacourt,"[2.67847, 50.22924]"
81,AWD0001mzr,diary,580,2,1917-06-21 00:00:00 UTC,21 Jun 1917,Bullecourt,"[2.92814, 50.19125]","",weather,overcast,{},3033762,Bellacourt,"[2.67847, 50.22924]"
82,AWD0001mzr,diary,580,2,1917-06-21 00:00:00 UTC,21 Jun 1917,Bullecourt,"[2.92814, 50.19125]","",activity,fire,{},3033762,Bellacourt,"[2.67847, 50.22924]"
83,AWD0001mzr,diary,580,4,1917-06-22 00:00:00 UTC,22 Jun 1917,Bullecourt,"[2.92814, 50.19125]","",diaryDate,22 Jun 1917,"{""day""=>[""22""], ""month""=>[""Jun""], ""year""=>[""1917""]}",3033762,Bellacourt,"[2.67847, 50.22924]"
84,AWD0001mzr,diary,580,2,1917-06-22 00:00:00 UTC,22 Jun 1917,Bullecourt,"[2.92814, 50.19125]","",activity,movement,{},3033762,Bellacourt,"[2.67847, 50.22924]"
86,AWD0001mzr,diary,580,4,1917-06-22 00:00:00 UTC,22 Jun 1917,Ecoust,"[2.91236, 50.18014]","",place,Ecoust,"{""place""=>[""Ecoust""], ""location""=>[""true""], ""name""=>[""Écoust-Saint-Mein""], ""lat""=>[""50.18014""], ""long""=>[""2.91236""], ""id""=>[""3020436""]}",3020436,Écoust-Saint-Mein,"[2.91236, 50.18014]"
87,AWD0001mzr,diary,580,2,1917-06-22 01:00:00 UTC,22 Jun 1917,Ecoust,"[2.91236, 50.18014]",0100AM,time,0100AM,{},3020436,Écoust-Saint-Mein,"[2.91236, 50.18014]"
89,AWD0001mzr,diary,580,5,1917-06-22 01:00:00 UTC,22 Jun 1917,Ecoust,"[2.91236, 50.18014]",0100AM,unit,2nd Gordons,"{""name""=>[""2nd Gordons""], ""context""=>[""relieved_by""]}",3020436,Écoust-Saint-Mein,"[2.91236, 50.18014]"
90,AWD0001mzr,diary,580,3,1917-06-22 01:00:00 UTC,22 Jun 1917,Ecoust,"[2.91236, 50.18014]",0100AM,place,Ecoust,"{""place""=>[""Ecoust""], ""location""=>[""true""], ""name""=>[""Écoust-Saint-Mein""], ""lat""=>[""50.18014""], ""long""=>[""2.91236""], ""id""=>[""3020436""]}",3020436,Écoust-Saint-Mein,"[2.91236, 50.18014]"
91,AWD0001mzr,diary,580,4,1917-06-22 01:00:00 UTC,22 Jun 1917,Ecoust,"[2.91236, 50.18014]",0100AM,activity,support,{},3020436,Écoust-Saint-Mein,"[2.91236, 50.18014]"
93,AWD0001mzr,diary,580,2,1917-06-22 01:00:00 UTC,22 Jun 1917,Ecoust,"[2.91236, 50.18014]",0100AM,activity,movement,{},3020436,Écoust-Saint-Mein,"[2.91236, 50.18014]"
94,AWD0001mzr,diary,580,5,1917-06-23 00:00:00 UTC,23 Jun 1917,Ecoust,"[2.91236, 50.18014]","",diaryDate,23 Jun 1917,"{""day""=>[""23""], ""month""=>[""Jun""], ""year""=>[""1917""]}",3020436,Écoust-Saint-Mein,"[2.91236, 50.18014]"
95,AWD0001mzr,diary,580,5,1917-06-23 00:00:00 UTC,23 Jun 1917,Ecoust,"[2.91236, 50.18014]","",activity,resting,{},3020436,Écoust-Saint-Mein,"[2.91236, 50.18014]"
96,AWD0001mzr,diary,580,2,1917-06-23 09:30:00 UTC,23 Jun 1917,Ecoust,"[2.91236, 50.18014]",0930AM,time,0930AM,{},3020436,Écoust-Saint-Mein,"[2.91236, 50.18014]"
97,AWD0001mzr,diary,580,2,1917-06-23 07:30:00 UTC,23 Jun 1917,Ecoust,"[2.91236, 50.18014]",0730AM,time,0730AM,{},3020436,Écoust-Saint-Mein,"[2.91236, 50.18014]"
98,AWD0001mzr,diary,580,5,1917-06-24 00:00:00 UTC,24 Jun 1917,Ecoust,"[2.91236, 50.18014]","",diaryDate,24 Jun 1917,"{""day""=>[""24""], ""month""=>[""Jun""], ""year""=>[""1917""]}",3020436,Écoust-Saint-Mein,"[2.91236, 50.18014]"
99,AWD0001mzr,diary,580,3,1917-06-24 00:00:00 UTC,24 Jun 1917,Ecoust,"[2.91236, 50.18014]","",place,Ecoust,"{""place""=>[""Ecoust""], ""location""=>[""true""], ""name""=>[""Écoust-Saint-Mein""], ""lat""=>[""50.18014""], ""long""=>[""2.91236""], ""id""=>[""3020436""]}",3020436,Écoust-Saint-Mein,"[2.91236, 50.18014]"
100,AWD0001mzr,diary,580,3,1917-06-24 00:00:00 UTC,24 Jun 1917,Ecoust,"[2.91236, 50.18014]","",activity,fire,{},3020436,Écoust-Saint-Mein,"[2.91236, 50.18014]"
1,AWD0001n0x,diary,581,5,1917-06-25 00:00:00 UTC,25 Jun 1917,Ecoust,"[2.91236, 50.18014]","",diaryDate,25 Jun 1917,"{""day""=>[""25""], ""month""=>[""Jun""], ""year""=>[""1917""]}",3020436,Écoust-Saint-Mein,"[2.91236, 50.18014]"
2,AWD0001n0x,diary,581,3,1917-06-25 00:00:00 UTC,25 Jun 1917,Ecoust,"[2.91236, 50.18014]","",unit,"20th Manchester Regt, 20TH MANCHESTERS, 20th Manchester R","{""name""=>[""20th Manchester Regt"", ""20TH MANCHESTERS"", ""20th Manchester R""], ""context""=>[""relieved_by""]}",3020436,Écoust-Saint-Mein,"[2.91236, 50.18014]"
3,AWD0001n0x,diary,581,2,1917-06-25 00:00:00 UTC,25 Jun 1917,Ecoust,"[2.91236, 50.18014]","",activity,movement,{},3020436,Écoust-Saint-Mein,"[2.91236, 50.18014]"
4,AWD0001n0x,diary,581,5,1917-06-25 00:00:00 UTC,25 Jun 1917,Ecoust,"[2.91236, 50.18014]","",place,Ecoust,"{""place""=>[""Ecoust""], ""location""=>[""true""], ""name""=>[""Écoust-Saint-Mein""], ""lat""=>[""50.18014""], ""long""=>[""2.91236""], ""id""=>[""3020436""]}",3020436,Écoust-Saint-Mein,"[2.91236, 50.18014]"
7,AWD0001n0x,diary,581,2,1917-06-25 00:00:00 UTC,25 Jun 1917,Ecoust,"[2.91236, 50.18014]","",domestic,accomodation,{},3020436,Écoust-Saint-Mein,"[2.91236, 50.18014]"
8,AWD0001n0x,diary,581,5,1917-06-25 00:00:00 UTC,25 Jun 1917,Ecoust,"[2.91236, 50.18014]","",person,Second Lieutenant S W Tucker,"{""first""=>[""S W""], ""surname""=>[""Tucker""], ""rank""=>[""Second Lieutenant""], ""number""=>[""""], ""reason""=>[""joined""], ""unit""=>[""""]}",3020436,Écoust-Saint-Mein,"[2.91236, 50.18014]"
9,AWD0001n0x,diary,581,2,1917-06-25 00:00:00 UTC,25 Jun 1917,Ecoust,"[2.91236, 50.18014]",1200AM,time,1200AM,{},3020436,Écoust-Saint-Mein,"[2.91236, 50.18014]"
12,AWD0001n0x,diary,581,5,1917-06-25 00:00:00 UTC,25 Jun 1917,Ecoust,"[2.91236, 50.18014]",1200AM,person,Second Lieutenant J W Cunningham,"{""first""=>[""J W""], ""surname""=>[""Cunningham""], ""rank""=>[""Second Lieutenant""], ""number""=>[""""], ""reason""=>[""joined""], ""unit""=>[""""]}",3020436,Écoust-Saint-Mein,"[2.91236, 50.18014]"
13,AWD0001n0x,diary,581,6,1917-06-26 00:00:00 UTC,26 Jun 1917,Ecoust,"[2.91236, 50.18014]","",diaryDate,26 Jun 1917,"{""day""=>[""26""], ""month""=>[""Jun""], ""year""=>[""1917""]}",3020436,Écoust-Saint-Mein,"[2.91236, 50.18014]"
14,AWD0001n0x,diary,581,5,1917-06-26 00:00:00 UTC,26 Jun 1917,Mory,"[2.85365, 50.15763]","",place,Mory,"{""place""=>[""Mory""], ""location""=>[""true""], ""name""=>[""Mory""], ""lat""=>[""50.15763""], ""long""=>[""2.85365""], ""id""=>[""2991632""]}",2991632,Mory,"[2.85365, 50.15763]"
15,AWD0001n0x,diary,581,4,1917-06-26 00:00:00 UTC,26 Jun 1917,Mory,"[2.85365, 50.15763]","",activity,resting,{},2991632,Mory,"[2.85365, 50.15763]"
18,AWD0001n0x,diary,581,5,1917-06-27 00:00:00 UTC,27 Jun 1917,Mory,"[2.85365, 50.15763]","",diaryDate,27 Jun 1917,"{""day""=>[""27""], ""month""=>[""Jun""], ""year""=>[""1917""]}",2991632,Mory,"[2.85365, 50.15763]"
19,AWD0001n0x,diary,581,5,1917-06-27 00:00:00 UTC,27 Jun 1917,Mory,"[2.85365, 50.15763]","",activity,movement,{},2991632,Mory,"[2.85365, 50.15763]"
20,AWD0001n0x,diary,581,2,1917-06-27 00:00:00 UTC,27 Jun 1917,Ervillers,"[2.82441, 50.16123]","",place,Ervillers,"{""place""=>[""Ervillers""], ""location""=>[""true""], ""name""=>[""Ervillers""], ""lat""=>[""50.16123""], ""long""=>[""2.82441""], ""id""=>[""3019859""]}",3019859,Ervillers,"[2.82441, 50.16123]"
22,AWD0001n0x,diary,581,5,1917-06-27 00:00:00 UTC,27 Jun 1917,Ervillers,"[2.82441, 50.16123]","",place,Ervillers,"{""place""=>[""Ervillers""], ""location""=>[""true""], ""name""=>[""Ervillers""], ""lat""=>[""50.16123""], ""long""=>[""2.82441""], ""id""=>[""3019859""]}",3019859,Ervillers,"[2.82441, 50.16123]"
24,AWD0001n0x,diary,581,2,1917-06-27 00:00:00 UTC,27 Jun 1917,Ervillers,"[2.82441, 50.16123]","",activity,support,{},3019859,Ervillers,"[2.82441, 50.16123]"
25,AWD0001n0x,diary,581,3,1917-06-27 00:00:00 UTC,27 Jun 1917,Ervillers,"[2.82441, 50.16123]","",domestic,accomodation,{},3019859,Ervillers,"[2.82441, 50.16123]"
29,AWD0001n0x,diary,581,5,1917-06-28 00:00:00 UTC,28 Jun 1917,Ervillers,"[2.82441, 50.16123]","",diaryDate,28 Jun 1917,"{""day""=>[""28""], ""month""=>[""Jun""], ""year""=>[""1917""]}",3019859,Ervillers,"[2.82441, 50.16123]"
30,AWD0001n0x,diary,581,3,1917-06-28 00:00:00 UTC,28 Jun 1917,Ervillers,"[2.82441, 50.16123]","",domestic,hygiene,{},3019859,Ervillers,"[2.82441, 50.16123]"
33,AWD0001n0x,diary,581,6,1917-06-28 00:00:00 UTC,28 Jun 1917,Ervillers,"[2.82441, 50.16123]","",activity,training,{},3019859,Ervillers,"[2.82441, 50.16123]"
34,AWD0001n0x,diary,581,3,1917-06-29 00:00:00 UTC,29 Jun 1917,Ervillers,"[2.82441, 50.16123]","",diaryDate,29 Jun 1917,"{""day""=>[""29""], ""month""=>[""Jun""], ""year""=>[""1917""]}",3019859,Ervillers,"[2.82441, 50.16123]"
35,AWD0001n0x,diary,581,2,1917-06-29 00:00:00 UTC,29 Jun 1917,Ervillers,"[2.82441, 50.16123]","",place,Ervillers,"{""place""=>[""Ervillers""], ""location""=>[""true""], ""name""=>[""Ervillers""], ""lat""=>[""50.16123""], ""long""=>[""2.82441""], ""id""=>[""3019859""]}",3019859,Ervillers,"[2.82441, 50.16123]"
36,AWD0001n0x,diary,581,2,1917-06-29 00:00:00 UTC,29 Jun 1917,Ervillers,"[2.82441, 50.16123]","",activity,resting,{},3019859,Ervillers,"[2.82441, 50.16123]"
38,AWD0001n0x,diary,581,5,1917-06-30 00:00:00 UTC,30 Jun 1917,Ervillers,"[2.82441, 50.16123]","",diaryDate,30 Jun 1917,"{""day""=>[""30""], ""month""=>[""Jun""], ""year""=>[""1917""]}",3019859,Ervillers,"[2.82441, 50.16123]"
39,AWD0001n0x,diary,581,4,1917-06-30 00:00:00 UTC,30 Jun 1917,Ervillers,"[2.82441, 50.16123]","",activity,training,{},3019859,Ervillers,"[2.82441, 50.16123]"
40,AWD0001n0x,diary,581,4,1917-06-30 00:00:00 UTC,30 Jun 1917,Ervillers,"[2.82441, 50.16123]","",casualties,"killed: 7, wounded: 14, sick: 43",{},3019859,Ervillers,"[2.82441, 50.16123]"
42,AWD0001n0x,diary,581,2,1917-06-30 00:00:00 UTC,30 Jun 1917,Ervillers,"[2.82441, 50.16123]","",person,"Lieutenant A C Cameron, CAMERON","{""first""=>[""A C""], ""surname""=>[""Cameron"", ""CAMERON""], ""rank""=>[""Lieutenant""], ""number""=>[""""], ""reason""=>[""author""], ""unit""=>[""Act. Adj. 8 Battalion Devonshire Regiment"", """"]}",3019859,Ervillers,"[2.82441, 50.16123]"
43,AWD0001n0x,diary,581,4,1917-06-30 00:00:00 UTC,30 Jun 1917,Ervillers,"[2.82441, 50.16123]","",strength,"officer: 35, other: 687",{},3019859,Ervillers,"[2.82441, 50.16123]"
1,AWD0001mzy,diary,584,5,1917-07-01 00:00:00 UTC,1 Jul 1917,Ervillers,"[2.82441, 50.16123]","",diaryDate,1 Jul 1917,"{""day""=>[""1""], ""month""=>[""Jul""], ""year""=>[""1917""]}",3019859,Ervillers,"[2.82441, 50.16123]"
2,AWD0001mzy,diary,584,4,1917-07-01 00:00:00 UTC,1 Jul 1917,Ervillers,"[2.82441, 50.16123]","",weather,rain,{},3019859,Ervillers,"[2.82441, 50.16123]"
3,AWD0001mzy,diary,584,4,1917-07-01 00:00:00 UTC,1 Jul 1917,Ervillers,"[2.82441, 50.16123]","",place,Ervillers,"{""place""=>[""Ervillers""], ""location""=>[""true""], ""name""=>[""Ervillers""], ""lat""=>[""50.16123""], ""long""=>[""2.82441""], ""id""=>[""3019859""]}",3019859,Ervillers,"[2.82441, 50.16123]"
4,AWD0001mzy,diary,584,3,1917-07-01 00:00:00 UTC,1 Jul 1917,Ervillers,"[2.82441, 50.16123]","",domestic,religion,{},3019859,Ervillers,"[2.82441, 50.16123]"
6,AWD0001mzy,diary,584,2,1917-07-01 00:00:00 UTC,1 Jul 1917,Ervillers,"[2.82441, 50.16123]","",activity,support,{},3019859,Ervillers,"[2.82441, 50.16123]"
9,AWD0001mzy,diary,584,2,1917-07-01 00:00:00 UTC,1 Jul 1917,Ervillers,"[2.82441, 50.16123]","",activity,movement,{},3019859,Ervillers,"[2.82441, 50.16123]"
10,AWD0001mzy,diary,584,5,1917-07-02 00:00:00 UTC,2 Jul 1917,Ervillers,"[2.82441, 50.16123]","",diaryDate,2 Jul 1917,"{""day""=>[""2""], ""month""=>[""Jul""], ""year""=>[""1917""]}",3019859,Ervillers,"[2.82441, 50.16123]"
11,AWD0001mzy,diary,584,3,1917-07-02 00:00:00 UTC,2 Jul 1917,Ervillers,"[2.82441, 50.16123]","",place,Ervillers,"{""place""=>[""Ervillers""], ""location""=>[""false""], ""name""=>[""Ervillers""], ""lat""=>[""50.16123""], ""long""=>[""2.82441""], ""id""=>[""3019859""]}",3019859,Ervillers,"[2.82441, 50.16123]"
13,AWD0001mzy,diary,584,9,1917-07-02 00:00:00 UTC,2 Jul 1917,Ervillers,"[2.82441, 50.16123]","",activity,training,{},3019859,Ervillers,"[2.82441, 50.16123]"
14,AWD0001mzy,diary,584,4,1917-07-02 00:00:00 UTC,2 Jul 1917,Ervillers,"[2.82441, 50.16123]","",weather,hot,{},3019859,Ervillers,"[2.82441, 50.16123]"
16,AWD0001mzy,diary,584,4,1917-07-03 00:00:00 UTC,3 Jul 1917,Ervillers,"[2.82441, 50.16123]","",diaryDate,3 Jul 1917,"{""day""=>[""3""], ""month""=>[""Jul""], ""year""=>[""1917""]}",3019859,Ervillers,"[2.82441, 50.16123]"
18,AWD0001mzy,diary,584,2,1917-07-03 00:00:00 UTC,3 Jul 1917,Ervillers,"[2.82441, 50.16123]","",place,Ervillers,"{""place""=>[""Ervillers""], ""location""=>[""true"", ""false""], ""name""=>[""Ervillers""], ""lat""=>[""50.16123""], ""long""=>[""2.82441""], ""id""=>[""3019859""]}",3019859,Ervillers,"[2.82441, 50.16123]"
20,AWD0001mzy,diary,584,4,1917-07-03 00:00:00 UTC,3 Jul 1917,Ervillers,"[2.82441, 50.16123]","",activity,training,{},3019859,Ervillers,"[2.82441, 50.16123]"
21,AWD0001mzy,diary,584,4,1917-07-03 00:00:00 UTC,3 Jul 1917,Ervillers,"[2.82441, 50.16123]","",domestic,hygiene,{},3019859,Ervillers,"[2.82441, 50.16123]"
22,AWD0001mzy,diary,584,5,1917-07-04 00:00:00 UTC,4 Jul 1917,Ervillers,"[2.82441, 50.16123]","",diaryDate,4 Jul 1917,"{""day""=>[""4""], ""month""=>[""Jul""], ""year""=>[""1917""]}",3019859,Ervillers,"[2.82441, 50.16123]"
24,AWD0001mzy,diary,584,2,1917-07-04 00:00:00 UTC,4 Jul 1917,Ervillers,"[2.82441, 50.16123]","",activity,other,{},3019859,Ervillers,"[2.82441, 50.16123]"
25,AWD0001mzy,diary,584,3,1917-07-04 00:00:00 UTC,4 Jul 1917,Ervillers,"[2.82441, 50.16123]","",place,Ervillers,"{""place""=>[""Ervillers""], ""location""=>[""true""], ""name""=>[""Ervillers""], ""lat""=>[""50.16123""], ""long""=>[""2.82441""], ""id""=>[""3019859""]}",3019859,Ervillers,"[2.82441, 50.16123]"
27,AWD0001mzy,diary,584,5,1917-07-04 00:00:00 UTC,4 Jul 1917,Ervillers,"[2.82441, 50.16123]","",person,Second Lieutenant  Pennington,"{""first""=>[""""], ""surname""=>[""Pennington""], ""rank""=>[""Second Lieutenant""], ""number""=>[""""], ""reason""=>[""joined""], ""unit""=>[""""]}",3019859,Ervillers,"[2.82441, 50.16123]"
28,AWD0001mzy,diary,584,4,1917-07-05 00:00:00 UTC,5 Jul 1917,Ervillers,"[2.82441, 50.16123]","",diaryDate,5 Jul 1917,"{""day""=>[""5""], ""month""=>[""Jul""], ""year""=>[""1917""]}",3019859,Ervillers,"[2.82441, 50.16123]"
29,AWD0001mzy,diary,584,3,1917-07-05 00:00:00 UTC,5 Jul 1917,Ervillers,"[2.82441, 50.16123]","",activity,training,{},3019859,Ervillers,"[2.82441, 50.16123]"
30,AWD0001mzy,diary,584,2,1917-07-05 00:00:00 UTC,5 Jul 1917,Ervillers,"[2.82441, 50.16123]","",activity,support,{},3019859,Ervillers,"[2.82441, 50.16123]"
32,AWD0001mzy,diary,584,5,1917-07-06 00:00:00 UTC,6 Jul 1917,Ervillers,"[2.82441, 50.16123]","",diaryDate,6 Jul 1917,"{""day""=>[""6""], ""month""=>[""Jul""], ""year""=>[""1917""]}",3019859,Ervillers,"[2.82441, 50.16123]"
33,AWD0001mzy,diary,584,3,1917-07-06 00:00:00 UTC,6 Jul 1917,Ervillers,"[2.82441, 50.16123]","",unit,"1 R. W. F., 1 R.W.F., 1st R W F","{""name""=>[""1 R. W. F."", ""1 R.W.F."", ""1st R W F""], ""context""=>[""relieved""]}",3019859,Ervillers,"[2.82441, 50.16123]"
34,AWD0001mzy,diary,584,3,1917-07-06 00:00:00 UTC,6 Jul 1917,Ecoust,"[0.0, 0.0]","",place,Ecoust,"{""place""=>[""Ecoust""], ""location""=>[""true""], ""name""=>[""Écoust-Saint-Mein""], ""lat""=>[""50.18013"", """", ""50.18014""], ""long""=>[""2.91236""], ""id""=>[""3020436""]}",3020436,Écoust-Saint-Mein,"[2.91236, 50.18014]"
35,AWD0001mzy,diary,584,2,1917-07-06 00:00:00 UTC,6 Jul 1917,Ecoust,"[0.0, 0.0]","",place,"L'Homme Mort, L' Homme Le Mort","{""place""=>[""L'Homme Mort"", ""L' Homme Le Mort""], ""location""=>[""false"", ""true""], ""name""=>[""Écoust-Saint-Mein"", """"], ""lat""=>[""50.18014"", """"], ""long""=>[""2.91236"", """"], ""id""=>[""3020436"", """"]}",3020436,Écoust-Saint-Mein,"[2.91236, 50.18014]"
36,AWD0001mzy,diary,584,2,1917-07-06 00:00:00 UTC,6 Jul 1917,Ecoust,"[2.91236, 50.18014]","",place,Ecoust,"{""place""=>[""Ecoust""], ""location""=>[""true""], ""name""=>[""Écoust-Saint-Mein""], ""lat""=>[""50.18014""], ""long""=>[""2.91236""], ""id""=>[""3020436""]}",3020436,Écoust-Saint-Mein,"[2.91236, 50.18014]"
37,AWD0001mzy,diary,584,3,1917-07-06 00:00:00 UTC,6 Jul 1917,Ecoust,"[2.91236, 50.18014]","",activity,movement,{},3020436,Écoust-Saint-Mein,"[2.91236, 50.18014]"
39,AWD0001mzy,diary,584,3,1917-07-06 00:00:00 UTC,6 Jul 1917,Ecoust,"[2.91236, 50.18014]","",unit,"91st Bde, 91st Bdn, 91ST BDE","{""name""=>[""91st Bde"", ""91st Bdn"", ""91ST BDE""], ""context""=>[""left""]}",3020436,Écoust-Saint-Mein,"[2.91236, 50.18014]"
44,AWD0001mzy,diary,584,4,1917-07-06 00:00:00 UTC,6 Jul 1917,Ecoust,"[2.91236, 50.18014]","",unit,9th Devons,"{""name""=>[""9th Devons""], ""context""=>[""right""]}",3020436,Écoust-Saint-Mein,"[2.91236, 50.18014]"
46,AWD0001mzy,diary,584,2,1917-07-06 00:00:00 UTC,6 Jul 1917,Ecoust,"[2.91236, 50.18014]","",activity,fire,{},3020436,Écoust-Saint-Mein,"[2.91236, 50.18014]"
47,AWD0001mzy,diary,584,3,1917-07-06 00:00:00 UTC,6 Jul 1917,Ecoust,"[2.91236, 50.18014]","",weather,fine,{},3020436,Écoust-Saint-Mein,"[2.91236, 50.18014]"
49,AWD0001mzy,diary,584,5,1917-07-07 00:00:00 UTC,7 Jul 1917,Ecoust,"[2.91236, 50.18014]","",diaryDate,7 Jul 1917,"{""day""=>[""7""], ""month""=>[""Jul""], ""year""=>[""1917""]}",3020436,Écoust-Saint-Mein,"[2.91236, 50.18014]"
50,AWD0001mzy,diary,584,5,1917-07-07 00:00:00 UTC,7 Jul 1917,Ecoust,"[2.91236, 50.18014]","",activity,working,{},3020436,Écoust-Saint-Mein,"[2.91236, 50.18014]"
51,AWD0001mzy,diary,584,6,1917-07-07 00:00:00 UTC,7 Jul 1917,Ecoust,"[2.91236, 50.18014]","",activity,training,{},3020436,Écoust-Saint-Mein,"[2.91236, 50.18014]"
52,AWD0001mzy,diary,584,4,1917-07-07 00:00:00 UTC,7 Jul 1917,Ecoust,"[2.91236, 50.18014]","",place,Ecoust,"{""place""=>[""Ecoust""], ""location""=>[""false""], ""name""=>[""""], ""lat""=>[""""], ""long""=>[""""], ""id""=>[""""]}",3020436,Écoust-Saint-Mein,"[2.91236, 50.18014]"
53,AWD0001mzy,diary,584,5,1917-07-08 00:00:00 UTC,8 Jul 1917,Ecoust,"[2.91236, 50.18014]","",diaryDate,8 Jul 1917,"{""day""=>[""8""], ""month""=>[""Jul""], ""year""=>[""1917""]}",3020436,Écoust-Saint-Mein,"[2.91236, 50.18014]"
56,AWD0001mzy,diary,584,2,1917-07-08 00:00:00 UTC,8 Jul 1917,Ecoust,"[2.91236, 50.18014]","",place,Ecoust,"{""place""=>[""Ecoust""], ""location""=>[""true"", ""false""], ""name""=>[""Écoust-Saint-Mein"", """"], ""lat""=>[""50.18014"", """"], ""long""=>[""2.91236"", """"], ""id""=>[""3020436"", """"]}",3020436,Écoust-Saint-Mein,"[2.91236, 50.18014]"
58,AWD0001mzy,diary,584,6,1917-07-08 00:00:00 UTC,8 Jul 1917,Ecoust,"[2.91236, 50.18014]","",weather,rain,{},3020436,Écoust-Saint-Mein,"[2.91236, 50.18014]"
61,AWD0001mzy,diary,584,5,1917-07-08 00:00:00 UTC,8 Jul 1917,Ecoust,"[2.91236, 50.18014]","",unit,"2nd Gordon H, 2nd Gordons","{""name""=>[""2nd Gordon H"", ""2nd Gordons""], ""context""=>[""relieved""]}",3020436,Écoust-Saint-Mein,"[2.91236, 50.18014]"
63,AWD0001mzy,diary,584,2,1917-07-08 00:00:00 UTC,8 Jul 1917,Ecoust,"[2.91236, 50.18014]","",place,Ecoust,"{""place""=>[""Ecoust""], ""location""=>[""false"", ""true""], ""name""=>["""", ""Écoust-Saint-Mein""], ""lat""=>["""", ""50.18014""], ""long""=>["""", ""2.91236""], ""id""=>["""", ""3020436""]}",3020436,Écoust-Saint-Mein,"[2.91236, 50.18014]"
64,AWD0001mzy,diary,584,4,1917-07-09 00:00:00 UTC,9 Jul 1917,Ecoust,"[2.91236, 50.18014]","",diaryDate,9 Jul 1917,"{""day""=>[""9""], ""month""=>[""Jul""], ""year""=>[""1917""]}",3020436,Écoust-Saint-Mein,"[2.91236, 50.18014]"
65,AWD0001mzy,diary,584,2,1917-07-09 00:00:00 UTC,9 Jul 1917,Ecoust,"[2.91236, 50.18014]","",unit,"91st Bdn, 91st Bde","{""name""=>[""91st Bdn"", ""91st Bde""], ""context""=>[""left""]}",3020436,Écoust-Saint-Mein,"[2.91236, 50.18014]"
67,AWD0001mzy,diary,584,2,1917-07-09 00:00:00 UTC,9 Jul 1917,Ecoust,"[2.91236, 50.18014]","",unit,"2nd Border Regt, 2nd Border R","{""name""=>[""2nd Border Regt"", ""2nd Border R""], ""context""=>[""right""]}",3020436,Écoust-Saint-Mein,"[2.91236, 50.18014]"
68,AWD0001mzy,diary,584,2,1917-07-09 01:15:00 UTC,9 Jul 1917,Ecoust,"[2.91236, 50.18014]",0115AM,time,0115AM,{},3020436,Écoust-Saint-Mein,"[2.91236, 50.18014]"
73,AWD0001mzy,diary,584,3,1917-07-09 01:15:00 UTC,9 Jul 1917,Ecoust,"[2.91236, 50.18014]",0115AM,weather,fine,{},3020436,Écoust-Saint-Mein,"[2.91236, 50.18014]"
74,AWD0001mzy,diary,584,3,1917-07-09 01:15:00 UTC,9 Jul 1917,Ecoust,"[2.91236, 50.18014]",0115AM,activity,enemy_activity,{},3020436,Écoust-Saint-Mein,"[2.91236, 50.18014]"
75,AWD0001mzy,diary,584,3,1917-07-09 01:15:00 UTC,9 Jul 1917,Ecoust,"[2.91236, 50.18014]",0115AM,activity,fire,{},3020436,Écoust-Saint-Mein,"[2.91236, 50.18014]"
77,AWD0001mzy,diary,584,3,1917-07-09 01:15:00 UTC,9 Jul 1917,Ecoust,"[2.91236, 50.18014]",0115AM,activity,repair,{},3020436,Écoust-Saint-Mein,"[2.91236, 50.18014]"
78,AWD0001mzy,diary,584,5,1917-07-10 00:00:00 UTC,10 Jul 1917,Ecoust,"[2.91236, 50.18014]","",diaryDate,10 Jul 1917,"{""day""=>[""10""], ""month""=>[""Jul""], ""year""=>[""1917""]}",3020436,Écoust-Saint-Mein,"[2.91236, 50.18014]"
80,AWD0001mzy,diary,584,5,1917-07-10 00:00:00 UTC,10 Jul 1917,Ecoust,"[2.91236, 50.18014]","",casualties,wounded: 1,{},3020436,Écoust-Saint-Mein,"[2.91236, 50.18014]"
81,AWD0001mzy,diary,584,2,1917-07-10 00:00:00 UTC,10 Jul 1917,Ecoust,"[2.91236, 50.18014]","",activity,enemy_activity,{},3020436,Écoust-Saint-Mein,"[2.91236, 50.18014]"
82,AWD0001mzy,diary,584,2,1917-07-10 00:00:00 UTC,10 Jul 1917,Ecoust,"[2.91236, 50.18014]","",activity,line,{},3020436,Écoust-Saint-Mein,"[2.91236, 50.18014]"
85,AWD0001mzy,diary,584,3,1917-07-10 00:00:00 UTC,10 Jul 1917,Ecoust,"[2.91236, 50.18014]","",weather,fine,{},3020436,Écoust-Saint-Mein,"[2.91236, 50.18014]"
86,AWD0001mzy,diary,584,5,1917-07-10 00:00:00 UTC,10 Jul 1917,Ecoust,"[2.91236, 50.18014]","",activity,fire,{},3020436,Écoust-Saint-Mein,"[2.91236, 50.18014]"
87,AWD0001mzy,diary,584,4,1917-07-11 00:00:00 UTC,11 Jul 1917,Ecoust,"[2.91236, 50.18014]","",diaryDate,11 Jul 1917,"{""day""=>[""11""], ""month""=>[""Jul""], ""year""=>[""1917""]}",3020436,Écoust-Saint-Mein,"[2.91236, 50.18014]"
88,AWD0001mzy,diary,584,2,1917-07-11 00:00:00 UTC,11 Jul 1917,Ecoust,"[2.91236, 50.18014]","",place,Bullecourt,"{""place""=>[""Bullecourt""], ""location""=>[""false"", ""true""], ""name""=>[""Bullecourt""], ""lat""=>[""50.19125""], ""long""=>[""2.92814""], ""id""=>[""3029576""]}",3020436,Écoust-Saint-Mein,"[2.91236, 50.18014]"
93,AWD0001mzy,diary,584,3,1917-07-11 00:00:00 UTC,11 Jul 1917,Ecoust,"[2.91236, 50.18014]","",activity,repair,{},3020436,Écoust-Saint-Mein,"[2.91236, 50.18014]"
3,AWD0001n09,diary,585,4,1917-07-12 00:00:00 UTC,12 Jul 1917,Ecoust,"[2.91236, 50.18014]","",diaryDate,12 Jul 1917,"{""day""=>[""12""], ""month""=>[""Jul""], ""year""=>[""1917""]}",3020436,Écoust-Saint-Mein,"[2.91236, 50.18014]"
5,AWD0001n09,diary,585,5,1917-07-12 00:00:00 UTC,12 Jul 1917,Ecoust,"[2.91236, 50.18014]","",weather,fine,{},3020436,Écoust-Saint-Mein,"[2.91236, 50.18014]"
8,AWD0001n09,diary,585,2,1917-07-12 00:00:00 UTC,12 Jul 1917,Ecoust,"[2.91236, 50.18014]","",place,"bullecourt, Bullecourt","{""place""=>[""bullecourt"", ""Bullecourt""], ""location""=>[""true"", ""false""], ""name""=>[""Bullecourt""], ""lat""=>[""50.19125""], ""long""=>[""2.92814""], ""id""=>[""3029576""]}",3020436,Écoust-Saint-Mein,"[2.91236, 50.18014]"
9,AWD0001n09,diary,585,4,1917-07-12 00:00:00 UTC,12 Jul 1917,Ecoust,"[2.91236, 50.18014]","",activity,fire,{},3020436,Écoust-Saint-Mein,"[2.91236, 50.18014]"
10,AWD0001n09,diary,585,5,1917-07-12 00:00:00 UTC,12 Jul 1917,Ecoust,"[2.91236, 50.18014]","",casualties,wounded: 4,{},3020436,Écoust-Saint-Mein,"[2.91236, 50.18014]"
15,AWD0001n09,diary,585,4,1917-07-12 00:00:00 UTC,12 Jul 1917,Ecoust,"[2.91236, 50.18014]","",unit,"2nd Gordon H., 2nd Gordons, 2ND GORDON, 2nd Gordon H","{""name""=>[""2nd Gordon H."", ""2nd Gordons"", ""2ND GORDON"", ""2nd Gordon H""], ""context""=>[""relieved_by""]}",3020436,Écoust-Saint-Mein,"[2.91236, 50.18014]"
17,AWD0001n09,diary,585,3,1917-07-12 00:00:00 UTC,12 Jul 1917,Ecoust,"[2.91236, 50.18014]","",activity,support,{},3020436,Écoust-Saint-Mein,"[2.91236, 50.18014]"
18,AWD0001n09,diary,585,3,1917-07-12 00:00:00 UTC,12 Jul 1917,Ecoust,"[2.91236, 50.18014]","",place,Ecoust,"{""place""=>[""Ecoust""], ""location""=>[""true""], ""name""=>[""Écoust-Saint-Mein""], ""lat""=>[""50.18014""], ""long""=>[""2.91236""], ""id""=>[""3020436""]}",3020436,Écoust-Saint-Mein,"[2.91236, 50.18014]"
19,AWD0001n09,diary,585,5,1917-07-13 00:00:00 UTC,13 Jul 1917,Ecoust,"[2.91236, 50.18014]","",diaryDate,13 Jul 1917,"{""day""=>[""13""], ""month""=>[""Jul""], ""year""=>[""1917""]}",3020436,Écoust-Saint-Mein,"[2.91236, 50.18014]"
21,AWD0001n09,diary,585,3,1917-07-13 00:00:00 UTC,13 Jul 1917,Ecoust,"[2.91236, 50.18014]","",activity,working,{},3020436,Écoust-Saint-Mein,"[2.91236, 50.18014]"
23,AWD0001n09,diary,585,3,1917-07-13 00:00:00 UTC,13 Jul 1917,Ecoust,"[2.91236, 50.18014]","",activity,fire,{},3020436,Écoust-Saint-Mein,"[2.91236, 50.18014]"
24,AWD0001n09,diary,585,2,1917-07-13 00:00:00 UTC,13 Jul 1917,Ecoust,"[2.91236, 50.18014]","",place,Bullecourt,"{""place""=>[""Bullecourt""], ""location""=>[""false"", ""true""], ""name""=>[""Bullecourt""], ""lat""=>[""50.19125""], ""long""=>[""2.92814""], ""id""=>[""3029576""]}",3020436,Écoust-Saint-Mein,"[2.91236, 50.18014]"
25,AWD0001n09,diary,585,4,1917-07-13 00:00:00 UTC,13 Jul 1917,Ecoust,"[2.91236, 50.18014]","",weather,fine,{},3020436,Écoust-Saint-Mein,"[2.91236, 50.18014]"
28,AWD0001n09,diary,585,3,1917-07-13 00:00:00 UTC,13 Jul 1917,Ecoust,"[2.91236, 50.18014]","",person,  ,"{""first""=>[""""], ""surname""=>[""""], ""rank""=>[""""], ""number""=>[""""], ""reason""=>[""commander""], ""unit""=>[""""]}",3020436,Écoust-Saint-Mein,"[2.91236, 50.18014]"
29,AWD0001n09,diary,585,4,1917-07-13 00:00:00 UTC,13 Jul 1917,Ecoust,"[2.91236, 50.18014]","",person,Second Lieutenant V Tarbet,"{""first""=>[""V""], ""surname""=>[""Tarbet""], ""rank""=>[""Second Lieutenant""], ""number""=>[""""], ""reason""=>[""joined""], ""unit""=>[""""]}",3020436,Écoust-Saint-Mein,"[2.91236, 50.18014]"
35,AWD0001n09,diary,585,2,1917-07-13 00:00:00 UTC,13 Jul 1917,Ecoust,"[2.91236, 50.18014]","",place,Bullecourt,"{""place""=>[""Bullecourt""], ""location""=>[""false"", ""true""], ""name""=>[""Bullecourt""], ""lat""=>[""50.19125""], ""long""=>[""2.92814""], ""id""=>[""3029576""]}",3020436,Écoust-Saint-Mein,"[2.91236, 50.18014]"
37,AWD0001n09,diary,585,3,1917-07-13 00:00:00 UTC,13 Jul 1917,Ecoust,"[2.91236, 50.18014]","",activity,working,{},3020436,Écoust-Saint-Mein,"[2.91236, 50.18014]"
38,AWD0001n09,diary,585,5,1917-07-14 00:00:00 UTC,14 Jul 1917,Ecoust,"[2.91236, 50.18014]","",diaryDate,14 Jul 1917,"{""day""=>[""14""], ""month""=>[""Jul""], ""year""=>[""1917""]}",3020436,Écoust-Saint-Mein,"[2.91236, 50.18014]"
39,AWD0001n09,diary,585,5,1917-07-14 00:00:00 UTC,14 Jul 1917,Ecoust,"[2.91236, 50.18014]","",weather,overcast,{},3020436,Écoust-Saint-Mein,"[2.91236, 50.18014]"
42,AWD0001n09,diary,585,3,1917-07-14 00:00:00 UTC,14 Jul 1917,Ecoust,"[2.91236, 50.18014]","",weather,fine,{},3020436,Écoust-Saint-Mein,"[2.91236, 50.18014]"
43,AWD0001n09,diary,585,2,1917-07-14 00:00:00 UTC,14 Jul 1917,Ecoust,"[2.91236, 50.18014]","",unit,"2nd Gordon H., 2ND GORDON","{""name""=>[""2nd Gordon H."", ""2ND GORDON""], ""context""=>[""relieved""]}",3020436,Écoust-Saint-Mein,"[2.91236, 50.18014]"
44,AWD0001n09,diary,585,5,1917-07-15 00:00:00 UTC,15 Jul 1917,Ecoust,"[2.91236, 50.18014]","",diaryDate,15 Jul 1917,"{""day""=>[""15""], ""month""=>[""Jul""], ""year""=>[""1917""]}",3020436,Écoust-Saint-Mein,"[2.91236, 50.18014]"
47,AWD0001n09,diary,585,4,1917-07-15 00:00:00 UTC,15 Jul 1917,Ecoust,"[2.91236, 50.18014]","",place,Ecoust,"{""place""=>[""Ecoust""], ""location""=>[""true""], ""name""=>[""Écoust-Saint-Mein""], ""lat""=>[""50.18014""], ""long""=>[""2.91236""], ""id""=>[""3020436""]}",3020436,Écoust-Saint-Mein,"[2.91236, 50.18014]"
57,AWD0001n09,diary,585,2,1917-07-15 00:00:00 UTC,15 Jul 1917,Ecoust,"[2.91236, 50.18014]","",activity,quiet,{},3020436,Écoust-Saint-Mein,"[2.91236, 50.18014]"
58,AWD0001n09,diary,585,3,1917-07-15 00:00:00 UTC,15 Jul 1917,Ecoust,"[2.91236, 50.18014]","",place,Ecoust,"{""place""=>[""Ecoust""], ""location""=>[""false""], ""name""=>[""""], ""lat""=>[""""], ""long""=>[""""], ""id""=>[""""]}",3020436,Écoust-Saint-Mein,"[2.91236, 50.18014]"
59,AWD0001n09,diary,585,5,1917-07-16 00:00:00 UTC,16 Jul 1917,Ecoust,"[2.91236, 50.18014]","",diaryDate,16 Jul 1917,"{""day""=>[""16""], ""month""=>[""Jul""], ""year""=>[""1917""]}",3020436,Écoust-Saint-Mein,"[2.91236, 50.18014]"
62,AWD0001n09,diary,585,3,1917-07-16 00:00:00 UTC,16 Jul 1917,Ecoust,"[2.91236, 50.18014]","",activity,repair,{},3020436,Écoust-Saint-Mein,"[2.91236, 50.18014]"
63,AWD0001n09,diary,585,7,1917-07-16 00:00:00 UTC,16 Jul 1917,Ecoust,"[2.91236, 50.18014]","",weather,overcast,{},3020436,Écoust-Saint-Mein,"[2.91236, 50.18014]"
64,AWD0001n09,diary,585,5,1917-07-17 00:00:00 UTC,17 Jul 1917,Ecoust,"[2.91236, 50.18014]","",diaryDate,17 Jul 1917,"{""day""=>[""17""], ""month""=>[""Jul""], ""year""=>[""1917""]}",3020436,Écoust-Saint-Mein,"[2.91236, 50.18014]"
65,AWD0001n09,diary,585,3,1917-07-17 00:00:00 UTC,17 Jul 1917,Ecoust,"[2.91236, 50.18014]","",weather,fine,{},3020436,Écoust-Saint-Mein,"[2.91236, 50.18014]"
66,AWD0001n09,diary,585,2,1917-07-17 00:00:00 UTC,17 Jul 1917,Ecoust,"[2.91236, 50.18014]","",activity,fire,{},3020436,Écoust-Saint-Mein,"[2.91236, 50.18014]"
67,AWD0001n09,diary,585,2,1917-07-17 00:00:00 UTC,17 Jul 1917,Ecoust,"[2.91236, 50.18014]","",place,Ecoust,"{""place""=>[""Ecoust""], ""location""=>[""false"", ""true""], ""name""=>["""", ""Écoust-Saint-Mein""], ""lat""=>["""", ""50.18014""], ""long""=>["""", ""2.91236""], ""id""=>["""", ""3020436""]}",3020436,Écoust-Saint-Mein,"[2.91236, 50.18014]"
68,AWD0001n09,diary,585,4,1917-07-17 00:00:00 UTC,17 Jul 1917,Ecoust,"[2.91236, 50.18014]","",casualties,"killed: 1, wounded: 1",{},3020436,Écoust-Saint-Mein,"[2.91236, 50.18014]"
70,AWD0001n09,diary,585,5,1917-07-18 00:00:00 UTC,18 Jul 1917,Ecoust,"[2.91236, 50.18014]","",diaryDate,18 Jul 1917,"{""day""=>[""18""], ""month""=>[""Jul""], ""year""=>[""1917""]}",3020436,Écoust-Saint-Mein,"[2.91236, 50.18014]"
72,AWD0001n09,diary,585,4,1917-07-18 00:00:00 UTC,18 Jul 1917,Ecoust,"[2.91236, 50.18014]","",weather,rain,{},3020436,Écoust-Saint-Mein,"[2.91236, 50.18014]"
74,AWD0001n09,diary,585,2,1917-07-18 00:00:00 UTC,18 Jul 1917,Ecoust,"[2.91236, 50.18014]","",weather,fine,{},3020436,Écoust-Saint-Mein,"[2.91236, 50.18014]"
76,AWD0001n09,diary,585,2,1917-07-18 00:00:00 UTC,18 Jul 1917,Ecoust,"[2.91236, 50.18014]","",activity,movement,{},3020436,Écoust-Saint-Mein,"[2.91236, 50.18014]"
77,AWD0001n09,diary,585,3,1917-07-18 00:00:00 UTC,18 Jul 1917,Ecoust,"[2.91236, 50.18014]","",unit,"22nd Inf. Battn,","{""name""=>[""22nd Inf. Battn,""], ""context""=>[""relieved_by""]}",3020436,Écoust-Saint-Mein,"[2.91236, 50.18014]"
78,AWD0001n09,diary,585,3,1917-07-18 00:00:00 UTC,18 Jul 1917,Ecoust,"[2.91236, 50.18014]","",unit,"1st R.W.F., 1st R W F, 1st R. W. F.","{""name""=>[""1st R.W.F."", ""1st R W F"", ""1st R. W. F.""], ""context""=>[""relieved_by""]}",3020436,Écoust-Saint-Mein,"[2.91236, 50.18014]"
82,AWD0001n09,diary,585,2,1917-07-18 02:00:00 UTC,18 Jul 1917,Ecoust,"[2.91236, 50.18014]",0200AM,time,0200AM,{},3020436,Écoust-Saint-Mein,"[2.91236, 50.18014]"
83,AWD0001n09,diary,585,3,1917-07-18 02:00:00 UTC,18 Jul 1917,Ervillers,"[2.82441, 50.16123]",0200AM,place,Ervillers,"{""place""=>[""Ervillers""], ""location""=>[""true""], ""name""=>[""Ervillers""], ""lat""=>[""50.16123""], ""long""=>[""2.82441""], ""id""=>[""3019859""]}",3019859,Ervillers,"[2.82441, 50.16123]"
84,AWD0001n09,diary,585,2,1917-07-18 02:00:00 UTC,18 Jul 1917,Ervillers,"[2.82441, 50.16123]",0200AM,domestic,accomodation,{},3019859,Ervillers,"[2.82441, 50.16123]"
85,AWD0001n09,diary,585,2,1917-07-18 02:00:00 UTC,18 Jul 1917,Ervillers,"[2.82441, 50.16123]",0200AM,casualties,"killed: 1, wounded: 1",{},3019859,Ervillers,"[2.82441, 50.16123]"
90,AWD0001n09,diary,585,4,1917-07-18 02:00:00 UTC,18 Jul 1917,Ervillers,"[2.82441, 50.16123]",0200AM,person,Second Lieutenant A W Wall,"{""first""=>[""A W""], ""surname""=>[""Wall""], ""rank""=>[""Second Lieutenant""], ""number""=>[""""], ""reason""=>[""casualty_wounded""], ""unit""=>[""""]}",3019859,Ervillers,"[2.82441, 50.16123]"
92,AWD0001n09,diary,585,2,1917-07-18 02:00:00 UTC,18 Jul 1917,Ervillers,"[2.82441, 50.16123]",0200AM,casualties,"killed: 1, wounded: 11",{},3019859,Ervillers,"[2.82441, 50.16123]"
93,AWD0001n09,diary,585,5,1917-07-19 00:00:00 UTC,19 Jul 1917,Ervillers,"[2.82441, 50.16123]","",diaryDate,19 Jul 1917,"{""day""=>[""19""], ""month""=>[""Jul""], ""year""=>[""1917""]}",3019859,Ervillers,"[2.82441, 50.16123]"
94,AWD0001n09,diary,585,2,1917-07-19 00:00:00 UTC,19 Jul 1917,Ervillers,"[2.82441, 50.16123]","",activity,working,{},3019859,Ervillers,"[2.82441, 50.16123]"
96,AWD0001n09,diary,585,4,1917-07-19 00:00:00 UTC,19 Jul 1917,Ervillers,"[2.82441, 50.16123]","",activity,resting,{},3019859,Ervillers,"[2.82441, 50.16123]"
97,AWD0001n09,diary,585,2,1917-07-19 00:00:00 UTC,19 Jul 1917,Ervillers,"[2.82441, 50.16123]","",activity,other,{},3019859,Ervillers,"[2.82441, 50.16123]"
98,AWD0001n09,diary,585,4,1917-07-20 00:00:00 UTC,20 Jul 1917,Ervillers,"[2.82441, 50.16123]","",diaryDate,20 Jul 1917,"{""day""=>[""20""], ""month""=>[""Jul""], ""year""=>[""1917""]}",3019859,Ervillers,"[2.82441, 50.16123]"
99,AWD0001n09,diary,585,2,1917-07-20 00:00:00 UTC,20 Jul 1917,Ervillers,"[2.82441, 50.16123]","",place,Ervillers,"{""place""=>[""Ervillers""], ""location""=>[""true""], ""name""=>[""Ervillers"", """"], ""lat""=>[""50.16123"", """"], ""long""=>[""2.82441"", """"], ""id""=>[""3019859"", """"]}",3019859,Ervillers,"[2.82441, 50.16123]"
1,AWD0001mx1,diary,586,5,1917-07-21 00:00:00 UTC,21 Jul 1917,Ervillers,"[2.82441, 50.16123]","",diaryDate,21 Jul 1917,"{""day""=>[""21""], ""month""=>[""Jul""], ""year""=>[""1917""]}",3019859,Ervillers,"[2.82441, 50.16123]"
2,AWD0001mx1,diary,586,3,1917-07-21 00:00:00 UTC,21 Jul 1917,Ervillers,"[2.82441, 50.16123]","",activity,training,{},3019859,Ervillers,"[2.82441, 50.16123]"
3,AWD0001mx1,diary,586,5,1917-07-21 00:00:00 UTC,21 Jul 1917,Ervillers,"[2.82441, 50.16123]","",domestic,hygiene,{},3019859,Ervillers,"[2.82441, 50.16123]"
5,AWD0001mx1,diary,586,3,1917-07-21 00:00:00 UTC,21 Jul 1917,Ervillers,"[2.82441, 50.16123]","",place,Ervillers,"{""place""=>[""Ervillers""], ""location""=>[""true""], ""name""=>[""Ervillers""], ""lat""=>[""50.16123""], ""long""=>[""2.82441""], ""id""=>[""3019859""]}",3019859,Ervillers,"[2.82441, 50.16123]"
6,AWD0001mx1,diary,586,5,1917-07-22 00:00:00 UTC,22 Jul 1917,Ervillers,"[2.82441, 50.16123]","",diaryDate,22 Jul 1917,"{""day""=>[""22""], ""month""=>[""Jul""], ""year""=>[""1917""]}",3019859,Ervillers,"[2.82441, 50.16123]"
8,AWD0001mx1,diary,586,5,1917-07-22 00:00:00 UTC,22 Jul 1917,Ervillers,"[2.82441, 50.16123]","",activity,working,{},3019859,Ervillers,"[2.82441, 50.16123]"
10,AWD0001mx1,diary,586,4,1917-07-22 00:00:00 UTC,22 Jul 1917,Ervillers,"[2.82441, 50.16123]","",place,Ervillers,"{""place""=>[""Ervillers""], ""location""=>[""true""], ""name""=>[""Ervillers""], ""lat""=>[""50.16123""], ""long""=>[""2.82441""], ""id""=>[""3019859""]}",3019859,Ervillers,"[2.82441, 50.16123]"
12,AWD0001mx1,diary,586,4,1917-07-23 00:00:00 UTC,23 Jul 1917,Ervillers,"[2.82441, 50.16123]","",diaryDate,23 Jul 1917,"{""day""=>[""23""], ""month""=>[""Jul""], ""year""=>[""1917""]}",3019859,Ervillers,"[2.82441, 50.16123]"
13,AWD0001mx1,diary,586,6,1917-07-23 00:00:00 UTC,23 Jul 1917,Ervillers,"[2.82441, 50.16123]","",activity,training,{},3019859,Ervillers,"[2.82441, 50.16123]"
14,AWD0001mx1,diary,586,5,1917-07-24 00:00:00 UTC,24 Jul 1917,Ervillers,"[2.82441, 50.16123]","",diaryDate,24 Jul 1917,"{""day""=>[""24""], ""month""=>[""Jul""], ""year""=>[""1917""]}",3019859,Ervillers,"[2.82441, 50.16123]"
15,AWD0001mx1,diary,586,5,1917-07-24 00:00:00 UTC,24 Jul 1917,Ervillers,"[2.82441, 50.16123]","",person,Lieutenant N Buckingham,"{""first""=>[""N""], ""surname""=>[""Buckingham""], ""rank""=>[""Lieutenant""], ""number""=>[""""], ""reason""=>[""joined""], ""unit""=>[""""]}",3019859,Ervillers,"[2.82441, 50.16123]"
17,AWD0001mx1,diary,586,3,1917-07-24 00:00:00 UTC,24 Jul 1917,Ervillers,"[2.82441, 50.16123]","",place,Ervillers,"{""place""=>[""Ervillers""], ""location""=>[""true""], ""name""=>[""Ervillers""], ""lat""=>[""50.16123""], ""long""=>[""2.82441""], ""id""=>[""3019859""]}",3019859,Ervillers,"[2.82441, 50.16123]"
20,AWD0001mx1,diary,586,5,1917-07-24 00:00:00 UTC,24 Jul 1917,Ervillers,"[2.82441, 50.16123]","",person,Second Lieutenant S Silley,"{""first""=>[""S""], ""surname""=>[""Silley""], ""rank""=>[""Second Lieutenant""], ""number""=>[""""], ""reason""=>[""joined""], ""unit""=>[""""]}",3019859,Ervillers,"[2.82441, 50.16123]"
21,AWD0001mx1,diary,586,5,1917-07-24 00:00:00 UTC,24 Jul 1917,Ervillers,"[2.82441, 50.16123]","",person,Second Lieutenant W R Ashplant,"{""first""=>[""W R""], ""surname""=>[""Ashplant""], ""rank""=>[""Second Lieutenant""], ""number""=>[""""], ""reason""=>[""joined""], ""unit""=>[""""]}",3019859,Ervillers,"[2.82441, 50.16123]"
22,AWD0001mx1,diary,586,5,1917-07-24 00:00:00 UTC,24 Jul 1917,Ervillers,"[2.82441, 50.16123]","",person,Second Lieutenant N E Asken,"{""first""=>[""N E""], ""surname""=>[""Asken""], ""rank""=>[""Second Lieutenant""], ""number""=>[""""], ""reason""=>[""joined""], ""unit""=>[""""]}",3019859,Ervillers,"[2.82441, 50.16123]"
23,AWD0001mx1,diary,586,2,1917-07-24 00:00:00 UTC,24 Jul 1917,Ervillers,"[2.82441, 50.16123]","",person,  ,"{""first""=>[""""], ""surname""=>[""""], ""rank""=>[""""], ""number""=>[""""], ""reason""=>[""commander""], ""unit""=>[""""]}",3019859,Ervillers,"[2.82441, 50.16123]"
24,AWD0001mx1,diary,586,5,1917-07-24 00:00:00 UTC,24 Jul 1917,Ervillers,"[2.82441, 50.16123]","",person,Second Lieutenant C Naper,"{""first""=>[""C""], ""surname""=>[""Naper""], ""rank""=>[""Second Lieutenant""], ""number""=>[""""], ""reason""=>[""joined""], ""unit""=>[""""]}",3019859,Ervillers,"[2.82441, 50.16123]"
27,AWD0001mx1,diary,586,4,1917-07-25 00:00:00 UTC,25 Jul 1917,Ervillers,"[2.82441, 50.16123]","",diaryDate,25 Jul 1917,"{""day""=>[""25""], ""month""=>[""Jul""], ""year""=>[""1917""]}",3019859,Ervillers,"[2.82441, 50.16123]"
28,AWD0001mx1,diary,586,4,1917-07-25 00:00:00 UTC,25 Jul 1917,Ervillers,"[2.82441, 50.16123]","",activity,training,{},3019859,Ervillers,"[2.82441, 50.16123]"
29,AWD0001mx1,diary,586,5,1917-07-25 00:00:00 UTC,25 Jul 1917,Ervillers,"[2.82441, 50.16123]","",domestic,hygiene,{},3019859,Ervillers,"[2.82441, 50.16123]"
30,AWD0001mx1,diary,586,5,1917-07-25 00:00:00 UTC,25 Jul 1917,Ervillers,"[2.82441, 50.16123]","",place,Ervillers,"{""place""=>[""Ervillers""], ""location""=>[""true""], ""name""=>[""Ervillers""], ""lat""=>[""50.16123""], ""long""=>[""2.82441""], ""id""=>[""3019859""]}",3019859,Ervillers,"[2.82441, 50.16123]"
32,AWD0001mx1,diary,586,2,1917-07-25 00:00:00 UTC,25 Jul 1917,Ervillers,"[2.82441, 50.16123]","",domestic,other,{},3019859,Ervillers,"[2.82441, 50.16123]"
33,AWD0001mx1,diary,586,5,1917-07-26 00:00:00 UTC,26 Jul 1917,Ervillers,"[2.82441, 50.16123]","",diaryDate,26 Jul 1917,"{""day""=>[""26""], ""month""=>[""Jul""], ""year""=>[""1917""]}",3019859,Ervillers,"[2.82441, 50.16123]"
34,AWD0001mx1,diary,586,6,1917-07-26 00:00:00 UTC,26 Jul 1917,Ervillers,"[2.82441, 50.16123]","",activity,working,{},3019859,Ervillers,"[2.82441, 50.16123]"
36,AWD0001mx1,diary,586,5,1917-07-27 00:00:00 UTC,27 Jul 1917,Ervillers,"[2.82441, 50.16123]","",diaryDate,27 Jul 1917,"{""day""=>[""27""], ""month""=>[""Jul""], ""year""=>[""1917""]}",3019859,Ervillers,"[2.82441, 50.16123]"
37,AWD0001mx1,diary,586,5,1917-07-27 00:00:00 UTC,27 Jul 1917,Ervillers,"[2.82441, 50.16123]","",weather,rain,{},3019859,Ervillers,"[2.82441, 50.16123]"
38,AWD0001mx1,diary,586,4,1917-07-27 00:00:00 UTC,27 Jul 1917,Ervillers,"[2.82441, 50.16123]","",place,Ervillers,"{""place""=>[""Ervillers""], ""location""=>[""true""], ""name""=>[""Ervillers""], ""lat""=>[""50.16123""], ""long""=>[""2.82441""], ""id""=>[""3019859""]}",3019859,Ervillers,"[2.82441, 50.16123]"
39,AWD0001mx1,diary,586,2,1917-07-27 00:00:00 UTC,27 Jul 1917,Ervillers,"[2.82441, 50.16123]","",domestic,other,{},3019859,Ervillers,"[2.82441, 50.16123]"
40,AWD0001mx1,diary,586,6,1917-07-27 00:00:00 UTC,27 Jul 1917,Ervillers,"[2.82441, 50.16123]","",activity,training,{},3019859,Ervillers,"[2.82441, 50.16123]"
41,AWD0001mx1,diary,586,5,1917-07-28 00:00:00 UTC,28 Jul 1917,Ervillers,"[2.82441, 50.16123]","",diaryDate,28 Jul 1917,"{""day""=>[""28""], ""month""=>[""Jul""], ""year""=>[""1917""]}",3019859,Ervillers,"[2.82441, 50.16123]"
44,AWD0001mx1,diary,586,6,1917-07-29 00:00:00 UTC,29 Jul 1917,Ervillers,"[2.82441, 50.16123]","",diaryDate,29 Jul 1917,"{""day""=>[""29""], ""month""=>[""Jul""], ""year""=>[""1917""]}",3019859,Ervillers,"[2.82441, 50.16123]"
45,AWD0001mx1,diary,586,3,1917-07-29 00:00:00 UTC,29 Jul 1917,Ervillers,"[2.82441, 50.16123]","",place,Ervillers,"{""place""=>[""Ervillers""], ""location""=>[""true""], ""name""=>[""Ervillers""], ""lat""=>[""50.16123""], ""long""=>[""2.82441""], ""id""=>[""3019859""]}",3019859,Ervillers,"[2.82441, 50.16123]"
46,AWD0001mx1,diary,586,4,1917-07-29 00:00:00 UTC,29 Jul 1917,Ervillers,"[2.82441, 50.16123]","",domestic,religion,{},3019859,Ervillers,"[2.82441, 50.16123]"
47,AWD0001mx1,diary,586,3,1917-07-29 00:00:00 UTC,29 Jul 1917,Ervillers,"[2.82441, 50.16123]","",weather,rain,{},3019859,Ervillers,"[2.82441, 50.16123]"
49,AWD0001mx1,diary,586,5,1917-07-30 00:00:00 UTC,30 Jul 1917,Ervillers,"[2.82441, 50.16123]","",diaryDate,30 Jul 1917,"{""day""=>[""30""], ""month""=>[""Jul""], ""year""=>[""1917""]}",3019859,Ervillers,"[2.82441, 50.16123]"
51,AWD0001mx1,diary,586,5,1917-07-30 00:00:00 UTC,30 Jul 1917,Ervillers,"[2.82441, 50.16123]","",activity,working,{},3019859,Ervillers,"[2.82441, 50.16123]"
54,AWD0001mx1,diary,586,5,1917-07-30 00:00:00 UTC,30 Jul 1917,Ecoust,"[2.91236, 50.18014]","",place,Ecoust,"{""place""=>[""Ecoust""], ""location""=>[""true""], ""name""=>[""Écoust-Saint-Mein""], ""lat""=>[""50.18014""], ""long""=>[""2.91236""], ""id""=>[""3020436""]}",3020436,Écoust-Saint-Mein,"[2.91236, 50.18014]"
55,AWD0001mx1,diary,586,3,1917-07-30 00:00:00 UTC,30 Jul 1917,Ecoust,"[2.91236, 50.18014]","",unit,"1st R W F, 1st R.W.F., 1st R. W. F.","{""name""=>[""1st R W F"", ""1st R.W.F."", ""1st R. W. F.""], ""context""=>[""relieved""]}",3020436,Écoust-Saint-Mein,"[2.91236, 50.18014]"
56,AWD0001mx1,diary,586,2,1917-07-30 00:00:00 UTC,30 Jul 1917,Ecoust,"[2.91236, 50.18014]","",activity,reserve,{},3020436,Écoust-Saint-Mein,"[2.91236, 50.18014]"
57,AWD0001mx1,diary,586,2,1917-07-30 00:00:00 UTC,30 Jul 1917,Ecoust,"[2.91236, 50.18014]","",activity,movement,{},3020436,Écoust-Saint-Mein,"[2.91236, 50.18014]"
58,AWD0001mx1,diary,586,2,1917-07-30 00:00:00 UTC,30 Jul 1917,Ecoust,"[2.91236, 50.18014]",1200AM,time,1200AM,{},3020436,Écoust-Saint-Mein,"[2.91236, 50.18014]"
60,AWD0001mx1,diary,586,5,1917-07-30 00:00:00 UTC,30 Jul 1917,Ecoust,"[2.91236, 50.18014]",1200AM,person,Second Lieutenant  Marshall,"{""first""=>[""""], ""surname""=>[""Marshall""], ""rank""=>[""Second Lieutenant""], ""number""=>[""""], ""reason""=>[""joined""], ""unit""=>[""""]}",3020436,Écoust-Saint-Mein,"[2.91236, 50.18014]"
63,AWD0001mx1,diary,586,3,1917-07-30 00:00:00 UTC,30 Jul 1917,Ecoust,"[2.91236, 50.18014]",1200AM,unit,91st Bde.,"{""name""=>[""91st Bde.""], ""context""=>[""left""]}",3020436,Écoust-Saint-Mein,"[2.91236, 50.18014]"
65,AWD0001mx1,diary,586,2,1917-07-30 00:00:00 UTC,30 Jul 1917,Ecoust,"[2.91236, 50.18014]",1200AM,unit,"2nd Borderers, 2nd Border R","{""name""=>[""2nd Borderers"", ""2nd Border R""], ""context""=>[""right""]}",3020436,Écoust-Saint-Mein,"[2.91236, 50.18014]"
69,AWD0001mx1,diary,586,2,1917-07-30 00:00:00 UTC,30 Jul 1917,Ecoust,"[2.91236, 50.18014]",1200AM,place,Ecoust,"{""place""=>[""Ecoust""], ""location""=>[""true""], ""name""=>[""Écoust-Saint-Mein""], ""lat""=>[""50.18014""], ""long""=>[""2.91236""], ""id""=>[""3020436""]}",3020436,Écoust-Saint-Mein,"[2.91236, 50.18014]"
71,AWD0001mx1,diary,586,4,1917-07-31 00:00:00 UTC,31 Jul 1917,Ecoust,"[2.91236, 50.18014]","",diaryDate,31 Jul 1917,"{""day""=>[""31""], ""month""=>[""Jul""], ""year""=>[""1917""]}",3020436,Écoust-Saint-Mein,"[2.91236, 50.18014]"
72,AWD0001mx1,diary,586,2,1917-07-31 00:00:00 UTC,31 Jul 1917,Ecoust,"[2.91236, 50.18014]","",activity,movement,{},3020436,Écoust-Saint-Mein,"[2.91236, 50.18014]"
73,AWD0001mx1,diary,586,3,1917-07-31 00:00:00 UTC,31 Jul 1917,Ecoust,"[0.0, 0.0]","",place,Ecoust,"{""place""=>[""Ecoust""], ""location""=>[""true""], ""name""=>[""""], ""lat""=>[""""], ""long""=>[""""], ""id""=>[""""]}",3020436,Écoust-Saint-Mein,"[2.91236, 50.18014]"
74,AWD0001mx1,diary,586,3,1917-07-31 00:00:00 UTC,31 Jul 1917,Ecoust,"[0.0, 0.0]","",activity,reserve,{},3020436,Écoust-Saint-Mein,"[2.91236, 50.18014]"
76,AWD0001mx1,diary,586,3,1917-07-31 00:00:00 UTC,31 Jul 1917,Ecoust,"[0.0, 0.0]","",casualties,"killed: 4, wounded: 12, sick: 86",{},3020436,Écoust-Saint-Mein,"[2.91236, 50.18014]"
78,AWD0001mx1,diary,586,2,1917-07-31 00:00:00 UTC,31 Jul 1917,Ecoust,"[0.0, 0.0]","",person,"Lieutenant A C Cameron, CAMERON","{""first""=>[""A C""], ""surname""=>[""Cameron"", ""CAMERON""], ""rank""=>[""Lieutenant""], ""number""=>[""""], ""reason""=>[""author""], ""unit""=>[""Act. Adj. 8 Battalion Devonshire Regiment"", """"]}",3020436,Écoust-Saint-Mein,"[2.91236, 50.18014]"
81,AWD0001mx1,diary,586,5,1917-07-31 00:00:00 UTC,31 Jul 1917,Ecoust,"[0.0, 0.0]","",strength,"officer: 39, other: 771",{},3020436,Écoust-Saint-Mein,"[2.91236, 50.18014]"
1,AWD0001n2n,diary,588,5,1917-08-01 00:00:00 UTC,1 Aug 1917,Ecoust,"[0.0, 0.0]","",diaryDate,1 Aug 1917,"{""day""=>[""1""], ""month""=>[""Aug""], ""year""=>[""1917""]}",3020436,Écoust-Saint-Mein,"[2.91236, 50.18014]"
4,AWD0001n2n,diary,588,3,1917-08-01 00:00:00 UTC,1 Aug 1917,Ecoust,"[0.0, 0.0]","",weather,rain,{},3020436,Écoust-Saint-Mein,"[2.91236, 50.18014]"
6,AWD0001n2n,diary,588,2,1917-08-01 00:00:00 UTC,1 Aug 1917,"Bullecourt, BULLECOURT","[2.92814, 50.19125]","",place,"Bullecourt, BULLECOURT","{""place""=>[""Bullecourt"", ""BULLECOURT""], ""location""=>[""true""], ""name""=>[""Bullecourt""], ""lat""=>[""50.19125""], ""long""=>[""2.92814""], ""id""=>[""3029576""]}",3029576,Bullecourt,"[2.92814, 50.19125]"
7,AWD0001n2n,diary,588,2,1917-08-01 00:00:00 UTC,1 Aug 1917,"Bullecourt, BULLECOURT","[2.92814, 50.19125]","",activity,working,{},3029576,Bullecourt,"[2.92814, 50.19125]"
9,AWD0001n2n,diary,588,5,1917-08-02 00:00:00 UTC,2 Aug 1917,"Bullecourt, BULLECOURT","[2.92814, 50.19125]","",diaryDate,2 Aug 1917,"{""day""=>[""2""], ""month""=>[""Aug""], ""year""=>[""1917""]}",3029576,Bullecourt,"[2.92814, 50.19125]"
11,AWD0001n2n,diary,588,3,1917-08-02 00:00:00 UTC,2 Aug 1917,"Bullecourt, BULLECOURT","[2.92814, 50.19125]","",unit,2nd Gordon Highlanders,"{""name""=>[""2nd Gordon Highlanders""], ""context""=>[""relieved""]}",3029576,Bullecourt,"[2.92814, 50.19125]"
12,AWD0001n2n,diary,588,3,1917-08-02 00:00:00 UTC,2 Aug 1917,"Bullecourt, BULLECOURT","[2.92814, 50.19125]","",weather,rain,{},3029576,Bullecourt,"[2.92814, 50.19125]"
15,AWD0001n2n,diary,588,2,1917-08-02 00:00:00 UTC,2 Aug 1917,"Bullecourt, BULLECOURT","[2.92814, 50.19125]","",unit,9th Devon Regt,"{""name""=>[""9th Devon Regt""], ""context""=>[""right""]}",3029576,Bullecourt,"[2.92814, 50.19125]"
17,AWD0001n2n,diary,588,4,1917-08-02 00:00:00 UTC,2 Aug 1917,Bullecourt,"[2.92814, 50.19125]","",place,Bullecourt,"{""place""=>[""Bullecourt""], ""location""=>[""true""], ""name""=>[""Bullecourt""], ""lat""=>[""50.19125""], ""long""=>[""2.92814""], ""id""=>[""3029576""]}",3033762,Bellacourt,"[2.67847, 50.22924]"
18,AWD0001n2n,diary,588,2,1917-08-02 01:00:00 UTC,2 Aug 1917,Bullecourt,"[2.92814, 50.19125]",0100AM,time,0100AM,{},3033762,Bellacourt,"[2.67847, 50.22924]"
20,AWD0001n2n,diary,588,2,1917-08-02 01:00:00 UTC,2 Aug 1917,Bullecourt,"[2.92814, 50.19125]",0100AM,unit,2nd Gordons,"{""name""=>[""2nd Gordons""], ""context""=>[""left""]}",3033762,Bellacourt,"[2.67847, 50.22924]"
23,AWD0001n2n,diary,588,4,1917-08-02 01:00:00 UTC,2 Aug 1917,Bullecourt,"[2.92814, 50.19125]",0100AM,person,Second Lieutenant R Marshall,"{""first""=>[""R""], ""surname""=>[""Marshall""], ""rank""=>[""Second Lieutenant""], ""number""=>[""""], ""reason""=>[""joined""], ""unit""=>[""""]}",3033762,Bellacourt,"[2.67847, 50.22924]"
25,AWD0001n2n,diary,588,5,1917-08-03 00:00:00 UTC,3 Aug 1917,Bullecourt,"[2.92814, 50.19125]","",diaryDate,3 Aug 1917,"{""day""=>[""3""], ""month""=>[""Aug""], ""year""=>[""1917""]}",3033762,Bellacourt,"[2.67847, 50.22924]"
26,AWD0001n2n,diary,588,2,1917-08-03 00:00:00 UTC,3 Aug 1917,Bullecourt,"[2.92814, 50.19125]","",activity,working,{},3033762,Bellacourt,"[2.67847, 50.22924]"
27,AWD0001n2n,diary,588,2,1917-08-03 00:00:00 UTC,3 Aug 1917,Bullecourt,"[2.92814, 50.19125]","",place,Bullecourt,"{""place""=>[""Bullecourt""], ""location""=>[""true""], ""name""=>[""Bullecourt""], ""lat""=>[""50.19125""], ""long""=>[""2.92814""], ""id""=>[""3029576""]}",3033762,Bellacourt,"[2.67847, 50.22924]"
29,AWD0001n2n,diary,588,2,1917-08-03 00:00:00 UTC,3 Aug 1917,Bullecourt,"[2.92814, 50.19125]","",activity,repair,{},3033762,Bellacourt,"[2.67847, 50.22924]"
32,AWD0001n2n,diary,588,5,1917-08-04 00:00:00 UTC,4 Aug 1917,Bullecourt,"[2.92814, 50.19125]","",diaryDate,4 Aug 1917,"{""day""=>[""4""], ""month""=>[""Aug""], ""year""=>[""1917""]}",3033762,Bellacourt,"[2.67847, 50.22924]"
33,AWD0001n2n,diary,588,2,1917-08-04 00:00:00 UTC,4 Aug 1917,Bullecourt,"[2.92814, 50.19125]","",activity,enemy_activity,{},3033762,Bellacourt,"[2.67847, 50.22924]"
34,AWD0001n2n,diary,588,3,1917-08-04 00:00:00 UTC,4 Aug 1917,Bullecourt,"[2.92814, 50.19125]","",activity,fire,{},3033762,Bellacourt,"[2.67847, 50.22924]"
36,AWD0001n2n,diary,588,2,1917-08-04 00:00:00 UTC,4 Aug 1917,Bullecourt,"[2.92814, 50.19125]","",casualties,wounded: 5,{},3033762,Bellacourt,"[2.67847, 50.22924]"
38,AWD0001n2n,diary,588,2,1917-08-04 00:00:00 UTC,4 Aug 1917,Bullecourt,"[2.92814, 50.19125]","",casualties,wounded: 1,{},3033762,Bellacourt,"[2.67847, 50.22924]"
39,AWD0001n2n,diary,588,2,1917-08-04 00:00:00 UTC,4 Aug 1917,Bullecourt,"[2.92814, 50.19125]","",casualties,wounded: 4,{},3033762,Bellacourt,"[2.67847, 50.22924]"
41,AWD0001n2n,diary,588,5,1917-08-05 00:00:00 UTC,5 Aug 1917,Bullecourt,"[2.92814, 50.19125]","",diaryDate,5 Aug 1917,"{""day""=>[""5""], ""month""=>[""Aug""], ""year""=>[""1917""]}",3033762,Bellacourt,"[2.67847, 50.22924]"
42,AWD0001n2n,diary,588,2,1917-08-05 00:00:00 UTC,5 Aug 1917,Bullecourt,"[2.92814, 50.19125]","",activity,quiet,{},3033762,Bellacourt,"[2.67847, 50.22924]"
45,AWD0001n2n,diary,588,2,1917-08-05 00:00:00 UTC,5 Aug 1917,Bullecourt,"[2.92814, 50.19125]","",activity,working,{},3033762,Bellacourt,"[2.67847, 50.22924]"
49,AWD0001n2n,diary,588,5,1917-08-06 00:00:00 UTC,6 Aug 1917,Bullecourt,"[2.92814, 50.19125]","",diaryDate,6 Aug 1917,"{""day""=>[""6""], ""month""=>[""Aug""], ""year""=>[""1917""]}",3033762,Bellacourt,"[2.67847, 50.22924]"
51,AWD0001n2n,diary,588,4,1917-08-06 00:00:00 UTC,6 Aug 1917,Bullecourt,"[2.92814, 50.19125]","",casualties,wounded: 1,{},3033762,Bellacourt,"[2.67847, 50.22924]"
52,AWD0001n2n,diary,588,2,1917-08-06 00:00:00 UTC,6 Aug 1917,Bullecourt,"[2.92814, 50.19125]","",activity,quiet,{},3033762,Bellacourt,"[2.67847, 50.22924]"
55,AWD0001n2n,diary,588,4,1917-08-06 00:00:00 UTC,6 Aug 1917,Bullecourt,"[2.92814, 50.19125]","",weather,cold,{},3033762,Bellacourt,"[2.67847, 50.22924]"
58,AWD0001n2n,diary,588,2,1917-08-06 00:00:00 UTC,6 Aug 1917,Bullecourt,"[2.92814, 50.19125]","",place,Bullecourt,"{""place""=>[""Bullecourt""], ""location""=>[""true""], ""name""=>[""Bullecourt""], ""lat""=>[""50.19125""], ""long""=>[""2.92814""], ""id""=>[""3029576""]}",3033762,Bellacourt,"[2.67847, 50.22924]"
60,AWD0001n2n,diary,588,2,1917-08-06 00:00:00 UTC,6 Aug 1917,Bullecourt,"[2.92814, 50.19125]","",activity,working,{},3033762,Bellacourt,"[2.67847, 50.22924]"
61,AWD0001n2n,diary,588,4,1917-08-06 00:00:00 UTC,6 Aug 1917,Bullecourt,"[2.92814, 50.19125]","",activity,enemy_activity,{},3033762,Bellacourt,"[2.67847, 50.22924]"
62,AWD0001n2n,diary,588,4,1917-08-07 00:00:00 UTC,7 Aug 1917,Bullecourt,"[2.92814, 50.19125]","",diaryDate,7 Aug 1917,"{""day""=>[""7""], ""month""=>[""Aug""], ""year""=>[""1917""]}",3033762,Bellacourt,"[2.67847, 50.22924]"
64,AWD0001n2n,diary,588,4,1917-08-07 00:00:00 UTC,7 Aug 1917,Bullecourt,"[2.92814, 50.19125]","",weather,fine,{},3033762,Bellacourt,"[2.67847, 50.22924]"
67,AWD0001n2n,diary,588,5,1917-08-08 00:00:00 UTC,8 Aug 1917,Bullecourt,"[2.92814, 50.19125]","",diaryDate,8 Aug 1917,"{""day""=>[""8""], ""month""=>[""Aug""], ""year""=>[""1917""]}",3033762,Bellacourt,"[2.67847, 50.22924]"
69,AWD0001n2n,diary,588,3,1917-08-08 00:00:00 UTC,8 Aug 1917,Bullecourt,"[2.92814, 50.19125]","",activity,quiet,{},3033762,Bellacourt,"[2.67847, 50.22924]"
70,AWD0001n2n,diary,588,5,1917-08-08 00:00:00 UTC,8 Aug 1917,Bullecourt,"[2.92814, 50.19125]","",weather,rain,{},3033762,Bellacourt,"[2.67847, 50.22924]"
72,AWD0001n2n,diary,588,3,1917-08-08 00:00:00 UTC,8 Aug 1917,Ervillers,"[2.82441, 50.16123]","",place,Ervillers,"{""place""=>[""Ervillers""], ""location""=>[""true""], ""name""=>[""Ervillers""], ""lat""=>[""50.16123""], ""long""=>[""2.82441""], ""id""=>[""3019859""]}",3019859,Ervillers,"[2.82441, 50.16123]"
74,AWD0001n2n,diary,588,4,1917-08-08 00:00:00 UTC,8 Aug 1917,Ervillers,"[2.82441, 50.16123]","",casualties,"killed: 1, wounded: 1",{},3019859,Ervillers,"[2.82441, 50.16123]"
75,AWD0001n2n,diary,588,2,1917-08-08 03:00:00 UTC,8 Aug 1917,Ervillers,"[2.82441, 50.16123]",0300AM,time,0300AM,{},3019859,Ervillers,"[2.82441, 50.16123]"
79,AWD0001n2n,diary,588,3,1917-08-08 03:00:00 UTC,8 Aug 1917,Ervillers,"[2.82441, 50.16123]",0300AM,place,Ervillers,"{""place""=>[""Ervillers""], ""location""=>[""true""], ""name""=>[""Ervillers""], ""lat""=>[""50.16123""], ""long""=>[""2.82441""], ""id""=>[""3019859""]}",3019859,Ervillers,"[2.82441, 50.16123]"
81,AWD0001n2n,diary,588,3,1917-08-08 03:00:00 UTC,8 Aug 1917,Ervillers,"[2.82441, 50.16123]",0300AM,domestic,accomodation,{},3019859,Ervillers,"[2.82441, 50.16123]"
82,AWD0001n2n,diary,588,3,1917-08-08 03:00:00 UTC,8 Aug 1917,Ervillers,"[2.82441, 50.16123]",0300AM,activity,movement,{},3019859,Ervillers,"[2.82441, 50.16123]"
1,AWD0001mww,diary,589,4,1917-08-09 00:00:00 UTC,9 Aug 1917,Ervillers,"[2.82441, 50.16123]","",diaryDate,9 Aug 1917,"{""day""=>[""9""], ""month""=>[""Aug""], ""year""=>[""1917""]}",3019859,Ervillers,"[2.82441, 50.16123]"
3,AWD0001mww,diary,589,4,1917-08-09 00:00:00 UTC,9 Aug 1917,Ervillers,"[2.82441, 50.16123]","",activity,resting,{},3019859,Ervillers,"[2.82441, 50.16123]"
4,AWD0001mww,diary,589,8,1917-08-09 00:00:00 UTC,9 Aug 1917,Ervillers,"[2.82441, 50.16123]","",place,Ervillers,"{""place""=>[""Ervillers""], ""location""=>[""true""], ""name""=>[""Ervillers""], ""lat""=>[""50.16123""], ""long""=>[""2.82441""], ""id""=>[""3019859""]}",3019859,Ervillers,"[2.82441, 50.16123]"
5,AWD0001mww,diary,589,4,1917-08-10 00:00:00 UTC,10 Aug 1917,Ervillers,"[2.82441, 50.16123]","",diaryDate,10 Aug 1917,"{""day""=>[""10""], ""month""=>[""Aug""], ""year""=>[""1917""]}",3019859,Ervillers,"[2.82441, 50.16123]"
7,AWD0001mww,diary,589,2,1917-08-10 00:00:00 UTC,10 Aug 1917,Ervillers,"[2.82441, 50.16123]","",weather,overcast,{},3019859,Ervillers,"[2.82441, 50.16123]"
8,AWD0001mww,diary,589,3,1917-08-10 00:00:00 UTC,10 Aug 1917,Ervillers,"[2.82441, 50.16123]","",activity,movement,{},3019859,Ervillers,"[2.82441, 50.16123]"
9,AWD0001mww,diary,589,2,1917-08-10 00:00:00 UTC,10 Aug 1917,Ervillers,"[2.82441, 50.16123]","",domestic,accomodation,{},3019859,Ervillers,"[2.82441, 50.16123]"
10,AWD0001mww,diary,589,2,1917-08-10 00:00:00 UTC,10 Aug 1917,Ervillers,"[2.82441, 50.16123]","",place,Bailleulval,"{""place""=>[""Bailleulval""], ""location""=>[""false"", ""true""], ""name""=>[""Bailleulval""], ""lat""=>[""50.22148""], ""long""=>[""2.63375""], ""id""=>[""3035350""]}",3019859,Ervillers,"[2.82441, 50.16123]"
12,AWD0001mww,diary,589,6,1917-08-10 00:00:00 UTC,10 Aug 1917,Bailleulval,"[2.63375, 50.22148]","",place,Bailleulval,"{""place""=>[""Bailleulval""], ""location""=>[""true""], ""name""=>[""Bailleulval""], ""lat""=>[""50.22148""], ""long""=>[""2.63375""], ""id""=>[""3035350""]}",3035350,Bailleulval,"[2.63375, 50.22148]"
13,AWD0001mww,diary,589,4,1917-08-11 00:00:00 UTC,11 Aug 1917,Bailleulval,"[2.63375, 50.22148]","",diaryDate,11 Aug 1917,"{""day""=>[""11""], ""month""=>[""Aug""], ""year""=>[""1917""]}",3035350,Bailleulval,"[2.63375, 50.22148]"
18,AWD0001mww,diary,589,3,1917-08-12 00:00:00 UTC,12 Aug 1917,Bailleulval,"[2.63375, 50.22148]","",diaryDate,12 Aug 1917,"{""day""=>[""12""], ""month""=>[""Aug""], ""year""=>[""1917""]}",3035350,Bailleulval,"[2.63375, 50.22148]"
19,AWD0001mww,diary,589,4,1917-08-12 00:00:00 UTC,12 Aug 1917,Bailleulval,"[2.63375, 50.22148]","",domestic,religion,{},3035350,Bailleulval,"[2.63375, 50.22148]"
21,AWD0001mww,diary,589,2,1917-08-12 00:00:00 UTC,12 Aug 1917,Bailleulval,"[2.63375, 50.22148]","",person,"Chaplain E C,Rev E C Crosse","{""first""=>[""E C"", ""Rev E C""], ""surname""=>[""Crosse""], ""rank""=>[""Chaplain""], ""number""=>[""""], ""reason""=>[""other""], ""unit""=>[""""]}",3035350,Bailleulval,"[2.63375, 50.22148]"
23,AWD0001mww,diary,589,3,1917-08-12 00:00:00 UTC,12 Aug 1917,Bailleulval,"[2.63375, 50.22148]","",domestic,parades,{},3035350,Bailleulval,"[2.63375, 50.22148]"
25,AWD0001mww,diary,589,2,1917-08-12 00:00:00 UTC,12 Aug 1917,Bailleulval,"[2.63375, 50.22148]","",place,Bailleulval,"{""place""=>[""Bailleulval""], ""location""=>[""true""], ""name""=>[""Bailleulval""], ""lat""=>[""50.22148""], ""long""=>[""2.63375""], ""id""=>[""3035350""]}",3035350,Bailleulval,"[2.63375, 50.22148]"
28,AWD0001mww,diary,589,4,1917-08-13 00:00:00 UTC,13 Aug 1917,Bailleulval,"[2.63375, 50.22148]","",diaryDate,13 Aug 1917,"{""day""=>[""13""], ""month""=>[""Aug""], ""year""=>[""1917""]}",3035350,Bailleulval,"[2.63375, 50.22148]"
29,AWD0001mww,diary,589,4,1917-08-13 00:00:00 UTC,13 Aug 1917,Bailleulval,"[2.63375, 50.22148]","",domestic,hygiene,{},3035350,Bailleulval,"[2.63375, 50.22148]"
30,AWD0001mww,diary,589,6,1917-08-13 00:00:00 UTC,13 Aug 1917,Bailleulval,"[2.63375, 50.22148]","",activity,training,{},3035350,Bailleulval,"[2.63375, 50.22148]"
31,AWD0001mww,diary,589,3,1917-08-13 00:00:00 UTC,13 Aug 1917,Bailleulval,"[2.63375, 50.22148]","",place,Bailleulval,"{""place""=>[""Bailleulval""], ""location""=>[""true""], ""name""=>[""Bailleulval""], ""lat""=>[""50.22148""], ""long""=>[""2.63375""], ""id""=>[""3035350""]}",3035350,Bailleulval,"[2.63375, 50.22148]"
33,AWD0001mww,diary,589,4,1917-08-14 00:00:00 UTC,14 Aug 1917,Bailleulval,"[2.63375, 50.22148]","",diaryDate,14 Aug 1917,"{""day""=>[""14""], ""month""=>[""Aug""], ""year""=>[""1917""]}",3035350,Bailleulval,"[2.63375, 50.22148]"
34,AWD0001mww,diary,589,2,1917-08-14 00:00:00 UTC,14 Aug 1917,Bailleulval,"[2.63375, 50.22148]","",place,Bailleulval,"{""place""=>[""Bailleulval""], ""location""=>[""true""], ""name""=>[""Bailleulval""], ""lat""=>[""50.22148""], ""long""=>[""2.63375""], ""id""=>[""3035350""]}",3035350,Bailleulval,"[2.63375, 50.22148]"
35,AWD0001mww,diary,589,8,1917-08-14 00:00:00 UTC,14 Aug 1917,Bailleulval,"[2.63375, 50.22148]","",activity,training,{},3035350,Bailleulval,"[2.63375, 50.22148]"
36,AWD0001mww,diary,589,3,1917-08-14 00:00:00 UTC,14 Aug 1917,Bailleulval,"[2.63375, 50.22148]","",domestic,hygiene,{},3035350,Bailleulval,"[2.63375, 50.22148]"
37,AWD0001mww,diary,589,3,1917-08-14 00:00:00 UTC,14 Aug 1917,Bailleulval,"[2.63375, 50.22148]","",domestic,parades,{},3035350,Bailleulval,"[2.63375, 50.22148]"
38,AWD0001mww,diary,589,2,1917-08-14 14:00:00 UTC,14 Aug 1917,Bailleulval,"[2.63375, 50.22148]",0200PM,time,0200PM,{},3035350,Bailleulval,"[2.63375, 50.22148]"
39,AWD0001mww,diary,589,2,1917-08-14 07:00:00 UTC,14 Aug 1917,Bailleulval,"[2.63375, 50.22148]",0700AM,time,0700AM,{},3035350,Bailleulval,"[2.63375, 50.22148]"
41,AWD0001mww,diary,589,4,1917-08-15 00:00:00 UTC,15 Aug 1917,Bailleulval,"[2.63375, 50.22148]","",diaryDate,15 Aug 1917,"{""day""=>[""15""], ""month""=>[""Aug""], ""year""=>[""1917""]}",3035350,Bailleulval,"[2.63375, 50.22148]"
42,AWD0001mww,diary,589,2,1917-08-15 07:00:00 UTC,15 Aug 1917,Bailleulval,"[2.63375, 50.22148]",0700AM,time,0700AM,{},3035350,Bailleulval,"[2.63375, 50.22148]"
43,AWD0001mww,diary,589,2,1917-08-15 07:00:00 UTC,15 Aug 1917,Bailleulval,"[2.63375, 50.22148]",0700AM,activity,training,{},3035350,Bailleulval,"[2.63375, 50.22148]"
44,AWD0001mww,diary,589,3,1917-08-15 07:00:00 UTC,15 Aug 1917,Bailleulval,"[2.63375, 50.22148]",0700AM,domestic,inspections,{},3035350,Bailleulval,"[2.63375, 50.22148]"
45,AWD0001mww,diary,589,3,1917-08-15 07:00:00 UTC,15 Aug 1917,Bailleulval,"[2.63375, 50.22148]",0700AM,place,Bailleulval,"{""place""=>[""Bailleulval""], ""location""=>[""true""], ""name""=>[""Bailleulval""], ""lat""=>[""50.22148""], ""long""=>[""2.63375""], ""id""=>[""3035350""]}",3035350,Bailleulval,"[2.63375, 50.22148]"
50,AWD0001mww,diary,589,2,1917-08-15 11:00:00 UTC,15 Aug 1917,Bailleulval,"[2.63375, 50.22148]",1100AM,time,1100AM,{},3035350,Bailleulval,"[2.63375, 50.22148]"
51,AWD0001mww,diary,589,3,1917-08-15 11:00:00 UTC,15 Aug 1917,Bailleulval,"[2.63375, 50.22148]",1100AM,domestic,parades,{},3035350,Bailleulval,"[2.63375, 50.22148]"
53,AWD0001mww,diary,589,3,1917-08-15 11:00:00 UTC,15 Aug 1917,Bailleulval,"[2.63375, 50.22148]",1100AM,person,Lieutenant Colonel  Morris,"{""first""=>[""""], ""surname""=>[""Morris""], ""rank""=>[""Lieutenant Colonel""], ""number""=>[""""], ""reason""=>[""commander""], ""unit""=>["""", ""9th Devon Regt"", ""Commdg. 9th Devon Regiment""]}",3035350,Bailleulval,"[2.63375, 50.22148]"
56,AWD0001mww,diary,589,2,1917-08-15 15:00:00 UTC,15 Aug 1917,Bailleulval,"[2.63375, 50.22148]",0300PM,time,0300PM,{},3035350,Bailleulval,"[2.63375, 50.22148]"
57,AWD0001mww,diary,589,3,1917-08-15 15:00:00 UTC,15 Aug 1917,Bailleulval,"[2.63375, 50.22148]",0300PM,domestic,inspections,{},3035350,Bailleulval,"[2.63375, 50.22148]"
59,AWD0001mww,diary,589,2,1917-08-15 15:00:00 UTC,15 Aug 1917,Bailleulval,"[2.63375, 50.22148]",0300PM,person,"Lieutenant General Sir G M,G M Bullock","{""first""=>[""Sir G M"", ""G M""], ""surname""=>[""Bullock""], ""rank""=>[""Lieutenant General""], ""number""=>[""""], ""reason""=>[""commander""], ""unit""=>["""", ""Devonshire Regiment""]}",3035350,Bailleulval,"[2.63375, 50.22148]"
61,AWD0001mww,diary,589,4,1917-08-15 15:00:00 UTC,15 Aug 1917,Bailleulval,"[2.63375, 50.22148]",0300PM,weather,rain,{},3035350,Bailleulval,"[2.63375, 50.22148]"
63,AWD0001mww,diary,589,4,1917-08-16 00:00:00 UTC,16 Aug 1917,Bailleulval,"[2.63375, 50.22148]","",diaryDate,16 Aug 1917,"{""day""=>[""16""], ""month""=>[""Aug""], ""year""=>[""1917""]}",3035350,Bailleulval,"[2.63375, 50.22148]"
64,AWD0001mww,diary,589,3,1917-08-16 09:00:00 UTC,16 Aug 1917,Bailleulval,"[2.63375, 50.22148]",0900AM,time,0900AM,{},3035350,Bailleulval,"[2.63375, 50.22148]"
65,AWD0001mww,diary,589,5,1917-08-16 09:00:00 UTC,16 Aug 1917,Bailleulval,"[2.63375, 50.22148]",0900AM,activity,training,{},3035350,Bailleulval,"[2.63375, 50.22148]"
66,AWD0001mww,diary,589,3,1917-08-16 09:00:00 UTC,16 Aug 1917,Bailleulval,"[2.63375, 50.22148]",0900AM,place,Bailleulval,"{""place""=>[""Bailleulval""], ""location""=>[""true""], ""name""=>[""Bailleulval""], ""lat""=>[""50.22148""], ""long""=>[""2.63375""], ""id""=>[""3035350""]}",3035350,Bailleulval,"[2.63375, 50.22148]"
69,AWD0001mww,diary,589,3,1917-08-17 00:00:00 UTC,17 Aug 1917,Bailleulval,"[2.63375, 50.22148]","",diaryDate,17 Aug 1917,"{""day""=>[""17""], ""month""=>[""Aug""], ""year""=>[""1917""]}",3035350,Bailleulval,"[2.63375, 50.22148]"
71,AWD0001mww,diary,589,3,1917-08-17 00:00:00 UTC,17 Aug 1917,Bailleulval,"[2.63375, 50.22148]","",activity,training,{},3035350,Bailleulval,"[2.63375, 50.22148]"
72,AWD0001mww,diary,589,2,1917-08-17 00:00:00 UTC,17 Aug 1917,Bailleulval,"[2.63375, 50.22148]","",place,Bailleulval,"{""place""=>[""Bailleulval""], ""location""=>[""true""], ""name""=>[""Bailleulval""], ""lat""=>[""50.22148""], ""long""=>[""2.63375""], ""id""=>[""3035350""]}",3035350,Bailleulval,"[2.63375, 50.22148]"
73,AWD0001mww,diary,589,4,1917-08-17 00:00:00 UTC,17 Aug 1917,Bailleulval,"[2.63375, 50.22148]","",activity,training,{},3035350,Bailleulval,"[2.63375, 50.22148]"
1,AWD0001mzj,diary,590,5,1917-08-18 00:00:00 UTC,18 Aug 1917,Bailleulval,"[2.63375, 50.22148]","",diaryDate,18 Aug 1917,"{""day""=>[""18""], ""month""=>[""Aug""], ""year""=>[""1917""]}",3035350,Bailleulval,"[2.63375, 50.22148]"
2,AWD0001mzj,diary,590,5,1917-08-18 00:00:00 UTC,18 Aug 1917,Bailleulval,"[2.63375, 50.22148]","",place,Bailleulval,"{""place""=>[""Bailleulval""], ""location""=>[""true""], ""name""=>[""Bailleulval""], ""lat""=>[""50.22148""], ""long""=>[""2.63375""], ""id""=>[""3035350""]}",3035350,Bailleulval,"[2.63375, 50.22148]"
3,AWD0001mzj,diary,590,2,1917-08-18 00:00:00 UTC,18 Aug 1917,Bailleulval,"[2.63375, 50.22148]","",activity,training,{},3035350,Bailleulval,"[2.63375, 50.22148]"
7,AWD0001mzj,diary,590,3,1917-08-18 00:00:00 UTC,18 Aug 1917,Bailleulval,"[2.63375, 50.22148]","",domestic,inspections,{},3035350,Bailleulval,"[2.63375, 50.22148]"
8,AWD0001mzj,diary,590,2,1917-08-18 00:00:00 UTC,18 Aug 1917,Bailleulval,"[2.63375, 50.22148]","",activity,other,{},3035350,Bailleulval,"[2.63375, 50.22148]"
9,AWD0001mzj,diary,590,5,1917-08-19 00:00:00 UTC,19 Aug 1917,Bailleulval,"[2.63375, 50.22148]","",diaryDate,19 Aug 1917,"{""day""=>[""19""], ""month""=>[""Aug""], ""year""=>[""1917""]}",3035350,Bailleulval,"[2.63375, 50.22148]"
10,AWD0001mzj,diary,590,2,1917-08-19 00:00:00 UTC,19 Aug 1917,Bailleulval,"[2.63375, 50.22148]","",place,Bailleulval,"{""place""=>[""Bailleulval""], ""location""=>[""true""], ""name""=>[""Bailleulval""], ""lat""=>[""50.22148""], ""long""=>[""2.63375""], ""id""=>[""3035350""]}",3035350,Bailleulval,"[2.63375, 50.22148]"
11,AWD0001mzj,diary,590,4,1917-08-19 00:00:00 UTC,19 Aug 1917,Bailleulval,"[2.63375, 50.22148]","",domestic,hygiene,{},3035350,Bailleulval,"[2.63375, 50.22148]"
12,AWD0001mzj,diary,590,4,1917-08-19 00:00:00 UTC,19 Aug 1917,Bailleulval,"[2.63375, 50.22148]","",domestic,religion,{},3035350,Bailleulval,"[2.63375, 50.22148]"
13,AWD0001mzj,diary,590,2,1917-08-19 11:45:00 UTC,19 Aug 1917,Bailleulval,"[2.63375, 50.22148]",1145AM,time,1145AM,{},3035350,Bailleulval,"[2.63375, 50.22148]"
14,AWD0001mzj,diary,590,2,1917-08-19 11:45:00 UTC,19 Aug 1917,Bailleulval,"[2.63375, 50.22148]",1145AM,person,"Captain E C Crosse, Cross","{""first""=>[""E C""], ""surname""=>[""Crosse"", ""Cross""], ""rank""=>[""Captain""], ""number""=>[""""], ""reason""=>[""other""], ""unit""=>["""", ""8 Battalion Devonshire Regiment""]}",3035350,Bailleulval,"[2.63375, 50.22148]"
15,AWD0001mzj,diary,590,2,1917-08-19 14:00:00 UTC,19 Aug 1917,Bailleulval,"[2.63375, 50.22148]",0200PM,time,0200PM,{},3035350,Bailleulval,"[2.63375, 50.22148]"
17,AWD0001mzj,diary,590,2,1917-08-20 00:00:00 UTC,20 Aug 1917,Bailleulval,"[2.63375, 50.22148]","",diaryDate,20 Aug 1917,"{""day""=>[""20""], ""month""=>[""Aug""], ""year""=>[""1917""]}",3035350,Bailleulval,"[2.63375, 50.22148]"
18,AWD0001mzj,diary,590,2,1917-08-20 00:00:00 UTC,20 Aug 1917,Bailleulval,"[2.63375, 50.22148]","",activity,other,{},3035350,Bailleulval,"[2.63375, 50.22148]"
19,AWD0001mzj,diary,590,3,1917-08-20 00:00:00 UTC,20 Aug 1917,Bailleulval,"[2.63375, 50.22148]","",diaryDate,20 Aug 1917,"{""day""=>[""20""], ""month""=>[""Aug""], ""year""=>[""1917""]}",3035350,Bailleulval,"[2.63375, 50.22148]"
21,AWD0001mzj,diary,590,3,1917-08-20 00:00:00 UTC,20 Aug 1917,Bailleulval,"[2.63375, 50.22148]","",activity,training,{},3035350,Bailleulval,"[2.63375, 50.22148]"
22,AWD0001mzj,diary,590,2,1917-08-20 00:00:00 UTC,20 Aug 1917,Bailleulval,"[2.63375, 50.22148]","",place,Bailleulval,"{""place""=>[""Bailleulval""], ""location""=>[""true""], ""name""=>[""Bailleulval""], ""lat""=>[""50.22148""], ""long""=>[""2.63375""], ""id""=>[""3035350""]}",3035350,Bailleulval,"[2.63375, 50.22148]"
23,AWD0001mzj,diary,590,2,1917-08-20 00:00:00 UTC,20 Aug 1917,Bailleulval,"[2.63375, 50.22148]","",place,Grosville,"{""place""=>[""Grosville""], ""location""=>[""false""], ""name""=>[""Grosville"", """"], ""lat""=>[""49.5088"", """"], ""long""=>[""-1.74262"", """"], ""id""=>[""3014509"", """"]}",3035350,Bailleulval,"[2.63375, 50.22148]"
24,AWD0001mzj,diary,590,2,1917-08-20 17:30:00 UTC,20 Aug 1917,Bailleulval,"[2.63375, 50.22148]",0530PM,time,0530PM,{},3035350,Bailleulval,"[2.63375, 50.22148]"
25,AWD0001mzj,diary,590,5,1917-08-21 00:00:00 UTC,21 Aug 1917,Bailleulval,"[2.63375, 50.22148]","",diaryDate,21 Aug 1917,"{""day""=>[""21""], ""month""=>[""Aug""], ""year""=>[""1917""]}",3035350,Bailleulval,"[2.63375, 50.22148]"
26,AWD0001mzj,diary,590,6,1917-08-21 00:00:00 UTC,21 Aug 1917,Bailleulval,"[2.63375, 50.22148]","",activity,training,{},3035350,Bailleulval,"[2.63375, 50.22148]"
27,AWD0001mzj,diary,590,2,1917-08-21 00:00:00 UTC,21 Aug 1917,Bailleulval,"[2.63375, 50.22148]","",place,Bailleulval,"{""place""=>[""Bailleulval""], ""location""=>[""true""], ""name""=>[""Bailleulval""], ""lat""=>[""50.22148""], ""long""=>[""2.63375""], ""id""=>[""3035350""]}",3035350,Bailleulval,"[2.63375, 50.22148]"
28,AWD0001mzj,diary,590,2,1917-08-21 00:00:00 UTC,21 Aug 1917,Bailleulval,"[2.63375, 50.22148]","",person,"Quarter Master Sergeant,Company Sergeant Major  Howarth","{""first""=>[""""], ""surname""=>[""Howarth""], ""rank""=>[""Quarter Master Sergeant"", ""Company Sergeant Major""], ""number""=>[""""], ""reason""=>[""other""], ""unit""=>["""", ""8 Battalion Devonshire Regiment""]}",3035350,Bailleulval,"[2.63375, 50.22148]"
29,AWD0001mzj,diary,590,2,1917-08-21 00:00:00 UTC,21 Aug 1917,Bailleulval,"[2.63375, 50.22148]","",place,Ransart,"{""place""=>[""Ransart""], ""location""=>[""false""], ""name""=>[""""], ""lat""=>[""""], ""long""=>[""""], ""id""=>[""""]}",3035350,Bailleulval,"[2.63375, 50.22148]"
30,AWD0001mzj,diary,590,5,1917-08-22 00:00:00 UTC,22 Aug 1917,Bailleulval,"[2.63375, 50.22148]","",diaryDate,22 Aug 1917,"{""day""=>[""22""], ""month""=>[""Aug""], ""year""=>[""1917""]}",3035350,Bailleulval,"[2.63375, 50.22148]"
31,AWD0001mzj,diary,590,6,1917-08-22 00:00:00 UTC,22 Aug 1917,Bailleulval,"[2.63375, 50.22148]","",activity,training,{},3035350,Bailleulval,"[2.63375, 50.22148]"
32,AWD0001mzj,diary,590,2,1917-08-22 00:00:00 UTC,22 Aug 1917,Bailleulval,"[2.63375, 50.22148]","",place,Bailleulval,"{""place""=>[""Bailleulval""], ""location""=>[""true""], ""name""=>[""Bailleulval""], ""lat""=>[""50.22148""], ""long""=>[""2.63375""], ""id""=>[""3035350""]}",3035350,Bailleulval,"[2.63375, 50.22148]"
33,AWD0001mzj,diary,590,4,1917-08-22 00:00:00 UTC,22 Aug 1917,Bailleulval,"[2.63375, 50.22148]","",activity,training,{},3035350,Bailleulval,"[2.63375, 50.22148]"
34,AWD0001mzj,diary,590,5,1917-08-23 00:00:00 UTC,23 Aug 1917,Bailleulval,"[2.63375, 50.22148]","",diaryDate,23 Aug 1917,"{""day""=>[""23""], ""month""=>[""Aug""], ""year""=>[""1917""]}",3035350,Bailleulval,"[2.63375, 50.22148]"
35,AWD0001mzj,diary,590,5,1917-08-23 00:00:00 UTC,23 Aug 1917,Bailleulval,"[2.63375, 50.22148]","",activity,training,{},3035350,Bailleulval,"[2.63375, 50.22148]"
36,AWD0001mzj,diary,590,2,1917-08-23 00:00:00 UTC,23 Aug 1917,Bailleulval,"[2.63375, 50.22148]","",place,Bailleulval,"{""place""=>[""Bailleulval""], ""location""=>[""true""], ""name""=>[""Bailleulval""], ""lat""=>[""50.22148""], ""long""=>[""2.63375""], ""id""=>[""3035350""]}",3035350,Bailleulval,"[2.63375, 50.22148]"
37,AWD0001mzj,diary,590,3,1917-08-23 00:00:00 UTC,23 Aug 1917,Bailleulval,"[2.63375, 50.22148]","",person,Second Lieutenant  Perkins,"{""first""=>[""""], ""surname""=>[""Perkins""], ""rank""=>[""Second Lieutenant""], ""number""=>[""""], ""reason""=>[""joined""], ""unit""=>[""""]}",3035350,Bailleulval,"[2.63375, 50.22148]"
38,AWD0001mzj,diary,590,4,1917-08-23 00:00:00 UTC,23 Aug 1917,Bailleulval,"[2.63375, 50.22148]","",person,"Second Lieutenant  Trayler, TRAYLAR, Frayer, Frater","{""first""=>[""""], ""surname""=>[""Trayler"", ""TRAYLAR"", ""Frayer"", ""Frater""], ""rank""=>[""Second Lieutenant""], ""number""=>[""""], ""reason""=>[""joined""], ""unit""=>[""""]}",3035350,Bailleulval,"[2.63375, 50.22148]"
39,AWD0001mzj,diary,590,4,1917-08-23 00:00:00 UTC,23 Aug 1917,Bailleulval,"[2.63375, 50.22148]","",person,Second Lieutenant  Puddlecombe,"{""first""=>[""""], ""surname""=>[""Puddlecombe""], ""rank""=>[""Second Lieutenant""], ""number""=>[""""], ""reason""=>[""joined""], ""unit""=>[""""]}",3035350,Bailleulval,"[2.63375, 50.22148]"
40,AWD0001mzj,diary,590,3,1917-08-23 00:00:00 UTC,23 Aug 1917,Bailleulval,"[2.63375, 50.22148]","",person,Second Lieutenant  Olding,"{""first""=>[""""], ""surname""=>[""Olding""], ""rank""=>[""Second Lieutenant""], ""number""=>[""""], ""reason""=>[""joined""], ""unit""=>[""""]}",3035350,Bailleulval,"[2.63375, 50.22148]"
42,AWD0001mzj,diary,590,5,1917-08-24 00:00:00 UTC,24 Aug 1917,Bailleulval,"[2.63375, 50.22148]","",diaryDate,24 Aug 1917,"{""day""=>[""24""], ""month""=>[""Aug""], ""year""=>[""1917""]}",3035350,Bailleulval,"[2.63375, 50.22148]"
43,AWD0001mzj,diary,590,4,1917-08-24 00:00:00 UTC,24 Aug 1917,Bailleulval,"[2.63375, 50.22148]","",domestic,sport,{},3035350,Bailleulval,"[2.63375, 50.22148]"
45,AWD0001mzj,diary,590,2,1917-08-24 00:00:00 UTC,24 Aug 1917,Bailleulval,"[2.63375, 50.22148]","",place,Bailleulval,"{""place""=>[""Bailleulval""], ""location""=>[""true""], ""name""=>[""Bailleulval""], ""lat""=>[""50.22148""], ""long""=>[""2.63375""], ""id""=>[""3035350""]}",3035350,Bailleulval,"[2.63375, 50.22148]"
46,AWD0001mzj,diary,590,3,1917-08-24 00:00:00 UTC,24 Aug 1917,Bailleulval,"[2.63375, 50.22148]","",domestic,parades,{},3035350,Bailleulval,"[2.63375, 50.22148]"
47,AWD0001mzj,diary,590,2,1917-08-24 09:00:00 UTC,24 Aug 1917,Bailleulval,"[2.63375, 50.22148]",0900AM,time,0900AM,{},3035350,Bailleulval,"[2.63375, 50.22148]"
51,AWD0001mzj,diary,590,2,1917-08-24 09:00:00 UTC,24 Aug 1917,Bailleulval,"[2.63375, 50.22148]",0900AM,activity,training,{},3035350,Bailleulval,"[2.63375, 50.22148]"
1,AWD0001n1k,diary,591,3,1917-08-25 00:00:00 UTC,25 Aug 1917,Bailleulval,"[2.63375, 50.22148]","",diaryDate,25 Aug 1917,"{""day""=>[""25""], ""month""=>[""Aug""], ""year""=>[""1917""]}",3035350,Bailleulval,"[2.63375, 50.22148]"
2,AWD0001n1k,diary,591,3,1917-08-25 00:00:00 UTC,25 Aug 1917,Bailleulval,"[2.63375, 50.22148]","",weather,fine,{},3035350,Bailleulval,"[2.63375, 50.22148]"
3,AWD0001n1k,diary,591,3,1917-08-25 00:00:00 UTC,25 Aug 1917,Bailleulval,"[2.63375, 50.22148]","",place,Bailleulval,"{""place""=>[""Bailleulval""], ""location""=>[""true""], ""name""=>[""Bailleulval""], ""lat""=>[""50.22148""], ""long""=>[""2.63375""], ""id""=>[""3035350""]}",3035350,Bailleulval,"[2.63375, 50.22148]"
4,AWD0001n1k,diary,591,3,1917-08-25 00:00:00 UTC,25 Aug 1917,Bailleulval,"[2.63375, 50.22148]","",domestic,sport,{},3035350,Bailleulval,"[2.63375, 50.22148]"
6,AWD0001n1k,diary,591,3,1917-08-26 00:00:00 UTC,26 Aug 1917,Bailleulval,"[2.63375, 50.22148]","",diaryDate,26 Aug 1917,"{""day""=>[""26""], ""month""=>[""Aug""], ""year""=>[""1917""]}",3035350,Bailleulval,"[2.63375, 50.22148]"
7,AWD0001n1k,diary,591,3,1917-08-26 00:00:00 UTC,26 Aug 1917,Bailleulval,"[2.63375, 50.22148]","",weather,fine,{},3035350,Bailleulval,"[2.63375, 50.22148]"
8,AWD0001n1k,diary,591,3,1917-08-26 00:00:00 UTC,26 Aug 1917,Bailleulval,"[2.63375, 50.22148]","",domestic,religion,{},3035350,Bailleulval,"[2.63375, 50.22148]"
9,AWD0001n1k,diary,591,2,1917-08-26 00:00:00 UTC,26 Aug 1917,Bailleulval,"[2.63375, 50.22148]","",place,Bailleulval,"{""place""=>[""Bailleulval""], ""location""=>[""true""], ""name""=>[""Bailleulval""], ""lat""=>[""50.22148""], ""long""=>[""2.63375""], ""id""=>[""3035350""]}",3035350,Bailleulval,"[2.63375, 50.22148]"
10,AWD0001n1k,diary,591,3,1917-08-26 00:00:00 UTC,26 Aug 1917,Bailleulval,"[2.63375, 50.22148]","",domestic,inspections,{},3035350,Bailleulval,"[2.63375, 50.22148]"
11,AWD0001n1k,diary,591,4,1917-08-27 00:00:00 UTC,27 Aug 1917,Bailleulval,"[2.63375, 50.22148]","",diaryDate,27 Aug 1917,"{""day""=>[""27""], ""month""=>[""Aug""], ""year""=>[""1917""]}",3035350,Bailleulval,"[2.63375, 50.22148]"
13,AWD0001n1k,diary,591,4,1917-08-27 00:00:00 UTC,27 Aug 1917,Bailleulval,"[2.63375, 50.22148]","",activity,training,{},3035350,Bailleulval,"[2.63375, 50.22148]"
14,AWD0001n1k,diary,591,2,1917-08-28 00:00:00 UTC,28 Aug 1917,Bailleulval,"[2.63375, 50.22148]","",diaryDate,28 Aug 1917,"{""day""=>[""28""], ""month""=>[""Aug""], ""year""=>[""1917""]}",3035350,Bailleulval,"[2.63375, 50.22148]"
16,AWD0001n1k,diary,591,2,1917-08-28 00:00:00 UTC,28 Aug 1917,Bailleulval,"[2.63375, 50.22148]","",activity,other,{},3035350,Bailleulval,"[2.63375, 50.22148]"
18,AWD0001n1k,diary,591,3,1917-08-29 00:00:00 UTC,29 Aug 1917,Bailleulval,"[2.63375, 50.22148]","",diaryDate,29 Aug 1917,"{""day""=>[""29""], ""month""=>[""Aug""], ""year""=>[""1917""]}",3035350,Bailleulval,"[2.63375, 50.22148]"
20,AWD0001n1k,diary,591,4,1917-08-29 00:00:00 UTC,29 Aug 1917,Bailleulval,"[2.63375, 50.22148]","",activity,movement,{},3035350,Bailleulval,"[2.63375, 50.22148]"
21,AWD0001n1k,diary,591,3,1917-08-29 00:00:00 UTC,29 Aug 1917,Busseboom,"[2.75807, 50.83826]","",place,Busseboom,"{""place""=>[""Busseboom""], ""location""=>[""true""], ""name""=>[""Busseboom""], ""lat""=>[""50.83826""], ""long""=>[""2.75807""], ""id""=>[""2800722""]}",2800722,Busseboom,"[2.75807, 50.83826]"
30,AWD0001n1k,diary,591,3,1917-08-30 00:00:00 UTC,30 Aug 1917,Busseboom,"[2.75807, 50.83826]","",diaryDate,30 Aug 1917,"{""day""=>[""30""], ""month""=>[""Aug""], ""year""=>[""1917""]}",2800722,Busseboom,"[2.75807, 50.83826]"
31,AWD0001n1k,diary,591,3,1917-08-30 00:00:00 UTC,30 Aug 1917,Busseboom,"[2.75807, 50.83826]","",activity,resting,{},2800722,Busseboom,"[2.75807, 50.83826]"
32,AWD0001n1k,diary,591,3,1917-08-31 00:00:00 UTC,31 Aug 1917,Busseboom,"[2.75807, 50.83826]","",diaryDate,31 Aug 1917,"{""day""=>[""31""], ""month""=>[""Aug""], ""year""=>[""1917""]}",2800722,Busseboom,"[2.75807, 50.83826]"
33,AWD0001n1k,diary,591,3,1917-08-31 00:00:00 UTC,31 Aug 1917,Busseboom,"[2.75807, 50.83826]","",activity,movement,{},2800722,Busseboom,"[2.75807, 50.83826]"
34,AWD0001n1k,diary,591,2,1917-08-31 00:00:00 UTC,31 Aug 1917,Busseboom,"[2.75807, 50.83826]","",domestic,accomodation,{},2800722,Busseboom,"[2.75807, 50.83826]"
35,AWD0001n1k,diary,591,4,1917-08-31 00:00:00 UTC,31 Aug 1917,Steenvoorde,"[2.58244, 50.81046]","",place,Steenvoorde,"{""place""=>[""Steenvoorde""], ""location""=>[""true""], ""name""=>[""Steenvoorde""], ""lat""=>[""50.81046""], ""long""=>[""2.58244""], ""id""=>[""2973823""]}",2973823,Steenvoorde,"[2.58244, 50.81046]"
36,AWD0001n1k,diary,591,2,1917-08-31 20:00:00 UTC,31 Aug 1917,Steenvoorde,"[2.58244, 50.81046]",0800PM,time,0800PM,{},2973823,Steenvoorde,"[2.58244, 50.81046]"
37,AWD0001n1k,diary,591,2,1917-08-31 20:00:00 UTC,31 Aug 1917,Steenvoorde,"[2.58244, 50.81046]",0800PM,casualties,"killed: 2, wounded: 8, sick: 38",{},2973823,Steenvoorde,"[2.58244, 50.81046]"
40,AWD0001n1k,diary,591,3,1917-08-31 20:00:00 UTC,31 Aug 1917,Steenvoorde,"[2.58244, 50.81046]",0800PM,strength,"officer: 44, other: 957",{},2973823,Steenvoorde,"[2.58244, 50.81046]"
2,AWD0001n07,diary,593,5,1917-09-01 00:00:00 UTC,1 Sep 1917,Steenvoorde,"[2.58244, 50.81046]","",diaryDate,1 Sep 1917,"{""day""=>[""1""], ""month""=>[""Sep""], ""year""=>[""1917""]}",2973823,Steenvoorde,"[2.58244, 50.81046]"
3,AWD0001n07,diary,593,3,1917-09-01 00:00:00 UTC,1 Sep 1917,Steenvoorde,"[2.58244, 50.81046]","",activity,training,{},2973823,Steenvoorde,"[2.58244, 50.81046]"
4,AWD0001n07,diary,593,2,1917-09-01 00:00:00 UTC,1 Sep 1917,Steenvoorde,"[2.58244, 50.81046]","",activity,movement,{},2973823,Steenvoorde,"[2.58244, 50.81046]"
5,AWD0001n07,diary,593,5,1917-09-01 00:00:00 UTC,1 Sep 1917,Busseboom,"[2.75807, 50.83826]","",place,Busseboom,"{""place""=>[""Busseboom""], ""location""=>[""true""], ""name""=>[""Busseboom""], ""lat""=>[""50.83826""], ""long""=>[""2.75807""], ""id""=>[""2800722""]}",2800722,Busseboom,"[2.75807, 50.83826]"
8,AWD0001n07,diary,593,4,1917-09-01 00:00:00 UTC,1 Sep 1917,Busseboom,"[2.75807, 50.83826]","",domestic,accomodation,{},2800722,Busseboom,"[2.75807, 50.83826]"
9,AWD0001n07,diary,593,2,1917-09-01 22:00:00 UTC,1 Sep 1917,Busseboom,"[2.75807, 50.83826]",1000PM,time,1000PM,{},2800722,Busseboom,"[2.75807, 50.83826]"
12,AWD0001n07,diary,593,3,1917-09-02 00:00:00 UTC,2 Sep 1917,Busseboom,"[2.75807, 50.83826]","",diaryDate,2 Sep 1917,"{""day""=>[""2""], ""month""=>[""Sep""], ""year""=>[""1917""]}",2800722,Busseboom,"[2.75807, 50.83826]"
17,AWD0001n07,diary,593,2,1917-09-02 00:00:00 UTC,2 Sep 1917,Busseboom,"[2.75807, 50.83826]","",domestic,inspections,{},2800722,Busseboom,"[2.75807, 50.83826]"
19,AWD0001n07,diary,593,3,1917-09-02 00:00:00 UTC,2 Sep 1917,"Stemuond, Stemwoud, Stemuord","[0.0, 0.0]","",place,"Stemuond, Stemwoud, Stemuord","{""place""=>[""Stemuond"", ""Stemwoud"", ""Stemuord""], ""location""=>[""true""], ""name""=>[""""], ""lat""=>[""""], ""long""=>[""""], ""id""=>[""""]}",,,
20,AWD0001n07,diary,593,2,1917-09-03 00:00:00 UTC,3 Sep 1917,"Stemuond, Stemwoud, Stemuord","[0.0, 0.0]","",diaryDate,3 Sep 1917,"{""day""=>[""3""], ""month""=>[""Sep""], ""year""=>[""1917""]}",,,
21,AWD0001n07,diary,593,3,1917-09-03 00:00:00 UTC,3 Sep 1917,Steenvoorde,"[2.58244, 50.81046]","",place,Steenvoorde,"{""place""=>[""Steenvoorde""], ""location""=>[""true""], ""name""=>[""Steenvoorde""], ""lat""=>[""50.81046""], ""long""=>[""2.58244""], ""id""=>[""2973823""]}",2973823,Steenvoorde,"[2.58244, 50.81046]"
22,AWD0001n07,diary,593,2,1917-09-03 00:00:00 UTC,3 Sep 1917,Steenvoorde,"[2.58244, 50.81046]","",diaryDate,3 Sep 1917,"{""day""=>[""3""], ""month""=>[""Sep""], ""year""=>[""1917""]}",2973823,Steenvoorde,"[2.58244, 50.81046]"
23,AWD0001n07,diary,593,3,1917-09-03 00:00:00 UTC,3 Sep 1917,Steenvoorde,"[2.58244, 50.81046]","",domestic,parades,{},2973823,Steenvoorde,"[2.58244, 50.81046]"
24,AWD0001n07,diary,593,3,1917-09-03 00:00:00 UTC,3 Sep 1917,Steenvoorde,"[2.58244, 50.81046]","",activity,training,{},2973823,Steenvoorde,"[2.58244, 50.81046]"
25,AWD0001n07,diary,593,2,1917-09-04 00:00:00 UTC,4 Sep 1917,Steenvoorde,"[2.58244, 50.81046]","",diaryDate,4 Sep 1917,"{""day""=>[""4""], ""month""=>[""Sep""], ""year""=>[""1917""]}",2973823,Steenvoorde,"[2.58244, 50.81046]"
27,AWD0001n07,diary,593,3,1917-09-04 00:00:00 UTC,4 Sep 1917,Steenvoorde,"[2.58244, 50.81046]","",diaryDate,4 Sep 1917,"{""day""=>[""4""], ""month""=>[""Sep""], ""year""=>[""1917""]}",2973823,Steenvoorde,"[2.58244, 50.81046]"
28,AWD0001n07,diary,593,5,1917-09-04 00:00:00 UTC,4 Sep 1917,Steenvoorde,"[2.58244, 50.81046]","",activity,movement,{},2973823,Steenvoorde,"[2.58244, 50.81046]"
29,AWD0001n07,diary,593,4,1917-09-04 00:00:00 UTC,4 Sep 1917,Steenvoorde,"[2.58244, 50.81046]","",domestic,accomodation,{},2973823,Steenvoorde,"[2.58244, 50.81046]"
32,AWD0001n07,diary,593,3,1917-09-04 00:00:00 UTC,4 Sep 1917,Steenvoorde,"[2.58244, 50.81046]","",person,Second Lieutenant G D Gregory,"{""first""=>[""G D""], ""surname""=>[""Gregory""], ""rank""=>[""Second Lieutenant""], ""number""=>[""""], ""reason""=>[""joined""], ""unit""=>[""""]}",2973823,Steenvoorde,"[2.58244, 50.81046]"
33,AWD0001n07,diary,593,4,1917-09-04 00:00:00 UTC,4 Sep 1917,Steenvoorde,"[2.58244, 50.81046]","",person,"Second Lieutenant R W Wans, Wains, EVANS, Evans","{""first""=>[""R W""], ""surname""=>[""Wans"", ""Wains"", ""EVANS"", ""Evans""], ""rank""=>[""Second Lieutenant""], ""number""=>[""""], ""reason""=>[""joined""], ""unit""=>[""""]}",2973823,Steenvoorde,"[2.58244, 50.81046]"
37,AWD0001n07,diary,593,5,1917-09-05 00:00:00 UTC,5 Sep 1917,Steenvoorde,"[2.58244, 50.81046]","",diaryDate,5 Sep 1917,"{""day""=>[""5""], ""month""=>[""Sep""], ""year""=>[""1917""]}",2973823,Steenvoorde,"[2.58244, 50.81046]"
38,AWD0001n07,diary,593,2,1917-09-05 00:00:00 UTC,5 Sep 1917,Steenvoorde,"[2.58244, 50.81046]","",domestic,medical,{},2973823,Steenvoorde,"[2.58244, 50.81046]"
42,AWD0001n07,diary,593,6,1917-09-05 00:00:00 UTC,5 Sep 1917,"Hazerrulck, Hazebrouck","[0.0, 0.0]","",place,"Hazerrulck, Hazebrouck","{""place""=>[""Hazerrulck"", ""Hazebrouck""], ""location""=>[""true""], ""name""=>[""""], ""lat""=>[""""], ""long""=>[""""], ""id""=>[""""]}",3013619,Hazebrouck,"[2.53729, 50.72374]"
43,AWD0001n07,diary,593,5,1917-09-06 00:00:00 UTC,6 Sep 1917,"Hazerrulck, Hazebrouck","[0.0, 0.0]","",diaryDate,6 Sep 1917,"{""day""=>[""6""], ""month""=>[""Sep""], ""year""=>[""1917""]}",3013619,Hazebrouck,"[2.53729, 50.72374]"
44,AWD0001n07,diary,593,3,1917-09-06 00:00:00 UTC,6 Sep 1917,"Hazerrulck, Hazebrouck","[0.0, 0.0]","",person,Second Lieutenant J S Farleigh,"{""first""=>[""J S""], ""surname""=>[""Farleigh""], ""rank""=>[""Second Lieutenant""], ""number""=>[""""], ""reason""=>[""joined""], ""unit""=>[""""]}",3013619,Hazebrouck,"[2.53729, 50.72374]"
46,AWD0001n07,diary,593,2,1917-09-07 00:00:00 UTC,7 Sep 1917,"Hazerrulck, Hazebrouck","[0.0, 0.0]","",diaryDate,7 Sep 1917,"{""day""=>[""7""], ""month""=>[""Sep""], ""year""=>[""1917""]}",3013619,Hazebrouck,"[2.53729, 50.72374]"
47,AWD0001n07,diary,593,10,1917-09-07 00:00:00 UTC,7 Sep 1917,"Hazerrulck, Hazebrouck","[0.0, 0.0]","",activity,training,{},3013619,Hazebrouck,"[2.53729, 50.72374]"
48,AWD0001n07,diary,593,4,1917-09-07 00:00:00 UTC,7 Sep 1917,"Hazerrulck, Hazebrouck","[0.0, 0.0]","",domestic,sport,{},3013619,Hazebrouck,"[2.53729, 50.72374]"
49,AWD0001n07,diary,593,3,1917-09-07 00:00:00 UTC,7 Sep 1917,"Hazerrulck, Hazebrouck","[0.0, 0.0]","",diaryDate,7 Sep 1917,"{""day""=>[""7""], ""month""=>[""Sep""], ""year""=>[""1917""]}",3013619,Hazebrouck,"[2.53729, 50.72374]"
50,AWD0001n07,diary,593,7,1917-09-07 00:00:00 UTC,7 Sep 1917,"Hazerrulck, Hazebrouck","[0.0, 0.0]","",activity,working,{},3013619,Hazebrouck,"[2.53729, 50.72374]"
51,AWD0001n07,diary,593,4,1917-09-07 00:00:00 UTC,7 Sep 1917,"Hazerrulck, Hazebrouck","[2.53729, 50.72374]","",place,"Hazerrulck, Hazebrouck","{""place""=>[""Hazerrulck"", ""Hazebrouck""], ""location""=>[""true""], ""name""=>["""", ""Hazebrouck""], ""lat""=>["""", ""50.72374""], ""long""=>["""", ""2.53729""], ""id""=>["""", ""3013619""]}",3013619,Hazebrouck,"[2.53729, 50.72374]"
52,AWD0001n07,diary,593,4,1917-09-08 00:00:00 UTC,8 Sep 1917,"Hazerrulck, Hazebrouck","[2.53729, 50.72374]","",diaryDate,8 Sep 1917,"{""day""=>[""8""], ""month""=>[""Sep""], ""year""=>[""1917""]}",3013619,Hazebrouck,"[2.53729, 50.72374]"
54,AWD0001n07,diary,593,5,1917-09-08 00:00:00 UTC,8 Sep 1917,"Hazerrulck, Hazebrouck","[2.53729, 50.72374]","",activity,training,{},3013619,Hazebrouck,"[2.53729, 50.72374]"
55,AWD0001n07,diary,593,5,1917-09-09 00:00:00 UTC,9 Sep 1917,"Hazerrulck, Hazebrouck","[2.53729, 50.72374]","",diaryDate,9 Sep 1917,"{""day""=>[""9""], ""month""=>[""Sep""], ""year""=>[""1917""]}",3013619,Hazebrouck,"[2.53729, 50.72374]"
56,AWD0001n07,diary,593,4,1917-09-09 00:00:00 UTC,9 Sep 1917,"Hazerrulck, Hazebrouck","[2.53729, 50.72374]","",domestic,religion,{},3013619,Hazebrouck,"[2.53729, 50.72374]"
57,AWD0001n07,diary,593,4,1917-09-09 00:00:00 UTC,9 Sep 1917,"Hazerrulck, Hazebrouck","[2.53729, 50.72374]","",activity,working,{},3013619,Hazebrouck,"[2.53729, 50.72374]"
58,AWD0001n07,diary,593,3,1917-09-09 00:00:00 UTC,9 Sep 1917,Hazerrulck,"[0.0, 0.0]","",place,Hazerrulck,"{""place""=>[""Hazerrulck""], ""location""=>[""true""], ""name""=>[""""], ""lat""=>[""""], ""long""=>[""""], ""id""=>[""""]}",,,
59,AWD0001n07,diary,593,5,1917-09-10 00:00:00 UTC,10 Sep 1917,Hazerrulck,"[0.0, 0.0]","",diaryDate,10 Sep 1917,"{""day""=>[""10""], ""month""=>[""Sep""], ""year""=>[""1917""]}",,,
60,AWD0001n07,diary,593,10,1917-09-10 00:00:00 UTC,10 Sep 1917,Hazerrulck,"[0.0, 0.0]","",activity,training,{},,,
61,AWD0001n07,diary,593,2,1917-09-11 00:00:00 UTC,11 Sep 1917,Hazerrulck,"[0.0, 0.0]","",diaryDate,11 Sep 1917,"{""day""=>[""11""], ""month""=>[""Sep""], ""year""=>[""1917""]}",,,
62,AWD0001n07,diary,593,3,1917-09-11 00:00:00 UTC,11 Sep 1917,Hazebrouck,"[2.53729, 50.72374]","",place,Hazebrouck,"{""place""=>[""Hazebrouck""], ""location""=>[""true""], ""name""=>[""Hazebrouck""], ""lat""=>[""50.72374""], ""long""=>[""2.53729""], ""id""=>[""3013619""]}",3013619,Hazebrouck,"[2.53729, 50.72374]"
63,AWD0001n07,diary,593,3,1917-09-11 00:00:00 UTC,11 Sep 1917,Hazebrouck,"[2.53729, 50.72374]","",diaryDate,11 Sep 1917,"{""day""=>[""11""], ""month""=>[""Sep""], ""year""=>[""1917""]}",3013619,Hazebrouck,"[2.53729, 50.72374]"
64,AWD0001n07,diary,593,4,1917-09-11 00:00:00 UTC,11 Sep 1917,Hazebrouck,"[2.53729, 50.72374]","",domestic,hygiene,{},3013619,Hazebrouck,"[2.53729, 50.72374]"
65,AWD0001n07,diary,593,5,1917-09-12 00:00:00 UTC,12 Sep 1917,Hazebrouck,"[2.53729, 50.72374]","",diaryDate,12 Sep 1917,"{""day""=>[""12""], ""month""=>[""Sep""], ""year""=>[""1917""]}",3013619,Hazebrouck,"[2.53729, 50.72374]"
66,AWD0001n07,diary,593,4,1917-09-12 00:00:00 UTC,12 Sep 1917,Hazebrouck,"[2.53729, 50.72374]","",activity,training,{},3013619,Hazebrouck,"[2.53729, 50.72374]"
67,AWD0001n07,diary,593,2,1917-09-12 00:00:00 UTC,12 Sep 1917,"Hazerrulck, Hazebrouck","[2.53729, 50.72374]","",place,"Hazerrulck, Hazebrouck","{""place""=>[""Hazerrulck"", ""Hazebrouck""], ""location""=>[""true""], ""name""=>["""", ""Hazebrouck""], ""lat""=>["""", ""50.72374""], ""long""=>["""", ""2.53729""], ""id""=>["""", ""3013619""]}",3013619,Hazebrouck,"[2.53729, 50.72374]"
1,AWD0001my4,diary,594,4,1917-09-13 00:00:00 UTC,13 Sep 1917,"Hazerrulck, Hazebrouck","[2.53729, 50.72374]","",diaryDate,13 Sep 1917,"{""day""=>[""13""], ""month""=>[""Sep""], ""year""=>[""1917""]}",3013619,Hazebrouck,"[2.53729, 50.72374]"
2,AWD0001my4,diary,594,4,1917-09-13 00:00:00 UTC,13 Sep 1917,"Hazerrulck, Hazebrouck","[2.53729, 50.72374]","",activity,movement,{},3013619,Hazebrouck,"[2.53729, 50.72374]"
6,AWD0001my4,diary,594,3,1917-09-13 00:00:00 UTC,13 Sep 1917,"Hazerrulck, Hazebrouck","[2.53729, 50.72374]","",domestic,accomodation,{},3013619,Hazebrouck,"[2.53729, 50.72374]"
9,AWD0001my4,diary,594,2,1917-09-13 00:00:00 UTC,13 Sep 1917,Renescure,"[2.36801, 50.72754]","",place,Renescure,"{""place""=>[""Renescure""], ""location""=>[""true""], ""name""=>[""Renescure""], ""lat""=>[""50.72754""], ""long""=>[""2.36801""], ""id""=>[""2984005""]}",2984005,Renescure,"[2.36801, 50.72754]"
12,AWD0001my4,diary,594,4,1917-09-14 00:00:00 UTC,14 Sep 1917,Renescure,"[2.36801, 50.72754]","",diaryDate,14 Sep 1917,"{""day""=>[""14""], ""month""=>[""Sep""], ""year""=>[""1917""]}",2984005,Renescure,"[2.36801, 50.72754]"
13,AWD0001my4,diary,594,4,1917-09-14 00:00:00 UTC,14 Sep 1917,Renescure,"[2.36801, 50.72754]","",activity,resting,{},2984005,Renescure,"[2.36801, 50.72754]"
17,AWD0001my4,diary,594,4,1917-09-15 00:00:00 UTC,15 Sep 1917,Renescure,"[2.36801, 50.72754]","",diaryDate,15 Sep 1917,"{""day""=>[""15""], ""month""=>[""Sep""], ""year""=>[""1917""]}",2984005,Renescure,"[2.36801, 50.72754]"
19,AWD0001my4,diary,594,4,1917-09-15 00:00:00 UTC,15 Sep 1917,Renescure,"[2.36801, 50.72754]","",activity,movement,{},2984005,Renescure,"[2.36801, 50.72754]"
20,AWD0001my4,diary,594,2,1917-09-15 00:00:00 UTC,15 Sep 1917,Renescure,"[2.36801, 50.72754]","",domestic,accomodation,{},2984005,Renescure,"[2.36801, 50.72754]"
21,AWD0001my4,diary,594,3,1917-09-15 00:00:00 UTC,15 Sep 1917,"Tatinquen, Tatingham, Tatinghem","[0.0, 0.0]","",place,"Tatinquen, Tatingham, Tatinghem","{""place""=>[""Tatinquen"", ""Tatingham"", ""Tatinghem""], ""location""=>[""true""], ""name""=>[""""], ""lat""=>[""""], ""long""=>[""""], ""id""=>[""""]}",,,
22,AWD0001my4,diary,594,2,1917-09-15 14:00:00 UTC,15 Sep 1917,"Tatinquen, Tatingham, Tatinghem","[0.0, 0.0]",0200PM,time,0200PM,{},,,
26,AWD0001my4,diary,594,3,1917-09-16 00:00:00 UTC,16 Sep 1917,"Tatinquen, Tatingham, Tatinghem","[0.0, 0.0]","",diaryDate,16 Sep 1917,"{""day""=>[""16""], ""month""=>[""Sep""], ""year""=>[""1917""]}",,,
27,AWD0001my4,diary,594,2,1917-09-16 00:00:00 UTC,16 Sep 1917,"Tatinquen, Tatingham, Tatinghem","[0.0, 0.0]","",activity,resting,{},,,
29,AWD0001my4,diary,594,4,1917-09-16 00:00:00 UTC,16 Sep 1917,"Tatinquen, Tatingham, Tatinghem","[0.0, 0.0]","",domestic,religion,{},,,
30,AWD0001my4,diary,594,4,1917-09-16 00:00:00 UTC,16 Sep 1917,"Tatinquen, Tatinghem","[2.20724, 50.74317]","",place,"Tatinquen, Tatinghem","{""place""=>[""Tatinquen"", ""Tatinghem""], ""location""=>[""true""], ""name""=>["""", ""Tatinghem""], ""lat""=>["""", ""50.74317""], ""long""=>["""", ""2.20724""], ""id""=>["""", ""2973311""]}",2973311,Tatinghem,"[2.20724, 50.74317]"
31,AWD0001my4,diary,594,3,1917-09-17 00:00:00 UTC,17 Sep 1917,"Tatinquen, Tatinghem","[2.20724, 50.74317]","",diaryDate,17 Sep 1917,"{""day""=>[""17""], ""month""=>[""Sep""], ""year""=>[""1917""]}",2973311,Tatinghem,"[2.20724, 50.74317]"
32,AWD0001my4,diary,594,9,1917-09-17 00:00:00 UTC,17 Sep 1917,"Tatinquen, Tatinghem","[2.20724, 50.74317]","",activity,training,{},2973311,Tatinghem,"[2.20724, 50.74317]"
33,AWD0001my4,diary,594,3,1917-09-18 00:00:00 UTC,18 Sep 1917,"Tatinquen, Tatinghem","[2.20724, 50.74317]","",diaryDate,18 Sep 1917,"{""day""=>[""18""], ""month""=>[""Sep""], ""year""=>[""1917""]}",2973311,Tatinghem,"[2.20724, 50.74317]"
34,AWD0001my4,diary,594,3,1917-09-18 00:00:00 UTC,18 Sep 1917,Tatinquen,"[0.0, 0.0]","",place,Tatinquen,"{""place""=>[""Tatinquen""], ""location""=>[""true""], ""name""=>[""""], ""lat""=>[""""], ""long""=>[""""], ""id""=>[""""]}",2973311,Tatinghem,"[2.20724, 50.74317]"
35,AWD0001my4,diary,594,4,1917-09-19 00:00:00 UTC,19 Sep 1917,Tatinquen,"[0.0, 0.0]","",diaryDate,19 Sep 1917,"{""day""=>[""19""], ""month""=>[""Sep""], ""year""=>[""1917""]}",2973311,Tatinghem,"[2.20724, 50.74317]"
36,AWD0001my4,diary,594,5,1917-09-19 00:00:00 UTC,19 Sep 1917,Tatinquen,"[0.0, 0.0]","",activity,training,{},2973311,Tatinghem,"[2.20724, 50.74317]"
38,AWD0001my4,diary,594,4,1917-09-20 00:00:00 UTC,20 Sep 1917,Tatinquen,"[0.0, 0.0]","",diaryDate,20 Sep 1917,"{""day""=>[""20""], ""month""=>[""Sep""], ""year""=>[""1917""]}",2973311,Tatinghem,"[2.20724, 50.74317]"
39,AWD0001my4,diary,594,3,1917-09-20 00:00:00 UTC,20 Sep 1917,Tatinquen,"[0.0, 0.0]","",domestic,inspections,{},2973311,Tatinghem,"[2.20724, 50.74317]"
40,AWD0001my4,diary,594,4,1917-09-20 00:00:00 UTC,20 Sep 1917,Tatinquen,"[0.0, 0.0]","",activity,training,{},2973311,Tatinghem,"[2.20724, 50.74317]"
41,AWD0001my4,diary,594,2,1917-09-20 00:00:00 UTC,20 Sep 1917,"Tatinquen, Tatinghem","[2.20724, 50.74317]","",place,"Tatinquen, Tatinghem","{""place""=>[""Tatinquen"", ""Tatinghem""], ""location""=>[""true""], ""name""=>["""", ""Tatinghem""], ""lat""=>["""", ""50.74317""], ""long""=>["""", ""2.20724""], ""id""=>["""", ""2973311""]}",2973311,Tatinghem,"[2.20724, 50.74317]"
42,AWD0001my4,diary,594,4,1917-09-20 00:00:00 UTC,20 Sep 1917,"Tatinquen, Tatinghem","[2.20724, 50.74317]","",person,Lieutenant H Roper,"{""first""=>[""H""], ""surname""=>[""Roper""], ""rank""=>[""Lieutenant""], ""number""=>[""""], ""reason""=>[""joined""], ""unit""=>[""""]}",2973311,Tatinghem,"[2.20724, 50.74317]"
44,AWD0001my4,diary,594,2,1917-09-20 00:00:00 UTC,20 Sep 1917,"Tatinquen, Tatinghem","[2.20724, 50.74317]","",activity,training,{},2973311,Tatinghem,"[2.20724, 50.74317]"
45,AWD0001my4,diary,594,3,1917-09-21 00:00:00 UTC,21 Sep 1917,"Tatinquen, Tatinghem","[2.20724, 50.74317]","",diaryDate,21 Sep 1917,"{""day""=>[""21""], ""month""=>[""Sep""], ""year""=>[""1917""]}",2973311,Tatinghem,"[2.20724, 50.74317]"
46,AWD0001my4,diary,594,4,1917-09-21 00:00:00 UTC,21 Sep 1917,"Tatinquen, Tatinghem","[2.20724, 50.74317]","",domestic,hygiene,{},2973311,Tatinghem,"[2.20724, 50.74317]"
47,AWD0001my4,diary,594,4,1917-09-21 00:00:00 UTC,21 Sep 1917,"Tatinquen, Tatinghem","[2.20724, 50.74317]","",place,"Tatinquen, Tatinghem","{""place""=>[""Tatinquen"", ""Tatinghem""], ""location""=>[""true""], ""name""=>["""", ""Tatinghem""], ""lat""=>["""", ""50.74317""], ""long""=>["""", ""2.20724""], ""id""=>["""", ""2973311""]}",2973311,Tatinghem,"[2.20724, 50.74317]"
48,AWD0001my4,diary,594,3,1917-09-22 00:00:00 UTC,22 Sep 1917,"Tatinquen, Tatinghem","[2.20724, 50.74317]","",diaryDate,22 Sep 1917,"{""day""=>[""22""], ""month""=>[""Sep""], ""year""=>[""1917""]}",2973311,Tatinghem,"[2.20724, 50.74317]"
49,AWD0001my4,diary,594,3,1917-09-22 00:00:00 UTC,22 Sep 1917,"Tatinquen, Tatinghem","[2.20724, 50.74317]","",activity,training,{},2973311,Tatinghem,"[2.20724, 50.74317]"
50,AWD0001my4,diary,594,4,1917-09-23 00:00:00 UTC,23 Sep 1917,"Tatinquen, Tatinghem","[2.20724, 50.74317]","",diaryDate,23 Sep 1917,"{""day""=>[""23""], ""month""=>[""Sep""], ""year""=>[""1917""]}",2973311,Tatinghem,"[2.20724, 50.74317]"
51,AWD0001my4,diary,594,2,1917-09-23 00:00:00 UTC,23 Sep 1917,"Tatinquen, Tatinghem","[2.20724, 50.74317]","",place,"Tatinquen, Tatinghem","{""place""=>[""Tatinquen"", ""Tatinghem""], ""location""=>[""true""], ""name""=>["""", ""Tatinghem""], ""lat""=>["""", ""50.74317""], ""long""=>["""", ""2.20724""], ""id""=>["""", ""2973311""]}",2973311,Tatinghem,"[2.20724, 50.74317]"
52,AWD0001my4,diary,594,4,1917-09-23 00:00:00 UTC,23 Sep 1917,"Tatinquen, Tatinghem","[2.20724, 50.74317]","",domestic,religion,{},2973311,Tatinghem,"[2.20724, 50.74317]"
1,AWD0001n0o,diary,595,5,1917-09-24 00:00:00 UTC,24 Sep 1917,"Tatinquen, Tatinghem","[2.20724, 50.74317]","",diaryDate,24 Sep 1917,"{""day""=>[""24""], ""month""=>[""Sep""], ""year""=>[""1917""]}",2973311,Tatinghem,"[2.20724, 50.74317]"
2,AWD0001n0o,diary,595,5,1917-09-24 00:00:00 UTC,24 Sep 1917,"Tatinquen, Tatinghem","[2.20724, 50.74317]","",activity,training,{},2973311,Tatinghem,"[2.20724, 50.74317]"
3,AWD0001n0o,diary,595,5,1917-09-24 00:00:00 UTC,24 Sep 1917,Tatinghem,"[2.20724, 50.74317]","",place,Tatinghem,"{""place""=>[""Tatinghem""], ""location""=>[""true""], ""name""=>[""Tatinghem""], ""lat""=>[""50.74317""], ""long""=>[""2.20724""], ""id""=>[""2973311""]}",2973311,Tatinghem,"[2.20724, 50.74317]"
7,AWD0001n0o,diary,595,2,1917-09-24 09:00:00 UTC,24 Sep 1917,Tatinghem,"[2.20724, 50.74317]",0900AM,time,0900AM,{},2973311,Tatinghem,"[2.20724, 50.74317]"
9,AWD0001n0o,diary,595,5,1917-09-25 00:00:00 UTC,25 Sep 1917,Tatinghem,"[2.20724, 50.74317]","",diaryDate,25 Sep 1917,"{""day""=>[""25""], ""month""=>[""Sep""], ""year""=>[""1917""]}",2973311,Tatinghem,"[2.20724, 50.74317]"
10,AWD0001n0o,diary,595,4,1917-09-25 00:00:00 UTC,25 Sep 1917,Tatinghem,"[2.20724, 50.74317]","",activity,training,{},2973311,Tatinghem,"[2.20724, 50.74317]"
11,AWD0001n0o,diary,595,2,1917-09-25 00:00:00 UTC,25 Sep 1917,Tatinghem,"[2.20724, 50.74317]","",place,Tatinghem,"{""place""=>[""Tatinghem""], ""location""=>[""true"", ""false""], ""name""=>[""Tatinghem""], ""lat""=>[""50.74317""], ""long""=>[""2.20724""], ""id""=>[""2973311""]}",2973311,Tatinghem,"[2.20724, 50.74317]"
12,AWD0001n0o,diary,595,5,1917-09-25 00:00:00 UTC,25 Sep 1917,Tatinghem,"[2.20724, 50.74317]","",person,Second Lieutenant G A Drew,"{""first""=>[""G A""], ""surname""=>[""Drew""], ""rank""=>[""Second Lieutenant""], ""number""=>[""""], ""reason""=>[""joined""], ""unit""=>[""""]}",2973311,Tatinghem,"[2.20724, 50.74317]"
17,AWD0001n0o,diary,595,5,1917-09-26 00:00:00 UTC,26 Sep 1917,Tatinghem,"[2.20724, 50.74317]","",diaryDate,26 Sep 1917,"{""day""=>[""26""], ""month""=>[""Sep""], ""year""=>[""1917""]}",2973311,Tatinghem,"[2.20724, 50.74317]"
18,AWD0001n0o,diary,595,2,1917-09-26 00:00:00 UTC,26 Sep 1917,Tatinghem,"[2.20724, 50.74317]","",place,Tatinghem,"{""place""=>[""Tatinghem""], ""location""=>[""true""], ""name""=>[""Tatinghem""], ""lat""=>[""50.74317""], ""long""=>[""2.20724""], ""id""=>[""2973311""]}",2973311,Tatinghem,"[2.20724, 50.74317]"
19,AWD0001n0o,diary,595,5,1917-09-26 00:00:00 UTC,26 Sep 1917,Tatinghem,"[2.20724, 50.74317]","",activity,training,{},2973311,Tatinghem,"[2.20724, 50.74317]"
20,AWD0001n0o,diary,595,4,1917-09-27 00:00:00 UTC,27 Sep 1917,Tatinghem,"[2.20724, 50.74317]","",diaryDate,27 Sep 1917,"{""day""=>[""27""], ""month""=>[""Sep""], ""year""=>[""1917""]}",2973311,Tatinghem,"[2.20724, 50.74317]"
21,AWD0001n0o,diary,595,4,1917-09-27 00:00:00 UTC,27 Sep 1917,Tatinghem,"[2.20724, 50.74317]","",activity,training,{},2973311,Tatinghem,"[2.20724, 50.74317]"
22,AWD0001n0o,diary,595,5,1917-09-27 00:00:00 UTC,27 Sep 1917,Bayenghem,"[2.20724, 50.74317]","",place,Bayenghem,"{""place""=>[""Bayenghem""], ""location""=>[""true""], ""name""=>[""Tatinghem""], ""lat""=>[""50.74317""], ""long""=>[""2.20724""], ""id""=>[""2973311""]}",3034486,Bayenghem-lès-Seninghem,"[2.07682, 50.70031]"
23,AWD0001n0o,diary,595,5,1917-09-28 00:00:00 UTC,28 Sep 1917,Bayenghem,"[2.20724, 50.74317]","",diaryDate,28 Sep 1917,"{""day""=>[""28""], ""month""=>[""Sep""], ""year""=>[""1917""]}",3034486,Bayenghem-lès-Seninghem,"[2.07682, 50.70031]"
24,AWD0001n0o,diary,595,3,1917-09-28 00:00:00 UTC,28 Sep 1917,"BAYENGHEM, Bayenghem, Bayenquem","[0.0, 0.0]","",place,"BAYENGHEM, Bayenghem, Bayenquem","{""place""=>[""BAYENGHEM"", ""Bayenghem"", ""Bayenquem""], ""location""=>[""true""], ""name""=>[""""], ""lat""=>[""""], ""long""=>[""""], ""id""=>[""""]}",3034486,Bayenghem-lès-Seninghem,"[2.07682, 50.70031]"
25,AWD0001n0o,diary,595,5,1917-09-28 00:00:00 UTC,28 Sep 1917,"BAYENGHEM, Bayenghem, Bayenquem","[0.0, 0.0]","",activity,movement,{},3034486,Bayenghem-lès-Seninghem,"[2.07682, 50.70031]"
26,AWD0001n0o,diary,595,2,1917-09-28 00:00:00 UTC,28 Sep 1917,"BAYENGHEM, Bayenghem, Bayenquem","[0.0, 0.0]","",domestic,accomodation,{},3034486,Bayenghem-lès-Seninghem,"[2.07682, 50.70031]"
27,AWD0001n0o,diary,595,2,1917-09-28 14:00:00 UTC,28 Sep 1917,"BAYENGHEM, Bayenghem, Bayenquem","[0.0, 0.0]",0200PM,time,0200PM,{},3034486,Bayenghem-lès-Seninghem,"[2.07682, 50.70031]"
28,AWD0001n0o,diary,595,2,1917-09-29 00:00:00 UTC,29 Sep 1917,"BAYENGHEM, Bayenghem, Bayenquem","[0.0, 0.0]","",diaryDate,29 Sep 1917,"{""day""=>[""29""], ""month""=>[""Sep""], ""year""=>[""1917""]}",3034486,Bayenghem-lès-Seninghem,"[2.07682, 50.70031]"
29,AWD0001n0o,diary,595,2,1917-09-29 18:00:00 UTC,29 Sep 1917,"BAYENGHEM, Bayenghem, Bayenquem","[0.0, 0.0]",0600PM,time,0600PM,{},3034486,Bayenghem-lès-Seninghem,"[2.07682, 50.70031]"
30,AWD0001n0o,diary,595,3,1917-09-29 00:00:00 UTC,29 Sep 1917,"BAYENGHEM, Bayenghem, Bayenquem","[0.0, 0.0]","",diaryDate,29 Sep 1917,"{""day""=>[""29""], ""month""=>[""Sep""], ""year""=>[""1917""]}",3034486,Bayenghem-lès-Seninghem,"[2.07682, 50.70031]"
32,AWD0001n0o,diary,595,2,1917-09-29 00:00:00 UTC,29 Sep 1917,Bayenghem,"[0.0, 0.0]","",place,Bayenghem,"{""place""=>[""Bayenghem""], ""location""=>[""true""], ""name""=>[""""], ""lat""=>[""""], ""long""=>[""""], ""id""=>[""""]}",3034486,Bayenghem-lès-Seninghem,"[2.07682, 50.70031]"
33,AWD0001n0o,diary,595,5,1917-09-29 00:00:00 UTC,29 Sep 1917,Bayenghem,"[0.0, 0.0]","",activity,movement,{},3034486,Bayenghem-lès-Seninghem,"[2.07682, 50.70031]"
34,AWD0001n0o,diary,595,3,1917-09-29 00:00:00 UTC,29 Sep 1917,Bayenghem,"[0.0, 0.0]","",place,Abule,"{""place""=>[""Abule""], ""location""=>[""false""], ""name""=>[""""], ""lat""=>[""""], ""long""=>[""""], ""id""=>[""""]}",3034486,Bayenghem-lès-Seninghem,"[2.07682, 50.70031]"
35,AWD0001n0o,diary,595,2,1917-09-29 23:00:00 UTC,29 Sep 1917,Bayenghem,"[0.0, 0.0]",1100PM,time,1100PM,{},3034486,Bayenghem-lès-Seninghem,"[2.07682, 50.70031]"
40,AWD0001n0o,diary,595,3,1917-09-29 23:00:00 UTC,29 Sep 1917,Bayenghem,"[0.0, 0.0]",1100PM,activity,movement,{},3034486,Bayenghem-lès-Seninghem,"[2.07682, 50.70031]"
41,AWD0001n0o,diary,595,2,1917-09-29 22:00:00 UTC,29 Sep 1917,Bayenghem,"[0.0, 0.0]",1000PM,time,1000PM,{},3034486,Bayenghem-lès-Seninghem,"[2.07682, 50.70031]"
42,AWD0001n0o,diary,595,4,1917-09-29 22:00:00 UTC,29 Sep 1917,Bayenghem,"[0.0, 0.0]",1000PM,domestic,accomodation,{},3034486,Bayenghem-lès-Seninghem,"[2.07682, 50.70031]"
44,AWD0001n0o,diary,595,2,1917-09-29 17:00:00 UTC,29 Sep 1917,Bayenghem,"[0.0, 0.0]",0500PM,time,0500PM,{},3034486,Bayenghem-lès-Seninghem,"[2.07682, 50.70031]"
45,AWD0001n0o,diary,595,5,1917-09-30 00:00:00 UTC,30 Sep 1917,Bayenghem,"[0.0, 0.0]","",diaryDate,30 Sep 1917,"{""day""=>[""30""], ""month""=>[""Sep""], ""year""=>[""1917""]}",3034486,Bayenghem-lès-Seninghem,"[2.07682, 50.70031]"
48,AWD0001n0o,diary,595,4,1917-09-30 00:00:00 UTC,30 Sep 1917,Bayenghem,"[0.0, 0.0]","",activity,resting,{},3034486,Bayenghem-lès-Seninghem,"[2.07682, 50.70031]"
51,AWD0001n0o,diary,595,2,1917-09-30 00:00:00 UTC,30 Sep 1917,Bayenghem,"[0.0, 0.0]","",person,"Captain A C Cameron, CAMERON","{""first""=>[""A C""], ""surname""=>[""Cameron"", ""CAMERON""], ""rank""=>[""Captain""], ""number""=>[""""], ""reason""=>[""author""], ""unit""=>[""Act.Adj. 8 Battalion Devonshire Regiment"", """"]}",3034486,Bayenghem-lès-Seninghem,"[2.07682, 50.70031]"
52,AWD0001n0o,diary,595,2,1917-09-30 00:00:00 UTC,30 Sep 1917,Bayenghem,"[0.0, 0.0]","",strength,"officer: 48, other: 1024",{},3034486,Bayenghem-lès-Seninghem,"[2.07682, 50.70031]"
53,AWD0001n0o,diary,595,2,1917-09-30 00:00:00 UTC,30 Sep 1917,Bayenghem,"[0.0, 0.0]","",strength,"officer: 48, other: 1029",{},3034486,Bayenghem-lès-Seninghem,"[2.07682, 50.70031]"
54,AWD0001n0o,diary,595,4,1917-09-30 00:00:00 UTC,30 Sep 1917,Bayenghem,"[0.0, 0.0]","",casualties,sick: 48,{},3034486,Bayenghem-lès-Seninghem,"[2.07682, 50.70031]"
1,AWD0001n33,diary,598,5,1917-10-01 00:00:00 UTC,1 Oct 1917,Bayenghem,"[0.0, 0.0]","",diaryDate,1 Oct 1917,"{""day""=>[""1""], ""month""=>[""Oct""], ""year""=>[""1917""]}",3034486,Bayenghem-lès-Seninghem,"[2.07682, 50.70031]"
2,AWD0001n33,diary,598,4,1917-10-01 00:00:00 UTC,1 Oct 1917,Bayenghem,"[0.0, 0.0]","",activity,movement,{},3034486,Bayenghem-lès-Seninghem,"[2.07682, 50.70031]"
3,AWD0001n33,diary,598,5,1917-10-01 00:00:00 UTC,1 Oct 1917,Reninghelst,"[2.77066, 50.81514]","",place,Reninghelst,"{""place""=>[""Reninghelst""], ""location""=>[""true""], ""name""=>[""Reningelst""], ""lat""=>[""50.81514""], ""long""=>[""2.77066""], ""id""=>[""2788176""]}",2788176,Reningelst,"[2.77066, 50.81514]"
4,AWD0001n33,diary,598,2,1917-10-01 00:00:00 UTC,1 Oct 1917,Reninghelst,"[2.77066, 50.81514]","",domestic,accomodation,{},2788176,Reningelst,"[2.77066, 50.81514]"
5,AWD0001n33,diary,598,3,1917-10-01 00:00:00 UTC,1 Oct 1917,Chateau Sigard,"[0.0, 0.0]","",place,Chateau Sigard,"{""place""=>[""Chateau Sigard""], ""location""=>[""true""], ""name""=>[""""], ""lat""=>[""""], ""long""=>[""""], ""id""=>[""""]}",,,
6,AWD0001n33,diary,598,3,1917-10-01 19:00:00 UTC,1 Oct 1917,Chateau Sigard,"[0.0, 0.0]",0700PM,time,0700PM,{},,,
7,AWD0001n33,diary,598,3,1917-10-02 00:00:00 UTC,2 Oct 1917,Chateau Sigard,"[0.0, 0.0]","",diaryDate,2 Oct 1917,"{""day""=>[""2""], ""month""=>[""Oct""], ""year""=>[""1917""]}",,,
11,AWD0001n33,diary,598,2,1917-10-02 00:00:00 UTC,2 Oct 1917,Polygon Wood,"[0.0, 0.0]","",place,Polygon Wood,"{""place""=>[""Polygon Wood""], ""location""=>[""true""], ""name""=>[""""], ""lat""=>[""""], ""long""=>[""""], ""id""=>[""""]}",0,",Dikkebus","[0.0, 0.0]"
12,AWD0001n33,diary,598,2,1917-10-07 00:00:00 UTC,7 Oct 1917,Polygon Wood,"[0.0, 0.0]","",diaryDate,7 Oct 1917,"{""day""=>[""7""], ""month""=>[""Oct""], ""year""=>[""1917""]}",0,",Dikkebus","[0.0, 0.0]"
13,AWD0001n33,diary,598,5,1917-10-08 00:00:00 UTC,8 Oct 1917,Polygon Wood,"[0.0, 0.0]","",diaryDate,8 Oct 1917,"{""day""=>[""8""], ""month""=>[""Oct""], ""year""=>[""1917""]}",0,",Dikkebus","[0.0, 0.0]"
14,AWD0001n33,diary,598,4,1917-10-08 00:00:00 UTC,8 Oct 1917,Polygon Wood,"[0.0, 0.0]","",activity,movement,{},0,",Dikkebus","[0.0, 0.0]"
15,AWD0001n33,diary,598,2,1917-10-08 00:00:00 UTC,8 Oct 1917,Polygon Wood,"[0.0, 0.0]","",domestic,accomodation,{},0,",Dikkebus","[0.0, 0.0]"
16,AWD0001n33,diary,598,5,1917-10-08 00:00:00 UTC,8 Oct 1917,Polygon Wood,"[0.0, 0.0]","",weather,rain,{},0,",Dikkebus","[0.0, 0.0]"
17,AWD0001n33,diary,598,4,1917-10-08 00:00:00 UTC,8 Oct 1917,"Zillebeke, Zillereke, Zillebeke , Zilebeeke","[2.92249, 50.83464]","",place,"Zillebeke, Zillereke, Zillebeke , Zilebeeke","{""place""=>[""Zillebeke"", ""Zillereke"", ""Zillebeke "", ""Zilebeeke""], ""location""=>[""true""], ""name""=>[""Zillebeke""], ""lat""=>[""50.83464""], ""long""=>[""2.92249""], ""id""=>[""2783222""]}",2783222,Zillebeke,"[2.92249, 50.83464]"
18,AWD0001n33,diary,598,3,1917-10-08 18:00:00 UTC,8 Oct 1917,"Zillebeke, Zillereke, Zillebeke , Zilebeeke","[2.92249, 50.83464]",0600PM,time,0600PM,{},2783222,Zillebeke,"[2.92249, 50.83464]"
19,AWD0001n33,diary,598,2,1917-10-08 18:00:00 UTC,8 Oct 1917,"Zilebeeke Lake, Zillebeke Lake","[2.92249, 50.83464]",0600PM,place,"Zilebeeke Lake, Zillebeke Lake","{""place""=>[""Zilebeeke Lake"", ""Zillebeke Lake""], ""location""=>[""true""], ""name""=>["""", ""Zillebeke""], ""lat""=>["""", ""50.83464""], ""long""=>["""", ""2.92249""], ""id""=>["""", ""2783222""]}",2783222,Zillebeke,"[2.92249, 50.83464]"
21,AWD0001n33,diary,598,5,1917-10-09 00:00:00 UTC,9 Oct 1917,"Zilebeeke Lake, Zillebeke Lake","[2.92249, 50.83464]","",diaryDate,9 Oct 1917,"{""day""=>[""9""], ""month""=>[""Oct""], ""year""=>[""1917""]}",2783222,Zillebeke,"[2.92249, 50.83464]"
22,AWD0001n33,diary,598,4,1917-10-09 00:00:00 UTC,9 Oct 1917,"Zilebeeke Lake, Zillebeke Lake","[2.92249, 50.83464]","",activity,movement,{},2783222,Zillebeke,"[2.92249, 50.83464]"
23,AWD0001n33,diary,598,2,1917-10-09 00:00:00 UTC,9 Oct 1917,"Zilebeeke Lake, Zillebeke Lake","[2.92249, 50.83464]","",domestic,accomodation,{},2783222,Zillebeke,"[2.92249, 50.83464]"
24,AWD0001n33,diary,598,5,1917-10-09 00:00:00 UTC,9 Oct 1917,Chateau Sigard,"[0.0, 0.0]","",place,Chateau Sigard,"{""place""=>[""Chateau Sigard""], ""location""=>[""true""], ""name""=>[""""], ""lat""=>[""""], ""long""=>[""""], ""id""=>[""""]}",,,
25,AWD0001n33,diary,598,3,1917-10-09 00:00:00 UTC,9 Oct 1917,Chateau Sigard,"[0.0, 0.0]","",weather,cold,{},,,
26,AWD0001n33,diary,598,4,1917-10-09 00:00:00 UTC,9 Oct 1917,Chateau Sigard,"[0.0, 0.0]","",weather,rain,{},,,
27,AWD0001n33,diary,598,3,1917-10-09 19:00:00 UTC,9 Oct 1917,Chateau Sigard,"[0.0, 0.0]",0700PM,time,0700PM,{},,,
29,AWD0001n33,diary,598,5,1917-10-10 00:00:00 UTC,10 Oct 1917,Chateau Sigard,"[0.0, 0.0]","",diaryDate,10 Oct 1917,"{""day""=>[""10""], ""month""=>[""Oct""], ""year""=>[""1917""]}",,,
30,AWD0001n33,diary,598,4,1917-10-10 00:00:00 UTC,10 Oct 1917,Westoutre,"[2.74647, 50.79722]","",place,Westoutre,"{""place""=>[""Westoutre""], ""location""=>[""true""], ""name""=>[""Westouter""], ""lat""=>[""50.79722""], ""long""=>[""2.74647""], ""id""=>[""2783781""]}",2783781,Westouter,"[2.74647, 50.79722]"
31,AWD0001n33,diary,598,4,1917-10-10 00:00:00 UTC,10 Oct 1917,Westoutre,"[2.74647, 50.79722]","",activity,movement,{},2783781,Westouter,"[2.74647, 50.79722]"
32,AWD0001n33,diary,598,3,1917-10-10 00:00:00 UTC,10 Oct 1917,Westoutre,"[2.74647, 50.79722]","",place,Westoutre,"{""place""=>[""Westoutre""], ""location""=>[""true""], ""name""=>[""Westouter""], ""lat""=>[""50.79722""], ""long""=>[""2.74647""], ""id""=>[""2783781""]}",2783781,Westouter,"[2.74647, 50.79722]"
33,AWD0001n33,diary,598,3,1917-10-10 00:00:00 UTC,10 Oct 1917,Westoutre,"[2.74647, 50.79722]","",weather,rain,{},2783781,Westouter,"[2.74647, 50.79722]"
34,AWD0001n33,diary,598,2,1917-10-10 00:00:00 UTC,10 Oct 1917,Westoutre,"[2.74647, 50.79722]","",domestic,accomodation,{},2783781,Westouter,"[2.74647, 50.79722]"
35,AWD0001n33,diary,598,3,1917-10-10 14:00:00 UTC,10 Oct 1917,Westoutre,"[2.74647, 50.79722]",0200PM,time,0200PM,{},2783781,Westouter,"[2.74647, 50.79722]"
36,AWD0001n33,diary,598,4,1917-10-11 00:00:00 UTC,11 Oct 1917,Westoutre,"[2.74647, 50.79722]","",diaryDate,11 Oct 1917,"{""day""=>[""11""], ""month""=>[""Oct""], ""year""=>[""1917""]}",2783781,Westouter,"[2.74647, 50.79722]"
40,AWD0001n33,diary,598,4,1917-10-11 00:00:00 UTC,11 Oct 1917,Westoutre,"[2.74647, 50.79722]","",weather,rain,{},2783781,Westouter,"[2.74647, 50.79722]"
41,AWD0001n33,diary,598,3,1917-10-11 00:00:00 UTC,11 Oct 1917,Westoutre,"[2.74647, 50.79722]","",weather,cold,{},2783781,Westouter,"[2.74647, 50.79722]"
43,AWD0001n33,diary,598,3,1917-10-11 00:00:00 UTC,11 Oct 1917,Westoutre,"[2.74647, 50.79722]","",place,Westoutre,"{""place""=>[""Westoutre""], ""location""=>[""true""], ""name""=>[""Westouter""], ""lat""=>[""50.79722""], ""long""=>[""2.74647""], ""id""=>[""2783781""]}",2783781,Westouter,"[2.74647, 50.79722]"
44,AWD0001n33,diary,598,5,1917-10-12 00:00:00 UTC,12 Oct 1917,Westoutre,"[2.74647, 50.79722]","",diaryDate,12 Oct 1917,"{""day""=>[""12""], ""month""=>[""Oct""], ""year""=>[""1917""]}",2783781,Westouter,"[2.74647, 50.79722]"
45,AWD0001n33,diary,598,4,1917-10-12 00:00:00 UTC,12 Oct 1917,Westoutre,"[2.74647, 50.79722]","",activity,training,{},2783781,Westouter,"[2.74647, 50.79722]"
46,AWD0001n33,diary,598,3,1917-10-12 00:00:00 UTC,12 Oct 1917,Westoutre,"[2.74647, 50.79722]","",domestic,inspections,{},2783781,Westouter,"[2.74647, 50.79722]"
49,AWD0001n33,diary,598,3,1917-10-12 00:00:00 UTC,12 Oct 1917,Westoutre,"[2.74647, 50.79722]","",place,Westoutre,"{""place""=>[""Westoutre""], ""location""=>[""true""], ""name""=>[""Westouter""], ""lat""=>[""50.79722""], ""long""=>[""2.74647""], ""id""=>[""2783781""]}",2783781,Westouter,"[2.74647, 50.79722]"
50,AWD0001n33,diary,598,7,1917-10-12 00:00:00 UTC,12 Oct 1917,Westoutre,"[2.74647, 50.79722]","",weather,rain,{},2783781,Westouter,"[2.74647, 50.79722]"
51,AWD0001n33,diary,598,4,1917-10-13 00:00:00 UTC,13 Oct 1917,Westoutre,"[2.74647, 50.79722]","",diaryDate,13 Oct 1917,"{""day""=>[""13""], ""month""=>[""Oct""], ""year""=>[""1917""]}",2783781,Westouter,"[2.74647, 50.79722]"
52,AWD0001n33,diary,598,3,1917-10-13 00:00:00 UTC,13 Oct 1917,Westoutre,"[2.74647, 50.79722]","",activity,training,{},2783781,Westouter,"[2.74647, 50.79722]"
53,AWD0001n33,diary,598,5,1917-10-14 00:00:00 UTC,14 Oct 1917,Westoutre,"[2.74647, 50.79722]","",diaryDate,14 Oct 1917,"{""day""=>[""14""], ""month""=>[""Oct""], ""year""=>[""1917""]}",2783781,Westouter,"[2.74647, 50.79722]"
54,AWD0001n33,diary,598,4,1917-10-14 00:00:00 UTC,14 Oct 1917,Westoutre,"[2.74647, 50.79722]","",domestic,religion,{},2783781,Westouter,"[2.74647, 50.79722]"
55,AWD0001n33,diary,598,4,1917-10-14 00:00:00 UTC,14 Oct 1917,Westoutre,"[2.74647, 50.79722]","",domestic,hygiene,{},2783781,Westouter,"[2.74647, 50.79722]"
56,AWD0001n33,diary,598,2,1917-10-14 00:00:00 UTC,14 Oct 1917,Westoutre,"[2.74647, 50.79722]","",place,Westoutre,"{""place""=>[""Westoutre""], ""location""=>[""true""], ""name""=>[""Westouter""], ""lat""=>[""50.79722""], ""long""=>[""2.74647""], ""id""=>[""2783781""]}",2783781,Westouter,"[2.74647, 50.79722]"
57,AWD0001n33,diary,598,2,1917-10-14 00:00:00 UTC,14 Oct 1917,Westoutre,"[2.74647, 50.79722]","",activity,movement,{},2783781,Westouter,"[2.74647, 50.79722]"
58,AWD0001n33,diary,598,5,1917-10-15 00:00:00 UTC,15 Oct 1917,Westoutre,"[2.74647, 50.79722]","",diaryDate,15 Oct 1917,"{""day""=>[""15""], ""month""=>[""Oct""], ""year""=>[""1917""]}",2783781,Westouter,"[2.74647, 50.79722]"
59,AWD0001n33,diary,598,3,1917-10-15 00:00:00 UTC,15 Oct 1917,Westoutre,"[2.74647, 50.79722]","",activity,training,{},2783781,Westouter,"[2.74647, 50.79722]"
60,AWD0001n33,diary,598,2,1917-10-15 00:00:00 UTC,15 Oct 1917,Westoutre,"[2.74647, 50.79722]","",weather,rain,{},2783781,Westouter,"[2.74647, 50.79722]"
61,AWD0001n33,diary,598,2,1917-10-15 00:00:00 UTC,15 Oct 1917,Westoutre,"[2.74647, 50.79722]","",place,Westoutre,"{""place""=>[""Westoutre""], ""location""=>[""true""], ""name""=>[""Westouter""], ""lat""=>[""50.79722""], ""long""=>[""2.74647""], ""id""=>[""2783781""]}",2783781,Westouter,"[2.74647, 50.79722]"
1,AWD0001mwf,diary,599,5,1917-10-16 00:00:00 UTC,16 Oct 1917,Westoutre,"[2.74647, 50.79722]","",diaryDate,16 Oct 1917,"{""day""=>[""16""], ""month""=>[""Oct""], ""year""=>[""1917""]}",2783781,Westouter,"[2.74647, 50.79722]"
2,AWD0001mwf,diary,599,5,1917-10-16 00:00:00 UTC,16 Oct 1917,Westoutre,"[2.74647, 50.79722]","",place,Westoutre,"{""place""=>[""Westoutre""], ""location""=>[""true""], ""name""=>[""Westouter""], ""lat""=>[""50.79722""], ""long""=>[""2.74647""], ""id""=>[""2783781""]}",2783781,Westouter,"[2.74647, 50.79722]"
3,AWD0001mwf,diary,599,5,1917-10-16 00:00:00 UTC,16 Oct 1917,Westoutre,"[2.74647, 50.79722]","",activity,training,{},2783781,Westouter,"[2.74647, 50.79722]"
4,AWD0001mwf,diary,599,7,1917-10-16 00:00:00 UTC,16 Oct 1917,Westoutre,"[2.74647, 50.79722]","",weather,rain,{},2783781,Westouter,"[2.74647, 50.79722]"
5,AWD0001mwf,diary,599,4,1917-10-17 00:00:00 UTC,17 Oct 1917,Westoutre,"[2.74647, 50.79722]","",diaryDate,17 Oct 1917,"{""day""=>[""17""], ""month""=>[""Oct""], ""year""=>[""1917""]}",2783781,Westouter,"[2.74647, 50.79722]"
6,AWD0001mwf,diary,599,2,1917-10-17 00:00:00 UTC,17 Oct 1917,Westoutre,"[2.74647, 50.79722]","",activity,movement,{},2783781,Westouter,"[2.74647, 50.79722]"
8,AWD0001mwf,diary,599,5,1917-10-18 00:00:00 UTC,18 Oct 1917,Westoutre,"[2.74647, 50.79722]","",diaryDate,18 Oct 1917,"{""day""=>[""18""], ""month""=>[""Oct""], ""year""=>[""1917""]}",2783781,Westouter,"[2.74647, 50.79722]"
9,AWD0001mwf,diary,599,2,1917-10-18 00:00:00 UTC,18 Oct 1917,Westoutre,"[2.74647, 50.79722]","",place,Westoutre,"{""place""=>[""Westoutre""], ""location""=>[""true""], ""name""=>[""Westouter""], ""lat""=>[""50.79722""], ""long""=>[""2.74647""], ""id""=>[""2783781""]}",2783781,Westouter,"[2.74647, 50.79722]"
10,AWD0001mwf,diary,599,4,1917-10-18 00:00:00 UTC,18 Oct 1917,Westoutre,"[2.74647, 50.79722]","",domestic,hygiene,{},2783781,Westouter,"[2.74647, 50.79722]"
12,AWD0001mwf,diary,599,3,1917-10-18 00:00:00 UTC,18 Oct 1917,Westoutre,"[2.74647, 50.79722]","",activity,training,{},2783781,Westouter,"[2.74647, 50.79722]"
14,AWD0001mwf,diary,599,2,1917-10-18 00:00:00 UTC,18 Oct 1917,Westoutre,"[2.74647, 50.79722]","",activity,training,{},2783781,Westouter,"[2.74647, 50.79722]"
15,AWD0001mwf,diary,599,2,1917-10-18 17:00:00 UTC,18 Oct 1917,Westoutre,"[2.74647, 50.79722]",0500PM,time,0500PM,{},2783781,Westouter,"[2.74647, 50.79722]"
18,AWD0001mwf,diary,599,2,1917-10-18 17:00:00 UTC,18 Oct 1917,Westoutre,"[2.74647, 50.79722]",0500PM,activity,reconnoitered,{},2783781,Westouter,"[2.74647, 50.79722]"
19,AWD0001mwf,diary,599,5,1917-10-19 00:00:00 UTC,19 Oct 1917,Westoutre,"[2.74647, 50.79722]","",diaryDate,19 Oct 1917,"{""day""=>[""19""], ""month""=>[""Oct""], ""year""=>[""1917""]}",2783781,Westouter,"[2.74647, 50.79722]"
20,AWD0001mwf,diary,599,4,1917-10-19 00:00:00 UTC,19 Oct 1917,Westoutre,"[2.74647, 50.79722]","",activity,movement,{},2783781,Westouter,"[2.74647, 50.79722]"
21,AWD0001mwf,diary,599,2,1917-10-19 00:00:00 UTC,19 Oct 1917,Westoutre,"[2.74647, 50.79722]","",place,Westoutre,"{""place""=>[""Westoutre""], ""location""=>[""true""], ""name""=>[""Westouter""], ""lat""=>[""50.79722""], ""long""=>[""2.74647""], ""id""=>[""2783781""]}",2783781,Westouter,"[2.74647, 50.79722]"
24,AWD0001mwf,diary,599,2,1917-10-19 00:00:00 UTC,19 Oct 1917,Westoutre,"[2.74647, 50.79722]","",activity,training,{},2783781,Westouter,"[2.74647, 50.79722]"
25,AWD0001mwf,diary,599,5,1917-10-20 00:00:00 UTC,20 Oct 1917,Westoutre,"[2.74647, 50.79722]","",diaryDate,20 Oct 1917,"{""day""=>[""20""], ""month""=>[""Oct""], ""year""=>[""1917""]}",2783781,Westouter,"[2.74647, 50.79722]"
26,AWD0001mwf,diary,599,2,1917-10-20 00:00:00 UTC,20 Oct 1917,Westoutre,"[2.74647, 50.79722]","",place,Westoutre,"{""place""=>[""Westoutre""], ""location""=>[""true""], ""name""=>[""Westouter""], ""lat""=>[""50.79722""], ""long""=>[""2.74647""], ""id""=>[""2783781""]}",2783781,Westouter,"[2.74647, 50.79722]"
27,AWD0001mwf,diary,599,3,1917-10-20 00:00:00 UTC,20 Oct 1917,Westoutre,"[2.74647, 50.79722]","",activity,training,{},2783781,Westouter,"[2.74647, 50.79722]"
28,AWD0001mwf,diary,599,5,1917-10-21 00:00:00 UTC,21 Oct 1917,Westoutre,"[2.74647, 50.79722]","",diaryDate,21 Oct 1917,"{""day""=>[""21""], ""month""=>[""Oct""], ""year""=>[""1917""]}",2783781,Westouter,"[2.74647, 50.79722]"
29,AWD0001mwf,diary,599,2,1917-10-21 00:00:00 UTC,21 Oct 1917,Westoutre,"[2.74647, 50.79722]","",domestic,parades,{},2783781,Westouter,"[2.74647, 50.79722]"
30,AWD0001mwf,diary,599,4,1917-10-21 00:00:00 UTC,21 Oct 1917,Westoutre,"[2.74647, 50.79722]","",domestic,religion,{},2783781,Westouter,"[2.74647, 50.79722]"
32,AWD0001mwf,diary,599,4,1917-10-21 00:00:00 UTC,21 Oct 1917,Westoutre,"[2.74647, 50.79722]","",person,Second Lieutenant F K Ayers,"{""first""=>[""F K""], ""surname""=>[""Ayers""], ""rank""=>[""Second Lieutenant""], ""number""=>[""""], ""reason""=>[""joined""], ""unit""=>[""""]}",2783781,Westouter,"[2.74647, 50.79722]"
33,AWD0001mwf,diary,599,2,1917-10-21 00:00:00 UTC,21 Oct 1917,Westoutre,"[2.74647, 50.79722]","",place,Westoutre,"{""place""=>[""Westoutre""], ""location""=>[""true""], ""name""=>[""Westouter""], ""lat""=>[""50.79722""], ""long""=>[""2.74647""], ""id""=>[""2783781""]}",2783781,Westouter,"[2.74647, 50.79722]"
34,AWD0001mwf,diary,599,4,1917-10-21 00:00:00 UTC,21 Oct 1917,Westoutre,"[2.74647, 50.79722]","",person,Lieutenant H A Robertson,"{""first""=>[""H A""], ""surname""=>[""Robertson""], ""rank""=>[""Lieutenant""], ""number""=>[""""], ""reason""=>[""joined""], ""unit""=>[""""]}",2783781,Westouter,"[2.74647, 50.79722]"
35,AWD0001mwf,diary,599,2,1917-10-21 00:00:00 UTC,21 Oct 1917,Westoutre,"[2.74647, 50.79722]","",weather,rain,{},2783781,Westouter,"[2.74647, 50.79722]"
36,AWD0001mwf,diary,599,2,1917-10-21 00:00:00 UTC,21 Oct 1917,Westoutre,"[2.74647, 50.79722]","",weather,fine,{},2783781,Westouter,"[2.74647, 50.79722]"
37,AWD0001mwf,diary,599,5,1917-10-22 00:00:00 UTC,22 Oct 1917,Westoutre,"[2.74647, 50.79722]","",diaryDate,22 Oct 1917,"{""day""=>[""22""], ""month""=>[""Oct""], ""year""=>[""1917""]}",2783781,Westouter,"[2.74647, 50.79722]"
41,AWD0001mwf,diary,599,3,1917-10-22 00:00:00 UTC,22 Oct 1917,Westoutre,"[2.74647, 50.79722]","",domestic,hygiene,{},2783781,Westouter,"[2.74647, 50.79722]"
42,AWD0001mwf,diary,599,3,1917-10-22 00:00:00 UTC,22 Oct 1917,Westoutre,"[2.74647, 50.79722]","",place,Westoutre,"{""place""=>[""Westoutre""], ""location""=>[""true""], ""name""=>[""Westouter""], ""lat""=>[""50.79722""], ""long""=>[""2.74647""], ""id""=>[""2783781""]}",2783781,Westouter,"[2.74647, 50.79722]"
43,AWD0001mwf,diary,599,2,1917-10-22 00:00:00 UTC,22 Oct 1917,Westoutre,"[2.74647, 50.79722]","",domestic,inspections,{},2783781,Westouter,"[2.74647, 50.79722]"
44,AWD0001mwf,diary,599,5,1917-10-23 00:00:00 UTC,23 Oct 1917,Westoutre,"[2.74647, 50.79722]","",diaryDate,23 Oct 1917,"{""day""=>[""23""], ""month""=>[""Oct""], ""year""=>[""1917""]}",2783781,Westouter,"[2.74647, 50.79722]"
45,AWD0001mwf,diary,599,4,1917-10-23 00:00:00 UTC,23 Oct 1917,Westoutre,"[2.74647, 50.79722]","",activity,movement,{},2783781,Westouter,"[2.74647, 50.79722]"
48,AWD0001mwf,diary,599,2,1917-10-23 17:00:00 UTC,23 Oct 1917,Westoutre,"[2.74647, 50.79722]",0500PM,time,0500PM,{},2783781,Westouter,"[2.74647, 50.79722]"
50,AWD0001mwf,diary,599,4,1917-10-23 17:00:00 UTC,23 Oct 1917,Vierstraat,"[2.852, 50.8015]",0500PM,place,Vierstraat,"{""place""=>[""Vierstraat""], ""location""=>[""true""], ""name""=>[""Vierstraat"", """"], ""lat""=>[""50.8015"", """"], ""long""=>[""2.852"", """"], ""id""=>[""2784754"", """"]}",2784754,Vierstraat,"[2.852, 50.8015]"
51,AWD0001mwf,diary,599,5,1917-10-24 00:00:00 UTC,24 Oct 1917,Vierstraat,"[2.852, 50.8015]","",diaryDate,24 Oct 1917,"{""day""=>[""24""], ""month""=>[""Oct""], ""year""=>[""1917""]}",2784754,Vierstraat,"[2.852, 50.8015]"
52,AWD0001mwf,diary,599,2,1917-10-24 00:00:00 UTC,24 Oct 1917,Vierstaat,"[2.74647, 50.79722]","",place,Vierstaat,"{""place""=>[""Vierstaat""], ""location""=>[""true""], ""name""=>[""Westouter""], ""lat""=>[""50.79722""], ""long""=>[""2.74647""], ""id""=>[""2783781""]}",2784754,Vierstraat,"[2.852, 50.8015]"
53,AWD0001mwf,diary,599,4,1917-10-24 00:00:00 UTC,24 Oct 1917,Vierstaat,"[2.74647, 50.79722]","",activity,movement,{},2784754,Vierstraat,"[2.852, 50.8015]"
54,AWD0001mwf,diary,599,2,1917-10-24 00:00:00 UTC,24 Oct 1917,Vierstaat,"[2.74647, 50.79722]","",place,"Zillebeke, Zigebeeke","{""place""=>[""Zillebeke"", ""Zigebeeke""], ""location""=>[""true"", ""false""], ""name""=>[""Zillebeke"", """"], ""lat""=>[""50.83464"", """"], ""long""=>[""2.92249"", """"], ""id""=>[""2783222"", """"]}",2784754,Vierstraat,"[2.852, 50.8015]"
55,AWD0001mwf,diary,599,2,1917-10-24 17:00:00 UTC,24 Oct 1917,Vierstaat,"[2.74647, 50.79722]",0500PM,time,0500PM,{},2784754,Vierstraat,"[2.852, 50.8015]"
56,AWD0001mwf,diary,599,2,1917-10-24 17:00:00 UTC,24 Oct 1917,Vierstaat,"[2.74647, 50.79722]",0500PM,domestic,accomodation,{},2784754,Vierstraat,"[2.852, 50.8015]"
57,AWD0001mwf,diary,599,4,1917-10-25 00:00:00 UTC,25 Oct 1917,Vierstaat,"[2.74647, 50.79722]","",diaryDate,25 Oct 1917,"{""day""=>[""25""], ""month""=>[""Oct""], ""year""=>[""1917""]}",2784754,Vierstraat,"[2.852, 50.8015]"
58,AWD0001mwf,diary,599,4,1917-10-25 00:00:00 UTC,25 Oct 1917,Zillebeke,"[2.92249, 50.83464]","",place,Zillebeke,"{""place""=>[""Zillebeke""], ""location""=>[""true""], ""name""=>[""Zillebeke""], ""lat""=>[""50.83464""], ""long""=>[""2.92249""], ""id""=>[""2783222""]}",2783184,Zonnebeke,"[2.98725, 50.8726]"
60,AWD0001mwf,diary,599,4,1917-10-26 00:00:00 UTC,26 Oct 1917,Zillebeke,"[2.92249, 50.83464]","",diaryDate,26 Oct 1917,"{""day""=>[""26""], ""month""=>[""Oct""], ""year""=>[""1917""]}",2783184,Zonnebeke,"[2.98725, 50.8726]"
61,AWD0001mwf,diary,599,2,1917-10-26 00:00:00 UTC,26 Oct 1917,Gheluvelt,"[2.99343, 50.83511]","",place,Gheluvelt,"{""place""=>[""Gheluvelt""], ""location""=>[""true""], ""name""=>[""Geluveld""], ""lat""=>[""50.83511""], ""long""=>[""2.99343""], ""id""=>[""2797721""]}",2797721,Geluveld,"[2.99343, 50.83511]"
1,AWD0001n04,diary,600,4,1917-10-27 00:00:00 UTC,27 Oct 1917,Gheluvelt,"[2.99343, 50.83511]","",diaryDate,27 Oct 1917,"{""day""=>[""27""], ""month""=>[""Oct""], ""year""=>[""1917""]}",2797721,Geluveld,"[2.99343, 50.83511]"
2,AWD0001n04,diary,600,3,1917-10-27 00:00:00 UTC,27 Oct 1917,Gheluvelt,"[2.99343, 50.83511]","",activity,resting,{},2797721,Geluveld,"[2.99343, 50.83511]"
6,AWD0001n04,diary,600,5,1917-10-27 00:00:00 UTC,27 Oct 1917,Vierstaat,"[2.74647, 50.79722]","",place,Vierstaat,"{""place""=>[""Vierstaat""], ""location""=>[""true""], ""name""=>[""Westouter"", """"], ""lat""=>[""50.79722"", """"], ""long""=>[""2.74647"", """"], ""id""=>[""2783781"", """"]}",2784754,Vierstraat,"[2.852, 50.8015]"
7,AWD0001n04,diary,600,4,1917-10-28 00:00:00 UTC,28 Oct 1917,Vierstaat,"[2.74647, 50.79722]","",diaryDate,28 Oct 1917,"{""day""=>[""28""], ""month""=>[""Oct""], ""year""=>[""1917""]}",2784754,Vierstraat,"[2.852, 50.8015]"
8,AWD0001n04,diary,600,3,1917-10-28 00:00:00 UTC,28 Oct 1917,Vierstaat,"[2.74647, 50.79722]","",activity,movement,{},2784754,Vierstraat,"[2.852, 50.8015]"
9,AWD0001n04,diary,600,2,1917-10-28 00:00:00 UTC,28 Oct 1917,"la clytte, La Clytte","[2.79836, 50.79957]","",place,"la clytte, La Clytte","{""place""=>[""la clytte"", ""La Clytte""], ""location""=>[""true""], ""name""=>[""De Klijte""], ""lat""=>[""50.79957""], ""long""=>[""2.79836""], ""id""=>[""2799730""]}",2799730,De Klijte,"[2.79836, 50.79957]"
10,AWD0001n04,diary,600,2,1917-10-28 00:00:00 UTC,28 Oct 1917,"Veerstraat, Vierstraat","[2.852, 50.8015]","",place,"Veerstraat, Vierstraat","{""place""=>[""Veerstraat"", ""Vierstraat""], ""location""=>[""true""], ""name""=>["""", ""Vierstraat""], ""lat""=>["""", ""50.8015""], ""long""=>["""", ""2.852""], ""id""=>["""", ""2784754""]}",2784754,Vierstraat,"[2.852, 50.8015]"
14,AWD0001n04,diary,600,4,1917-10-29 00:00:00 UTC,29 Oct 1917,"Veerstraat, Vierstraat","[2.852, 50.8015]","",diaryDate,29 Oct 1917,"{""day""=>[""29""], ""month""=>[""Oct""], ""year""=>[""1917""]}",2784754,Vierstraat,"[2.852, 50.8015]"
15,AWD0001n04,diary,600,2,1917-10-29 16:30:00 UTC,29 Oct 1917,"Veerstraat, Vierstraat","[2.852, 50.8015]",0430PM,time,0430PM,{},2784754,Vierstraat,"[2.852, 50.8015]"
16,AWD0001n04,diary,600,2,1917-10-29 16:30:00 UTC,29 Oct 1917,"Veerstraat, Vierstraat","[2.852, 50.8015]",0430PM,place,La Clytte,"{""place""=>[""La Clytte""], ""location""=>[""false"", ""true""], ""name""=>["""", ""De Klijte""], ""lat""=>["""", ""50.79957""], ""long""=>["""", ""2.79836""], ""id""=>["""", ""2799730""]}",2784754,Vierstraat,"[2.852, 50.8015]"
17,AWD0001n04,diary,600,4,1917-10-29 16:30:00 UTC,29 Oct 1917,"Veerstraat, Vierstraat","[2.852, 50.8015]",0430PM,activity,movement,{},2784754,Vierstraat,"[2.852, 50.8015]"
20,AWD0001n04,diary,600,2,1917-10-29 17:00:00 UTC,29 Oct 1917,"Veerstraat, Vierstraat","[2.852, 50.8015]",0500PM,time,0500PM,{},2784754,Vierstraat,"[2.852, 50.8015]"
21,AWD0001n04,diary,600,2,1917-10-29 21:15:00 UTC,29 Oct 1917,"Veerstraat, Vierstraat","[2.852, 50.8015]",0915PM,time,0915PM,{},2784754,Vierstraat,"[2.852, 50.8015]"
23,AWD0001n04,diary,600,2,1917-10-29 21:00:00 UTC,29 Oct 1917,"Veerstraat, Vierstraat","[2.852, 50.8015]",0900PM,time,0900PM,{},2784754,Vierstraat,"[2.852, 50.8015]"
24,AWD0001n04,diary,600,3,1917-10-29 21:00:00 UTC,29 Oct 1917,"Blairinghem, Blaringhem, BLAIRINGHEM","[0.0, 0.0]",0900PM,place,"Blairinghem, Blaringhem, BLAIRINGHEM","{""place""=>[""Blairinghem"", ""Blaringhem"", ""BLAIRINGHEM""], ""location""=>[""true""], ""name""=>["""", ""Blaringhem"", ""De Klijte""], ""lat""=>["""", ""50.6911"", ""50.79957""], ""long""=>["""", ""2.40321"", ""2.79836""], ""id""=>["""", ""3032319"", ""2799730""]}",,,
25,AWD0001n04,diary,600,2,1917-10-29 23:15:00 UTC,29 Oct 1917,"Blairinghem, Blaringhem, BLAIRINGHEM","[0.0, 0.0]",1115PM,time,1115PM,{},,,
26,AWD0001n04,diary,600,2,1917-10-29 23:15:00 UTC,29 Oct 1917,"Blairinghem, Blaringhem, BLAIRINGHEM","[0.0, 0.0]",1115PM,domestic,accomodation,{},,,
27,AWD0001n04,diary,600,3,1917-10-30 00:00:00 UTC,30 Oct 1917,"Blairinghem, Blaringhem, BLAIRINGHEM","[0.0, 0.0]","",diaryDate,30 Oct 1917,"{""day""=>[""30""], ""month""=>[""Oct""], ""year""=>[""1917""]}",,,
28,AWD0001n04,diary,600,2,1917-10-30 00:00:00 UTC,30 Oct 1917,"Blairinghem, Blaringhem, BLAIRINGHEM","[0.0, 0.0]","",place,"Blairinghem, Blaringhem","{""place""=>[""Blairinghem"", ""Blaringhem""], ""location""=>[""false"", ""true""], ""name""=>["""", ""Blaringhem""], ""lat""=>["""", ""50.6911""], ""long""=>["""", ""2.40321""], ""id""=>["""", ""3032319""]}",,,
32,AWD0001n04,diary,600,5,1917-10-30 00:00:00 UTC,30 Oct 1917,"Blairinghem, Blaringhem, BLAIRINGHEM","[0.0, 0.0]","",activity,resting,{},,,
33,AWD0001n04,diary,600,2,1917-10-30 00:00:00 UTC,30 Oct 1917,"Blairinghem, Blaringhem, BLAIRINGHEM","[0.0, 0.0]","",activity,resupplying,{},,,
34,AWD0001n04,diary,600,3,1917-10-31 00:00:00 UTC,31 Oct 1917,"Blairinghem, Blaringhem, BLAIRINGHEM","[0.0, 0.0]","",diaryDate,31 Oct 1917,"{""day""=>[""31""], ""month""=>[""Oct""], ""year""=>[""1917""]}",,,
36,AWD0001n04,diary,600,2,1917-10-31 00:00:00 UTC,31 Oct 1917,"Blairinghem, Blaringhem, BLAIRINGHEM","[0.0, 0.0]","",activity,resting,{},,,
38,AWD0001n04,diary,600,2,1917-10-31 00:00:00 UTC,31 Oct 1917,"Blairinghem, Blaringhem, BLAIRINGHEM","[0.0, 0.0]","",casualties,"killed: 80, died: 9, wounded: 345, sick: 83, missing: 119",{},,,
41,AWD0001n04,diary,600,4,1917-10-31 00:00:00 UTC,31 Oct 1917,"Blairinghem, Blaringhem, BLAIRINGHEM","[0.0, 0.0]","",strength,"officer: 25, other: 506",{},,,
44,AWD0001n04,diary,600,2,1917-10-31 00:00:00 UTC,31 Oct 1917,"Blairinghem, Blaringhem, BLAIRINGHEM","[0.0, 0.0]","",person,"Captain A C Cameron, CAMERON","{""first""=>[""A C""], ""surname""=>[""Cameron"", ""CAMERON""], ""rank""=>[""Captain""], ""number""=>[""""], ""reason""=>[""author""], ""unit""=>[""Act. Adj. 8 Battalion Devonshire Regiment"", """"]}",,,
10,AWD0001n2k,report,601,2,,,,[],,date,4 Oct 1917,{},,,
13,AWD0001n2k,report,601,2,,,,[],,date,2 Oct 1917,{},,,
7,AWD0001mwj,report,602,2,,,,[],,date,4 Oct 1917,{},,,
7,AWD0001n2l,report,603,3,,,,[],,person,Captain J C Frood,"{""first""=>[""J C""], ""surname""=>[""Frood""], ""rank""=>[""Captain""], ""number""=>[""""], ""reason""=>[""other""], ""unit""=>[""A Company"", ""A Coy. 8 Battalion Devonshire Regiment."", """"]}",,,
8,AWD0001n2l,report,603,2,,,,[],,date,4 Oct 1917,{},,,
11,AWD0001n2l,report,603,3,,,,[],,person,Captain J C Frood,"{""first""=>[""J C""], ""surname""=>[""Frood""], ""rank""=>[""Captain""], ""number""=>[""""], ""reason""=>[""casualty_wounded""], ""unit""=>[""""]}",,,
14,AWD0001n2l,report,603,3,,,,[],,person,Captain W F Cooper,"{""first""=>[""W F""], ""surname""=>[""Cooper""], ""rank""=>[""Captain""], ""number""=>[""""], ""reason""=>[""other""], ""unit""=>["""", ""C Company"", ""C Coy. 8 Battalion Devonshire Regiment.""]}",,,
15,AWD0001n2l,report,603,2,,,,[],,date,4 Oct 1917,{},,,
18,AWD0001n2l,report,603,3,,,,[],,person,Captain H Roper,"{""first""=>[""H""], ""surname""=>[""Roper""], ""rank""=>[""Captain""], ""number""=>[""""], ""reason""=>[""other""], ""unit""=>[""B Company"", ""B Coy. 8 Battalion Devonshire Regiment."", """"]}",,,
12,AWD0001mwt,report,604,3,,,,[],,person,Second Lieutenant R Gibbons,"{""first""=>[""R""], ""surname""=>[""Gibbons""], ""rank""=>[""Second Lieutenant""], ""number""=>[""""], ""reason""=>[""other""], ""unit""=>[""D Company"", """", ""D Coy. 8 Battalion Devonshire Regiment.""]}",,,
13,AWD0001mwt,report,604,2,,,,[],,date,4 Oct 1917,{},,,
16,AWD0001mwt,report,604,3,,,,[],,date,4 Oct 1917,{},,,
1,AWD0001myu,report,605,3,,,,[],,date,8 Oct 1917,{},,,
2,AWD0001n37,report,606,2,,,,[],,date,8 Oct 1917,{},,,
8,AWD0001n37,report,606,3,,,,[],,date,12 Oct 1917,{},,,
8,AWD0001myk,report,608,4,,,,[],,person,Second Lieutenant V Tarbett,"{""first""=>[""V""], ""surname""=>[""Tarbett""], ""rank""=>[""Second Lieutenant""], ""number""=>[""""], ""reason""=>[""casualty_kia""], ""unit""=>[""""]}",,,
9,AWD0001myk,report,608,5,,,,[],,person,Second Lieutenant F S Cornelius,"{""first""=>[""F S""], ""surname""=>[""Cornelius""], ""rank""=>[""Second Lieutenant""], ""number""=>[""""], ""reason""=>[""casualty_kia""], ""unit""=>[""""]}",,,
11,AWD0001myk,report,608,2,,,,[],,person,"Second Lieutenant T W,T M Ralf, Relf","{""first""=>[""T W"", ""T M""], ""surname""=>[""Ralf"", ""Relf""], ""rank""=>[""Second Lieutenant""], ""number""=>[""""], ""reason""=>[""casualty_kia""], ""unit""=>["""", ""8 Battalion Devonshire Regiment.""]}",,,
12,AWD0001myk,report,608,2,,,,[],,person,",Second Corporal ,TG ","{""first""=>["""", ""TG""], ""surname""=>[""""], ""rank""=>["""", ""Second Corporal""], ""number""=>[""""], ""reason""=>[""commander"", ""casualty_wounded""], ""unit""=>[""""]}",,,
13,AWD0001myk,report,608,4,,,,[],,date,4 Oct 1917,{},,,
14,AWD0001myk,report,608,2,,,,[],,date,3 Oct 1917,{},,,
16,AWD0001myk,report,608,5,,,,[],,person,Captain J C Frood,"{""first""=>[""J C""], ""surname""=>[""Frood""], ""rank""=>[""Captain""], ""number""=>[""""], ""reason""=>[""casualty_wounded""], ""unit""=>[""""]}",,,
17,AWD0001myk,report,608,5,,,,[],,person,Captain A H Drake,"{""first""=>[""A H""], ""surname""=>[""Drake""], ""rank""=>[""Captain""], ""number""=>[""""], ""reason""=>[""casualty_wounded""], ""unit""=>[""""]}",,,
21,AWD0001myk,report,608,5,,,,[],,person,"Second Lieutenant L C W Harding, HARDING","{""first""=>[""L C W""], ""surname""=>[""Harding"", ""HARDING""], ""rank""=>[""Second Lieutenant""], ""number""=>[""""], ""reason""=>[""casualty_wounded""], ""unit""=>[""""]}",,,
22,AWD0001myk,report,608,4,,,,[],,person,"Second Lieutenant E J BAKER, Baker","{""first""=>[""E J""], ""surname""=>[""BAKER"", ""Baker""], ""rank""=>[""Second Lieutenant""], ""number""=>[""""], ""reason""=>[""casualty_wounded""], ""unit""=>[""""]}",,,
23,AWD0001myk,report,608,5,,,,[],,person,Second Lieutenant T N King,"{""first""=>[""T N""], ""surname""=>[""King""], ""rank""=>[""Second Lieutenant""], ""number""=>[""""], ""reason""=>[""casualty_wounded""], ""unit""=>[""""]}",,,
24,AWD0001myk,report,608,4,,,,[],,date,4 Oct 1917,{},,,
26,AWD0001myk,report,608,4,,,,[],,person,Second Lieutenant F Pennington,"{""first""=>[""F""], ""surname""=>[""Pennington""], ""rank""=>[""Second Lieutenant""], ""number""=>[""""], ""reason""=>[""casualty_wounded""], ""unit""=>[""""]}",,,
27,AWD0001myk,report,608,3,,,,[],,person,Second Lieutenant F C Puddicombe,"{""first""=>[""F C""], ""surname""=>[""Puddicombe""], ""rank""=>[""Second Lieutenant""], ""number""=>[""""], ""reason""=>[""casualty_wounded""], ""unit""=>[""ON 7TH"", """", ""8 Battalion Devonshire Regiment.""]}",,,
30,AWD0001myk,report,608,5,,,,[],,person,Second Lieutenant R Gibbons,"{""first""=>[""R""], ""surname""=>[""Gibbons""], ""rank""=>[""Second Lieutenant""], ""number""=>[""""], ""reason""=>[""casualty_wounded""], ""unit""=>[""""]}",,,
31,AWD0001myk,report,608,2,,,,[],,date,4 Oct 1917,{},,,
32,AWD0001myk,report,608,5,,,,[],,person,Second Lieutenant R Marshall,"{""first""=>[""R""], ""surname""=>[""Marshall""], ""rank""=>[""Second Lieutenant""], ""number""=>[""""], ""reason""=>[""casualty_wounded""], ""unit""=>[""""]}",,,
5,AWD0001n1e,report,609,2,,,,[],,title,Report on Operations 26/10/17,{},,,
8,AWD0001n1e,report,609,3,,,,[],,date,26 Oct 1917,{},,,
1,AWD0001n1y,report,610,2,,,,[],,date,26 Oct 1917,{},,,
2,AWD0001n1y,report,610,2,,,,[],,title,Report on Operations 26/10/17,{},,,
7,AWD0001n1y,report,610,4,,,,[],,date,25 Oct 1917,{},,,
1,AWD0001myt,report,611,2,,,,[],,date,26 Oct 1917,{},,,
4,AWD0001myt,report,611,2,,,,[],,title,Report on Operations 26/10/17,{},,,
1,AWD0001myx,report,612,2,,,,[],,date,26 Oct 1917,{},,,
5,AWD0001myx,report,612,2,,,,[],,title,Report on Operations 26/10/17,{},,,
7,AWD0001myx,report,612,3,,,,[],,person,Captain  Pridham,"{""first""=>[""""], ""surname""=>[""Pridham""], ""rank""=>[""Captain""], ""number""=>[""""], ""reason""=>[""combat"", ""commander"", ""other""], ""unit""=>[""""]}",,,
6,AWD0001n25,report,613,2,,,,[],,title,Report on Operations 26/10/17,{},,,
8,AWD0001n25,report,613,3,,,,[],,person,Captain F J C Marshall,"{""first""=>[""F J C""], ""surname""=>[""Marshall""], ""rank""=>[""Captain""], ""number""=>[""""], ""reason""=>[""combat"", ""commander"", ""other""], ""unit""=>[""""]}",,,
9,AWD0001n25,report,613,2,,,,[],,person,Captain  Pridham,"{""first""=>[""""], ""surname""=>[""Pridham""], ""rank""=>[""Captain""], ""number""=>[""""], ""reason""=>[""combat"", ""other""], ""unit""=>["""", ""8 Battalion Devonshire Regiment""]}",,,
10,AWD0001n25,report,613,5,,,,[],,person,Captain  Marshall,"{""first""=>[""""], ""surname""=>[""Marshall""], ""rank""=>[""Captain""], ""number""=>[""""], ""reason""=>[""combat"", ""other""], ""unit""=>[""""]}",,,
11,AWD0001n25,report,613,3,,,,[],,person,Captain  Pridham,"{""first""=>[""""], ""surname""=>[""Pridham""], ""rank""=>[""Captain""], ""number""=>[""""], ""reason""=>[""combat"", ""commander"", ""other""], ""unit""=>[""""]}",,,
14,AWD0001n25,report,613,2,,,,[],,person,Captain  Pridham,"{""first""=>[""""], ""surname""=>[""Pridham""], ""rank""=>[""Captain""], ""number""=>[""""], ""reason""=>[""commander"", ""other""], ""unit""=>["""", ""8 Battalion Devonshire Regiment""]}",,,
15,AWD0001n25,report,613,5,,,,[],,person,Captain  Girvan,"{""first""=>[""""], ""surname""=>[""Girvan""], ""rank""=>[""Captain""], ""number""=>[""""], ""reason""=>[""casualty_wounded""], ""unit""=>[""""]}",,,
6,AWD0001my1,report,614,2,,,,[],,title,Report on Operations 26/10/17,{},,,
7,AWD0001my1,report,614,3,,,,[],,person,Second Lieutenant R V Evans,"{""first""=>[""R V""], ""surname""=>[""Evans""], ""rank""=>[""Second Lieutenant""], ""number""=>[""""], ""reason""=>[""casualty_wounded""], ""unit""=>[""""]}",,,
8,AWD0001my1,report,614,3,,,,[],,person,Second Lieutenant W J Wyatt,"{""first""=>[""W J""], ""surname""=>[""Wyatt""], ""rank""=>[""Second Lieutenant""], ""number""=>[""""], ""reason""=>[""commander"", ""combat"", ""other""], ""unit""=>[""""]}",,,
9,AWD0001my1,report,614,2,,,,[],,person,Captain  Pridham,"{""first""=>[""""], ""surname""=>[""Pridham""], ""rank""=>[""Captain""], ""number""=>[""""], ""reason""=>[""combat"", ""other""], ""unit""=>["""", ""8 Battalion Devonshire Regiment""]}",,,
10,AWD0001my1,report,614,3,,,,[],,person,"Captain CE,,C E Jupe","{""first""=>[""CE"", """", ""C E""], ""surname""=>[""Jupe""], ""rank""=>[""Captain""], ""number""=>[""""], ""reason""=>[""commander"", ""combat"", ""other""], ""unit""=>[""""]}",,,
11,AWD0001my1,report,614,3,,,,[],,person,Second Lieutenant A Monk,"{""first""=>[""A""], ""surname""=>[""Monk""], ""rank""=>[""Second Lieutenant""], ""number""=>[""""], ""reason""=>[""other"", ""combat"", ""commander""], ""unit""=>[""""]}",,,
12,AWD0001my1,report,614,3,,,,[],,person,Second Lieutenant  Lord,"{""first""=>[""""], ""surname""=>[""Lord""], ""rank""=>[""Second Lieutenant""], ""number""=>[""""], ""reason""=>[""combat"", ""commander"", ""other""], ""unit""=>[""""]}",,,
13,AWD0001my1,report,614,3,,,,[],,person,Second Lieutenant  Perkins,"{""first""=>[""""], ""surname""=>[""Perkins""], ""rank""=>[""Second Lieutenant""], ""number""=>[""""], ""reason""=>[""combat"", ""other"", ""commander""], ""unit""=>[""""]}",,,
14,AWD0001my1,report,614,4,,,,[],,person,Captain  Jupe,"{""first""=>[""""], ""surname""=>[""Jupe""], ""rank""=>[""Captain""], ""number""=>[""""], ""reason""=>[""casualty_kia""], ""unit""=>[""A Coy 8 Battalion Devonshire Regiment"", """"]}",,,
15,AWD0001my1,report,614,3,,,,[],,person,Second Lieutenant  Lord,"{""first""=>[""""], ""surname""=>[""Lord""], ""rank""=>[""Second Lieutenant""], ""number""=>[""""], ""reason""=>[""casualty_kia""], ""unit""=>[""""]}",,,
16,AWD0001my1,report,614,3,,,,[],,person,Captain  Pridham,"{""first""=>[""""], ""surname""=>[""Pridham""], ""rank""=>[""Captain""], ""number""=>[""""], ""reason""=>[""commander"", ""other"", ""combat""], ""unit""=>[""""]}",,,
6,AWD0001n2g,report,615,2,,,,[],,title,Report on Operations 26/10/17,{},,,
8,AWD0001n2g,report,615,2,,,,[],,person,Second Lieutenant  Monk,"{""first""=>[""""], ""surname""=>[""Monk""], ""rank""=>[""Second Lieutenant""], ""number""=>[""""], ""reason""=>[""combat"", ""other""], ""unit""=>["""", ""8 Battalion Devonshire Regiment""]}",,,
9,AWD0001n2g,report,615,3,,,,[],,person,Captain  Pridham,"{""first""=>[""""], ""surname""=>[""Pridham""], ""rank""=>[""Captain""], ""number""=>[""""], ""reason""=>[""joined"", ""combat"", ""other""], ""unit""=>[""8th&9th Devon regiment"", """", ""8 Battalion Devonshire Regiment""]}",,,
10,AWD0001n2g,report,615,3,,,,[],,person,Captain  Marshall,"{""first""=>[""""], ""surname""=>[""Marshall""], ""rank""=>[""Captain""], ""number""=>[""""], ""reason""=>[""joined"", ""combat"", ""other""], ""unit""=>[""""]}",,,
15,AWD0001n2g,report,615,4,,,,[],,person,"Second Lieutenant S A, Macey","{""first""=>[""S A"", """"], ""surname""=>[""Macey""], ""rank""=>[""Second Lieutenant""], ""number""=>[""""], ""reason""=>[""other""], ""unit""=>[""8 Battalion Devonshire Regiment""]}",,,
16,AWD0001n2g,report,615,4,,,,[],,person,Second Lieutenant  Evans,"{""first""=>[""""], ""surname""=>[""Evans""], ""rank""=>[""Second Lieutenant""], ""number""=>[""""], ""reason""=>[""casualty_wounded""], ""unit""=>[""9th Devon Regiment""]}",,,
17,AWD0001n2g,report,615,3,,,,[],,person,Captain  Pridham,"{""first""=>[""""], ""surname""=>[""Pridham""], ""rank""=>[""Captain""], ""number""=>[""""], ""reason""=>[""other""], ""unit""=>[""8 Battalion Devonshire Regiment""]}",,,
18,AWD0001n2g,report,615,2,,,,[],,person,"Captain,Second Lieutenant ,R Marshall","{""first""=>["""", ""R""], ""surname""=>[""Marshall""], ""rank""=>[""Captain"", ""Second Lieutenant""], ""number""=>[""""], ""reason""=>[""other"", ""combat""], ""unit""=>[""8 Battalion Devonshire Regiment"", """"]}",,,
6,AWD0001myi,report,616,2,,,,[],,title,Report on Operations 26/10/17.,{},,,
7,AWD0001myi,report,616,2,,,,[],,date,26 Oct 1917,{},,,
8,AWD0001myi,report,616,2,,,,[],,date,25 Oct 1917,{},,,
9,AWD0001myi,report,616,2,,,,[],,date,26 Oct 1917,{},,,
1,AWD0001n0y,report,617,3,,,,[],,date,26 Oct 1917,{},,,
4,AWD0001n0y,report,617,2,,,,[],,title,Report on Operations 26/10/17,{},,,
5,AWD0001n0y,report,617,2,,,,[],,date,26 Oct 1917,{},,,
5,AWD0001mx5,report,618,2,,,,[],,title,Total Casualties,{},,,
6,AWD0001mx5,report,618,4,,,,[],,date,26 Oct 1917,{},,,
8,AWD0001mx5,report,618,5,,,,[],,person,Captain C E Jupe,"{""first""=>[""C E""], ""surname""=>[""Jupe""], ""rank""=>[""Captain""], ""number""=>[""""], ""reason""=>[""casualty_kia""], ""unit""=>[""""]}",,,
9,AWD0001mx5,report,618,5,,,,[],,person,Second Lieutenant H C Lord,"{""first""=>[""H C""], ""surname""=>[""Lord""], ""rank""=>[""Second Lieutenant""], ""number""=>[""""], ""reason""=>[""casualty_kia""], ""unit""=>[""""]}",,,
10,AWD0001mx5,report,618,4,,,,[],,person,Captain F J C Marshall,"{""first""=>[""F J C""], ""surname""=>[""Marshall""], ""rank""=>[""Captain""], ""number""=>[""""], ""reason""=>[""casualty_wounded""], ""unit""=>[""""]}",,,
11,AWD0001mx5,report,618,5,,,,[],,person,Captain F W Girvan,"{""first""=>[""F W""], ""surname""=>[""Girvan""], ""rank""=>[""Captain""], ""number""=>[""""], ""reason""=>[""casualty_wounded""], ""unit""=>[""""]}",,,
12,AWD0001mx5,report,618,4,,,,[],,person,Second Lieutenant N H Fasken,"{""first""=>[""N H""], ""surname""=>[""Fasken""], ""rank""=>[""Second Lieutenant""], ""number""=>[""""], ""reason""=>[""casualty_wounded""], ""unit""=>[""""]}",,,
14,AWD0001mx5,report,618,5,,,,[],,person,Second Lieutenant J S Farleigh,"{""first""=>[""J S""], ""surname""=>[""Farleigh""], ""rank""=>[""Second Lieutenant""], ""number""=>[""""], ""reason""=>[""casualty_wounded""], ""unit""=>[""""]}",,,
15,AWD0001mx5,report,618,4,,,,[],,person,Second Lieutenant W R Ashplant,"{""first""=>[""W R""], ""surname""=>[""Ashplant""], ""rank""=>[""Second Lieutenant""], ""number""=>[""""], ""reason""=>[""casualty_wounded""], ""unit""=>[""""]}",,,
16,AWD0001mx5,report,618,4,,,,[],,person,Second Lieutenant R V Evans,"{""first""=>[""R V""], ""surname""=>[""Evans""], ""rank""=>[""Second Lieutenant""], ""number""=>[""""], ""reason""=>[""casualty_wounded""], ""unit""=>[""""]}",,,
17,AWD0001mx5,report,618,4,,,,[],,person,Second Lieutenant E H Perkins,"{""first""=>[""E H""], ""surname""=>[""Perkins""], ""rank""=>[""Second Lieutenant""], ""number""=>[""""], ""reason""=>[""casualty_wounded""], ""unit""=>[""""]}",,,
18,AWD0001mx5,report,618,4,,,,[],,person,Second Lieutenant W J Wyatt,"{""first""=>[""W J""], ""surname""=>[""Wyatt""], ""rank""=>[""Second Lieutenant""], ""number""=>[""""], ""reason""=>[""casualty_died""], ""unit""=>[""""]}",,,
21,AWD0001mx5,report,618,5,,,,[],,person,Second Lieutenant A Monk,"{""first""=>[""A""], ""surname""=>[""Monk""], ""rank""=>[""Second Lieutenant""], ""number""=>[""""], ""reason""=>[""casualty_mia""], ""unit""=>[""""]}",,,
22,AWD0001mx5,report,618,5,,,,[],,person,Lieutenant T N Buckingham,"{""first""=>[""T N""], ""surname""=>[""Buckingham""], ""rank""=>[""Lieutenant""], ""number""=>[""""], ""reason""=>[""casualty_mia""], ""unit""=>[""""]}",,,
23,AWD0001mx5,report,618,4,,,,[],,person,Second Lieutenant G A Drew,"{""first""=>[""G A""], ""surname""=>[""Drew""], ""rank""=>[""Second Lieutenant""], ""number""=>[""""], ""reason""=>[""casualty_mia""], ""unit""=>[""""]}",,,
24,AWD0001mx5,report,618,4,,,,[],,person,Second Lieutenant W J Reed,"{""first""=>[""W J""], ""surname""=>[""Reed""], ""rank""=>[""Second Lieutenant""], ""number""=>[""""], ""reason""=>[""casualty_mia""], ""unit""=>[""""]}",,,
25,AWD0001mx5,report,618,4,,,,[],,person,Second Lieutenant R Marshall,"{""first""=>[""R""], ""surname""=>[""Marshall""], ""rank""=>[""Second Lieutenant""], ""number""=>[""""], ""reason""=>[""casualty_wounded""], ""unit""=>[""""]}",,,
1,AWD0001mx3,diary,620,4,1917-11-01 00:00:00 UTC,1 Nov 1917,"Blairinghem, Blaringhem, BLAIRINGHEM","[0.0, 0.0]","",diaryDate,1 Nov 1917,"{""day""=>[""1""], ""month""=>[""Nov""], ""year""=>[""1917""]}",,,
4,AWD0001mx3,diary,620,4,1917-11-01 00:00:00 UTC,1 Nov 1917,"Blairinghem, Blaringhem, BLAIRINGHEM","[0.0, 0.0]","",domestic,parades,{},,,
5,AWD0001mx3,diary,620,4,1917-11-02 00:00:00 UTC,2 Nov 1917,"Blairinghem, Blaringhem, BLAIRINGHEM","[0.0, 0.0]","",diaryDate,2 Nov 1917,"{""day""=>[""2""], ""month""=>[""Nov""], ""year""=>[""1917""]}",,,
6,AWD0001mx3,diary,620,2,1917-11-02 00:00:00 UTC,2 Nov 1917,"Blairinghem, Blaringhem, BLAIRINGHEM","[0.0, 0.0]","",place,"Blairinghem, Blaringhem","{""place""=>[""Blairinghem"", ""Blaringhem""], ""location""=>[""false"", ""true""], ""name""=>["""", ""Blaringhem""], ""lat""=>["""", ""50.6911""], ""long""=>["""", ""2.40321""], ""id""=>["""", ""3032319""]}",,,
7,AWD0001mx3,diary,620,4,1917-11-02 00:00:00 UTC,2 Nov 1917,"Blairinghem, Blaringhem, BLAIRINGHEM","[0.0, 0.0]","",activity,training,{},,,
9,AWD0001mx3,diary,620,4,1917-11-03 00:00:00 UTC,3 Nov 1917,"Blairinghem, Blaringhem, BLAIRINGHEM","[0.0, 0.0]","",diaryDate,3 Nov 1917,"{""day""=>[""3""], ""month""=>[""Nov""], ""year""=>[""1917""]}",,,
10,AWD0001mx3,diary,620,4,1917-11-03 00:00:00 UTC,3 Nov 1917,"Blairinghem, Blaringhem, BLAIRINGHEM","[0.0, 0.0]","",activity,movement,{},,,
15,AWD0001mx3,diary,620,4,1917-11-04 00:00:00 UTC,4 Nov 1917,"Blairinghem, Blaringhem, BLAIRINGHEM","[0.0, 0.0]","",diaryDate,4 Nov 1917,"{""day""=>[""4""], ""month""=>[""Nov""], ""year""=>[""1917""]}",,,
17,AWD0001mx3,diary,620,4,1917-11-04 00:00:00 UTC,4 Nov 1917,"Blairinghem, Blaringhem, BLAIRINGHEM","[0.0, 0.0]","",domestic,religion,{},,,
18,AWD0001mx3,diary,620,2,1917-11-04 10:30:00 UTC,4 Nov 1917,"Blairinghem, Blaringhem, BLAIRINGHEM","[0.0, 0.0]",1030AM,time,1030AM,{},,,
19,AWD0001mx3,diary,620,3,1917-11-05 00:00:00 UTC,5 Nov 1917,"Blairinghem, Blaringhem, BLAIRINGHEM","[0.0, 0.0]","",diaryDate,5 Nov 1917,"{""day""=>[""5""], ""month""=>[""Nov""], ""year""=>[""1917""]}",,,
20,AWD0001mx3,diary,620,2,1917-11-05 00:00:00 UTC,5 Nov 1917,"Blairinghem, Blaringhem, BLAIRINGHEM","[0.0, 0.0]","",activity,training,{},,,
22,AWD0001mx3,diary,620,3,1917-11-05 00:00:00 UTC,5 Nov 1917,"Blairinghem, Blaringhem, BLAIRINGHEM","[0.0, 0.0]","",activity,training,{},,,
23,AWD0001mx3,diary,620,3,1917-11-06 00:00:00 UTC,6 Nov 1917,"Blairinghem, Blaringhem, BLAIRINGHEM","[0.0, 0.0]","",diaryDate,6 Nov 1917,"{""day""=>[""6""], ""month""=>[""Nov""], ""year""=>[""1917""]}",,,
24,AWD0001mx3,diary,620,4,1917-11-06 00:00:00 UTC,6 Nov 1917,"Blairinghem, Blaringhem, BLAIRINGHEM","[0.0, 0.0]","",domestic,hygiene,{},,,
25,AWD0001mx3,diary,620,4,1917-11-07 00:00:00 UTC,7 Nov 1917,"Blairinghem, Blaringhem, BLAIRINGHEM","[0.0, 0.0]","",diaryDate,7 Nov 1917,"{""day""=>[""7""], ""month""=>[""Nov""], ""year""=>[""1917""]}",,,
26,AWD0001mx3,diary,620,2,1917-11-07 00:00:00 UTC,7 Nov 1917,"Blairinghem, Blaringhem, BLAIRINGHEM","[0.0, 0.0]","",activity,training,{},,,
28,AWD0001mx3,diary,620,4,1917-11-08 00:00:00 UTC,8 Nov 1917,"Blairinghem, Blaringhem, BLAIRINGHEM","[0.0, 0.0]","",diaryDate,8 Nov 1917,"{""day""=>[""8""], ""month""=>[""Nov""], ""year""=>[""1917""]}",,,
29,AWD0001mx3,diary,620,6,1917-11-08 00:00:00 UTC,8 Nov 1917,"Blairinghem, Blaringhem, BLAIRINGHEM","[0.0, 0.0]","",domestic,inspections,{},,,
35,AWD0001mx3,diary,620,2,1917-11-08 09:30:00 UTC,8 Nov 1917,"Blairinghem, Blaringhem, BLAIRINGHEM","[0.0, 0.0]",0930AM,time,0930AM,{},,,
36,AWD0001mx3,diary,620,2,1917-11-08 09:30:00 UTC,8 Nov 1917,"Blairinghem, Blaringhem, BLAIRINGHEM","[0.0, 0.0]",0930AM,weather,cold,{},,,
39,AWD0001mx3,diary,620,3,1917-11-08 13:30:00 UTC,8 Nov 1917,"Blairinghem, Blaringhem, BLAIRINGHEM","[0.0, 0.0]",0130PM,time,0130PM,{},,,
41,AWD0001mx3,diary,620,4,1917-11-09 00:00:00 UTC,9 Nov 1917,"Blairinghem, Blaringhem, BLAIRINGHEM","[0.0, 0.0]","",diaryDate,9 Nov 1917,"{""day""=>[""9""], ""month""=>[""Nov""], ""year""=>[""1917""]}",,,
42,AWD0001mx3,diary,620,4,1917-11-09 00:00:00 UTC,9 Nov 1917,"Blairinghem, Blaringhem, BLAIRINGHEM","[0.0, 0.0]","",weather,rain,{},,,
43,AWD0001mx3,diary,620,3,1917-11-10 00:00:00 UTC,10 Nov 1917,"Blairinghem, Blaringhem, BLAIRINGHEM","[0.0, 0.0]","",diaryDate,10 Nov 1917,"{""day""=>[""10""], ""month""=>[""Nov""], ""year""=>[""1917""]}",,,
44,AWD0001mx3,diary,620,4,1917-11-10 00:00:00 UTC,10 Nov 1917,"Blairinghem, Blaringhem, BLAIRINGHEM","[0.0, 0.0]","",activity,training,{},,,
45,AWD0001mx3,diary,620,4,1917-11-11 00:00:00 UTC,11 Nov 1917,"Blairinghem, Blaringhem, BLAIRINGHEM","[0.0, 0.0]","",diaryDate,11 Nov 1917,"{""day""=>[""11""], ""month""=>[""Nov""], ""year""=>[""1917""]}",,,
46,AWD0001mx3,diary,620,3,1917-11-11 00:00:00 UTC,11 Nov 1917,"Blairinghem, Blaringhem, BLAIRINGHEM","[0.0, 0.0]","",domestic,religion,{},,,
47,AWD0001mx3,diary,620,3,1917-11-11 00:00:00 UTC,11 Nov 1917,"Blairinghem, Blaringhem, BLAIRINGHEM","[0.0, 0.0]","",weather,rain,{},,,
48,AWD0001mx3,diary,620,4,1917-11-12 00:00:00 UTC,12 Nov 1917,"Blairinghem, Blaringhem, BLAIRINGHEM","[0.0, 0.0]","",diaryDate,12 Nov 1917,"{""day""=>[""12""], ""month""=>[""Nov""], ""year""=>[""1917""]}",,,
49,AWD0001mx3,diary,620,4,1917-11-12 00:00:00 UTC,12 Nov 1917,"Blairinghem, Blaringhem, BLAIRINGHEM","[0.0, 0.0]","",activity,movement,{},,,
50,AWD0001mx3,diary,620,3,1917-11-12 00:00:00 UTC,12 Nov 1917,"St Pierre, SAINT PIERRE, Saint Pierre","[0.0, 0.0]","",place,"St Pierre, SAINT PIERRE, Saint Pierre","{""place""=>[""St Pierre"", ""SAINT PIERRE"", ""Saint Pierre""], ""location""=>[""true""], ""name""=>[""""], ""lat""=>[""""], ""long""=>[""""], ""id""=>[""""]}",,,
51,AWD0001mx3,diary,620,2,1917-11-12 00:00:00 UTC,12 Nov 1917,"St Pierre, SAINT PIERRE, Saint Pierre","[0.0, 0.0]","",domestic,accomodation,{},,,
53,AWD0001mx3,diary,620,4,1917-11-13 00:00:00 UTC,13 Nov 1917,"St Pierre, SAINT PIERRE, Saint Pierre","[0.0, 0.0]","",diaryDate,13 Nov 1917,"{""day""=>[""13""], ""month""=>[""Nov""], ""year""=>[""1917""]}",,,
54,AWD0001mx3,diary,620,3,1917-11-13 00:00:00 UTC,13 Nov 1917,Saint Pierre,"[0.0, 0.0]","",place,Saint Pierre,"{""place""=>[""Saint Pierre""], ""location""=>[""true""], ""name""=>[""""], ""lat""=>[""""], ""long""=>[""""], ""id""=>[""""]}",,,
55,AWD0001mx3,diary,620,4,1917-11-13 00:00:00 UTC,13 Nov 1917,Saint Pierre,"[0.0, 0.0]","",activity,movement,{},,,
57,AWD0001mx3,diary,620,3,1917-11-13 00:00:00 UTC,13 Nov 1917,Saint Pierre,"[0.0, 0.0]","",domestic,accomodation,{},,,
1,AWD0001myo,diary,621,5,1917-11-14 00:00:00 UTC,14 Nov 1917,Saint Pierre,"[0.0, 0.0]","",diaryDate,14 Nov 1917,"{""day""=>[""14""], ""month""=>[""Nov""], ""year""=>[""1917""]}",,,
3,AWD0001myo,diary,621,5,1917-11-14 00:00:00 UTC,14 Nov 1917,Saint Pierre,"[0.0, 0.0]","",activity,movement,{},,,
4,AWD0001myo,diary,621,2,1917-11-14 00:00:00 UTC,14 Nov 1917,Saint Pierre,"[0.0, 0.0]","",domestic,accomodation,{},,,
6,AWD0001myo,diary,621,4,1917-11-14 00:00:00 UTC,14 Nov 1917,Saint Pierre,"[0.0, 0.0]","",person,Second Lieutenant A F R Sutton,"{""first""=>[""A F R""], ""surname""=>[""Sutton""], ""rank""=>[""Second Lieutenant""], ""number""=>[""""], ""reason""=>[""joined""], ""unit""=>[""""]}",,,
8,AWD0001myo,diary,621,2,1917-11-14 13:30:00 UTC,14 Nov 1917,Saint Pierre,"[0.0, 0.0]",0130PM,time,0130PM,{},,,
10,AWD0001myo,diary,621,5,1917-11-15 00:00:00 UTC,15 Nov 1917,Saint Pierre,"[0.0, 0.0]","",diaryDate,15 Nov 1917,"{""day""=>[""15""], ""month""=>[""Nov""], ""year""=>[""1917""]}",,,
11,AWD0001myo,diary,621,5,1917-11-15 00:00:00 UTC,15 Nov 1917,Fruges,"[2.13292, 50.51501]","",place,Fruges,"{""place""=>[""Fruges""], ""location""=>[""true""], ""name""=>[""Fruges""], ""lat""=>[""50.51501""], ""long""=>[""2.13292""], ""id""=>[""3016931""]}",3016931,Fruges,"[2.13292, 50.51501]"
12,AWD0001myo,diary,621,5,1917-11-15 00:00:00 UTC,15 Nov 1917,Fruges,"[2.13292, 50.51501]","",activity,movement,{},3016931,Fruges,"[2.13292, 50.51501]"
13,AWD0001myo,diary,621,3,1917-11-15 00:00:00 UTC,15 Nov 1917,Fruges,"[2.13292, 50.51501]","",domestic,accomodation,{},3016931,Fruges,"[2.13292, 50.51501]"
15,AWD0001myo,diary,621,4,1917-11-15 00:00:00 UTC,15 Nov 1917,Fruges,"[2.13292, 50.51501]","",person,Second Lieutenant W D Trayler,"{""first""=>[""W D""], ""surname""=>[""Trayler""], ""rank""=>[""Second Lieutenant""], ""number""=>[""""], ""reason""=>[""joined""], ""unit""=>[""""]}",3016931,Fruges,"[2.13292, 50.51501]"
16,AWD0001myo,diary,621,2,1917-11-15 15:00:00 UTC,15 Nov 1917,Fruges,"[2.13292, 50.51501]",0300PM,time,0300PM,{},3016931,Fruges,"[2.13292, 50.51501]"
17,AWD0001myo,diary,621,2,1917-11-15 15:00:00 UTC,15 Nov 1917,Fruges,"[2.13292, 50.51501]",0300PM,person,"Lieutenant,Second Lieutenant W C D,W C G DREW, Drew","{""first""=>[""W C D"", ""W C G""], ""surname""=>[""DREW"", ""Drew""], ""rank""=>[""Lieutenant"", ""Second Lieutenant""], ""number""=>[""""], ""reason""=>[""joined"", ""returned_hospital""], ""unit""=>[""""]}",3016931,Fruges,"[2.13292, 50.51501]"
18,AWD0001myo,diary,621,4,1917-11-15 15:00:00 UTC,15 Nov 1917,Fruges,"[2.13292, 50.51501]",0300PM,person,Second Lieutenant W G Hulsh,"{""first""=>[""W G""], ""surname""=>[""Hulsh""], ""rank""=>[""Second Lieutenant""], ""number""=>[""""], ""reason""=>[""joined""], ""unit""=>[""""]}",3016931,Fruges,"[2.13292, 50.51501]"
19,AWD0001myo,diary,621,4,1917-11-15 15:00:00 UTC,15 Nov 1917,Fruges,"[2.13292, 50.51501]",0300PM,person,Second Lieutenant L A Dugdale,"{""first""=>[""L A""], ""surname""=>[""Dugdale""], ""rank""=>[""Second Lieutenant""], ""number""=>[""""], ""reason""=>[""joined""], ""unit""=>[""""]}",3016931,Fruges,"[2.13292, 50.51501]"
21,AWD0001myo,diary,621,3,1917-11-15 15:00:00 UTC,15 Nov 1917,Fruges,"[2.13292, 50.51501]",0300PM,person,Second Lieutenant R Garnsworthy,"{""first""=>[""R""], ""surname""=>[""Garnsworthy""], ""rank""=>[""Second Lieutenant""], ""number""=>[""""], ""reason""=>[""joined""], ""unit""=>[""""]}",3016931,Fruges,"[2.13292, 50.51501]"
25,AWD0001myo,diary,621,5,1917-11-16 00:00:00 UTC,16 Nov 1917,Fruges,"[2.13292, 50.51501]","",diaryDate,16 Nov 1917,"{""day""=>[""16""], ""month""=>[""Nov""], ""year""=>[""1917""]}",3016931,Fruges,"[2.13292, 50.51501]"
26,AWD0001myo,diary,621,2,1917-11-16 00:00:00 UTC,16 Nov 1917,Fruges,"[2.13292, 50.51501]","",activity,training,{},3016931,Fruges,"[2.13292, 50.51501]"
27,AWD0001myo,diary,621,5,1917-11-16 00:00:00 UTC,16 Nov 1917,Wavrans,"[0.0, 0.0]","",place,Wavrans,"{""place""=>[""Wavrans""], ""location""=>[""true""], ""name""=>[""""], ""lat""=>[""""], ""long""=>[""""], ""id""=>[""""]}",2967415,Wavrans-sur-Ternoise,"[2.30002, 50.41322]"
28,AWD0001myo,diary,621,2,1917-11-16 00:00:00 UTC,16 Nov 1917,Wavrans,"[0.0, 0.0]","",activity,other,{},2967415,Wavrans-sur-Ternoise,"[2.30002, 50.41322]"
30,AWD0001myo,diary,621,4,1917-11-16 00:00:00 UTC,16 Nov 1917,Wavrans,"[0.0, 0.0]","",person,Second Lieutenant  Puddicombe,"{""first""=>[""""], ""surname""=>[""Puddicombe""], ""rank""=>[""Second Lieutenant""], ""number""=>[""""], ""reason""=>[""returned_hospital""], ""unit""=>[""""]}",2967415,Wavrans-sur-Ternoise,"[2.30002, 50.41322]"
32,AWD0001myo,diary,621,5,1917-11-17 00:00:00 UTC,17 Nov 1917,Wavrans,"[0.0, 0.0]","",diaryDate,17 Nov 1917,"{""day""=>[""17""], ""month""=>[""Nov""], ""year""=>[""1917""]}",2967415,Wavrans-sur-Ternoise,"[2.30002, 50.41322]"
33,AWD0001myo,diary,621,2,1917-11-17 00:00:00 UTC,17 Nov 1917,Wavrans,"[0.0, 0.0]","",activity,training,{},2967415,Wavrans-sur-Ternoise,"[2.30002, 50.41322]"
35,AWD0001myo,diary,621,2,1917-11-17 00:00:00 UTC,17 Nov 1917,Wavrans,"[0.0, 0.0]","",place,Wavrans,"{""place""=>[""Wavrans""], ""location""=>[""false""], ""name""=>[""""], ""lat""=>[""""], ""long""=>[""""], ""id""=>[""""]}",2967415,Wavrans-sur-Ternoise,"[2.30002, 50.41322]"
36,AWD0001myo,diary,621,4,1917-11-18 00:00:00 UTC,18 Nov 1917,Wavrans,"[0.0, 0.0]","",diaryDate,18 Nov 1917,"{""day""=>[""18""], ""month""=>[""Nov""], ""year""=>[""1917""]}",2967415,Wavrans-sur-Ternoise,"[2.30002, 50.41322]"
37,AWD0001myo,diary,621,2,1917-11-18 00:00:00 UTC,18 Nov 1917,Wavrans,"[0.0, 0.0]","",place,Wavrans,"{""place""=>[""Wavrans""], ""location""=>[""false""], ""name""=>[""""], ""lat""=>[""""], ""long""=>[""""], ""id""=>[""""]}",2967415,Wavrans-sur-Ternoise,"[2.30002, 50.41322]"
38,AWD0001myo,diary,621,3,1917-11-18 00:00:00 UTC,18 Nov 1917,Wavrans,"[0.0, 0.0]","",activity,movement,{},2967415,Wavrans-sur-Ternoise,"[2.30002, 50.41322]"
43,AWD0001myo,diary,621,3,1917-11-23 00:00:00 UTC,23 Nov 1917,Wavrans,"[0.0, 0.0]","",diaryDate,23 Nov 1917,"{""day""=>[""23""], ""month""=>[""Nov""], ""year""=>[""1917""]}",2967415,Wavrans-sur-Ternoise,"[2.30002, 50.41322]"
44,AWD0001myo,diary,621,2,1917-11-23 09:00:00 UTC,23 Nov 1917,Wavrans,"[0.0, 0.0]",0900AM,time,0900AM,{},2967415,Wavrans-sur-Ternoise,"[2.30002, 50.41322]"
48,AWD0001myo,diary,621,2,1917-11-23 09:00:00 UTC,23 Nov 1917,Wavrans,"[0.0, 0.0]",0900AM,place,"Paris, Padua","{""place""=>[""Paris"", ""Padua""], ""location""=>[""false""], ""name""=>[""Paris"", """"], ""lat""=>[""48.85341"", """"], ""long""=>[""2.3488"", """"], ""id""=>[""2988507"", """"]}",2967415,Wavrans-sur-Ternoise,"[2.30002, 50.41322]"
50,AWD0001myo,diary,621,2,1917-11-23 09:00:00 UTC,23 Nov 1917,Wavrans,"[0.0, 0.0]",0900AM,place,"Legano, Legnigo","{""place""=>[""Legano"", ""Legnigo""], ""location""=>[""true"", ""false""], ""name""=>[""""], ""lat""=>[""""], ""long""=>[""""], ""id""=>[""""]}",2967415,Wavrans-sur-Ternoise,"[2.30002, 50.41322]"
56,AWD0001myo,diary,621,2,1917-11-24 00:00:00 UTC,24 Nov 1917,Wavrans,"[0.0, 0.0]","",diaryDate,24 Nov 1917,"{""day""=>[""24""], ""month""=>[""Nov""], ""year""=>[""1917""]}",2967415,Wavrans-sur-Ternoise,"[2.30002, 50.41322]"
58,AWD0001myo,diary,621,2,1917-11-24 04:00:00 UTC,24 Nov 1917,Wavrans,"[0.0, 0.0]",0400AM,time,0400AM,{},2967415,Wavrans-sur-Ternoise,"[2.30002, 50.41322]"
61,AWD0001myo,diary,621,2,1917-11-24 04:00:00 UTC,24 Nov 1917,Wavrans,"[0.0, 0.0]",0400AM,activity,movement,{},2967415,Wavrans-sur-Ternoise,"[2.30002, 50.41322]"
64,AWD0001myo,diary,621,2,1917-11-24 04:00:00 UTC,24 Nov 1917,Wavrans,"[0.0, 0.0]",0400AM,place,"Dijon, Milan","{""place""=>[""Dijon"", ""Milan""], ""location""=>[""false""], ""name""=>[""Dijon"", """"], ""lat""=>[""47.31667"", """"], ""long""=>[""5.01667"", """"], ""id""=>[""3021372"", """"]}",2967415,Wavrans-sur-Ternoise,"[2.30002, 50.41322]"
1,AWD0001mzd,diary,622,2,1917-11-24 00:00:00 UTC,24 Nov 1917,Wavrans,"[0.0, 0.0]","",diaryDate,24 Nov 1917,"{""day""=>[""24""], ""month""=>[""Nov""], ""year""=>[""1917""]}",2967415,Wavrans-sur-Ternoise,"[2.30002, 50.41322]"
3,AWD0001mzd,diary,622,2,1917-11-24 06:00:00 UTC,24 Nov 1917,Wavrans,"[0.0, 0.0]",0600AM,time,0600AM,{},2967415,Wavrans-sur-Ternoise,"[2.30002, 50.41322]"
4,AWD0001mzd,diary,622,2,1917-11-24 06:00:00 UTC,24 Nov 1917,Wavrans,"[0.0, 0.0]",0600AM,domestic,rations,{},2967415,Wavrans-sur-Ternoise,"[2.30002, 50.41322]"
6,AWD0001mzd,diary,622,2,1917-11-24 06:00:00 UTC,24 Nov 1917,Wavrans,"[0.0, 0.0]",0600AM,place,Wavrans,"{""place""=>[""Wavrans""], ""location""=>[""false""], ""name""=>[""""], ""lat""=>[""""], ""long""=>[""""], ""id""=>[""""]}",2967415,Wavrans-sur-Ternoise,"[2.30002, 50.41322]"
7,AWD0001mzd,diary,622,4,1917-11-24 06:00:00 UTC,24 Nov 1917,Wavrans,"[0.0, 0.0]",0600AM,domestic,inspections,{},2967415,Wavrans-sur-Ternoise,"[2.30002, 50.41322]"
8,AWD0001mzd,diary,622,2,1917-11-24 06:00:00 UTC,24 Nov 1917,Wavrans,"[0.0, 0.0]",0600AM,domestic,hygiene,{},2967415,Wavrans-sur-Ternoise,"[2.30002, 50.41322]"
9,AWD0001mzd,diary,622,3,1917-11-24 06:00:00 UTC,24 Nov 1917,Wavrans,"[0.0, 0.0]",0600AM,strength,"officer: 29, other: 678",{},2967415,Wavrans-sur-Ternoise,"[2.30002, 50.41322]"
15,AWD0001mzd,diary,622,2,1917-11-24 06:00:00 UTC,24 Nov 1917,Wavrans,"[0.0, 0.0]",0600AM,activity,other,{},2967415,Wavrans-sur-Ternoise,"[2.30002, 50.41322]"
19,AWD0001mzd,diary,622,3,1917-11-25 00:00:00 UTC,25 Nov 1917,Wavrans,"[0.0, 0.0]","",diaryDate,25 Nov 1917,"{""day""=>[""25""], ""month""=>[""Nov""], ""year""=>[""1917""]}",2967415,Wavrans-sur-Ternoise,"[2.30002, 50.41322]"
20,AWD0001mzd,diary,622,4,1917-11-25 00:00:00 UTC,25 Nov 1917,Wavrans,"[0.0, 0.0]","",activity,movement,{},2967415,Wavrans-sur-Ternoise,"[2.30002, 50.41322]"
21,AWD0001mzd,diary,622,4,1917-11-25 00:00:00 UTC,25 Nov 1917,"Legnago, Legano, legnago, Le Gnago","[0.0, 0.0]","",place,"Legnago, Legano, legnago, Le Gnago","{""place""=>[""Legnago"", ""Legano"", ""legnago"", ""Le Gnago""], ""location""=>[""true""], ""name""=>[""""], ""lat""=>[""""], ""long""=>[""""], ""id""=>[""""]}",,,
22,AWD0001mzd,diary,622,3,1917-11-25 00:00:00 UTC,25 Nov 1917,"Legnago, Legano, legnago, Le Gnago","[0.0, 0.0]","",domestic,accomodation,{},,,
27,AWD0001mzd,diary,622,4,1917-11-25 00:00:00 UTC,25 Nov 1917,"Legnago, Legano, legnago, Le Gnago","[0.0, 0.0]","",person,Second Lieutenant S A Rock,"{""first""=>[""S A""], ""surname""=>[""Rock""], ""rank""=>[""Second Lieutenant""], ""number""=>[""""], ""reason""=>[""joined""], ""unit""=>[""""]}",,,
28,AWD0001mzd,diary,622,4,1917-11-25 00:00:00 UTC,25 Nov 1917,"Legnago, Legano, legnago, Le Gnago","[0.0, 0.0]","",person,"Second Lieutenant A Lenman, Jenkin, JENKIN, Ienkin","{""first""=>[""A""], ""surname""=>[""Lenman"", ""Jenkin"", ""JENKIN"", ""Ienkin""], ""rank""=>[""Second Lieutenant""], ""number""=>[""""], ""reason""=>[""joined""], ""unit""=>[""""]}",,,
30,AWD0001mzd,diary,622,4,1917-11-25 00:00:00 UTC,25 Nov 1917,"Legnago, Legano, legnago, Le Gnago","[0.0, 0.0]","",person,Lieutenant S G White,"{""first""=>[""S G""], ""surname""=>[""White""], ""rank""=>[""Lieutenant""], ""number""=>[""""], ""reason""=>[""joined""], ""unit""=>[""""]}",,,
31,AWD0001mzd,diary,622,5,1917-11-25 00:00:00 UTC,25 Nov 1917,"Legnago, Legano, legnago, Le Gnago","[0.0, 0.0]","",person,Second Lieutenant A F Frost,"{""first""=>[""A F""], ""surname""=>[""Frost""], ""rank""=>[""Second Lieutenant""], ""number""=>[""""], ""reason""=>[""joined""], ""unit""=>[""""]}",,,
34,AWD0001mzd,diary,622,4,1917-11-26 00:00:00 UTC,26 Nov 1917,"Legnago, Legano, legnago, Le Gnago","[0.0, 0.0]","",diaryDate,26 Nov 1917,"{""day""=>[""26""], ""month""=>[""Nov""], ""year""=>[""1917""]}",,,
35,AWD0001mzd,diary,622,2,1917-11-26 00:00:00 UTC,26 Nov 1917,"Legnago, Legano, legnago, Le Gnago","[0.0, 0.0]","",person,  ,"{""first""=>[""""], ""surname""=>[""""], ""rank""=>[""""], ""number""=>[""""], ""reason""=>[""commander""], ""unit""=>[""""]}",,,
36,AWD0001mzd,diary,622,3,1917-11-26 00:00:00 UTC,26 Nov 1917,"Legnago, Legano, legnago, Le Gnago","[0.0, 0.0]","",person,Second Lieutenant C H Atkinson,"{""first""=>[""C H""], ""surname""=>[""Atkinson""], ""rank""=>[""Second Lieutenant""], ""number""=>[""""], ""reason""=>[""joined""], ""unit""=>[""""]}",,,
38,AWD0001mzd,diary,622,3,1917-11-26 00:00:00 UTC,26 Nov 1917,"Legnago, Legano, legnago, Le Gnago","[0.0, 0.0]","",activity,resting,{},,,
41,AWD0001mzd,diary,622,4,1917-11-26 00:00:00 UTC,26 Nov 1917,"Legnago, Legano, legnago, Le Gnago","[0.0, 0.0]","",person,Second Lieutenant W E Ludford,"{""first""=>[""W E""], ""surname""=>[""Ludford""], ""rank""=>[""Second Lieutenant""], ""number""=>[""""], ""reason""=>[""joined""], ""unit""=>[""""]}",,,
42,AWD0001mzd,diary,622,2,1917-11-26 00:00:00 UTC,26 Nov 1917,Legnago,"[0.0, 0.0]","",place,Legnago,"{""place""=>[""Legnago""], ""location""=>[""true""], ""name""=>[""""], ""lat""=>[""""], ""long""=>[""""], ""id""=>[""""]}",,,
43,AWD0001mzd,diary,622,2,1917-11-26 00:00:00 UTC,26 Nov 1917,Legnago,"[0.0, 0.0]","",activity,movement,{},,,
44,AWD0001mzd,diary,622,2,1917-11-26 00:00:00 UTC,26 Nov 1917,Legnago,"[0.0, 0.0]","",place,Vo,"{""place""=>[""Vo""], ""location""=>[""false""], ""name""=>[""""], ""lat""=>[""""], ""long""=>[""""], ""id""=>[""""]}",,,
45,AWD0001mzd,diary,622,3,1917-11-27 00:00:00 UTC,27 Nov 1917,Legnago,"[0.0, 0.0]","",diaryDate,27 Nov 1917,"{""day""=>[""27""], ""month""=>[""Nov""], ""year""=>[""1917""]}",,,
46,AWD0001mzd,diary,622,4,1917-11-27 00:00:00 UTC,27 Nov 1917,Legnago,"[0.0, 0.0]","",activity,training,{},,,
48,AWD0001mzd,diary,622,2,1917-11-27 14:00:00 UTC,27 Nov 1917,Legnago,"[0.0, 0.0]",0200PM,time,0200PM,{},,,
49,AWD0001mzd,diary,622,3,1917-11-28 00:00:00 UTC,28 Nov 1917,Legnago,"[0.0, 0.0]","",diaryDate,28 Nov 1917,"{""day""=>[""28""], ""month""=>[""Nov""], ""year""=>[""1917""]}",,,
50,AWD0001mzd,diary,622,3,1917-11-28 00:00:00 UTC,28 Nov 1917,Legnago,"[0.0, 0.0]","",activity,movement,{},,,
52,AWD0001mzd,diary,622,2,1917-11-28 00:00:00 UTC,28 Nov 1917,Legnago,"[0.0, 0.0]","",place,"Monte Galda, Monti Galda","{""place""=>[""Monte Galda"", ""Monti Galda""], ""location""=>[""false"", ""true""], ""name""=>[""""], ""lat""=>[""""], ""long""=>[""""], ""id""=>[""""]}",,,
53,AWD0001mzd,diary,622,3,1917-11-28 00:00:00 UTC,28 Nov 1917,Legnago,"[0.0, 0.0]","",place,Vo,"{""place""=>[""Vo""], ""location""=>[""false""], ""name""=>[""""], ""lat""=>[""""], ""long""=>[""""], ""id""=>[""""]}",,,
58,AWD0001mzd,diary,622,2,1917-11-28 00:00:00 UTC,28 Nov 1917,Legnago,"[0.0, 0.0]","",place,Legnago,"{""place""=>[""Legnago""], ""location""=>[""true""], ""name""=>[""""], ""lat""=>[""""], ""long""=>[""""], ""id""=>[""""]}",,,
59,AWD0001mzd,diary,622,3,1917-11-29 00:00:00 UTC,29 Nov 1917,Legnago,"[0.0, 0.0]","",diaryDate,29 Nov 1917,"{""day""=>[""29""], ""month""=>[""Nov""], ""year""=>[""1917""]}",,,
60,AWD0001mzd,diary,622,5,1917-11-29 00:00:00 UTC,29 Nov 1917,Legnago,"[0.0, 0.0]","",activity,training,{},,,
61,AWD0001mzd,diary,622,2,1917-11-29 17:00:00 UTC,29 Nov 1917,Legnago,"[0.0, 0.0]",0500PM,time,0500PM,{},,,
63,AWD0001mzd,diary,622,4,1917-11-30 00:00:00 UTC,30 Nov 1917,Legnago,"[0.0, 0.0]","",diaryDate,30 Nov 1917,"{""day""=>[""30""], ""month""=>[""Nov""], ""year""=>[""1917""]}",,,
64,AWD0001mzd,diary,622,4,1917-11-30 00:00:00 UTC,30 Nov 1917,Legnago,"[0.0, 0.0]","",activity,movement,{},,,
67,AWD0001mzd,diary,622,2,1917-11-30 00:00:00 UTC,30 Nov 1917,Legnago,"[0.0, 0.0]","",person,"Captain A C Cameron, CAMERON","{""first""=>[""A C""], ""surname""=>[""Cameron"", ""CAMERON""], ""rank""=>[""Captain""], ""number""=>[""""], ""reason""=>[""author""], ""unit""=>[""Act. Adj. 8 Battalion Devonshire Regiment"", """"]}",,,
69,AWD0001mzd,diary,622,4,1917-11-30 00:00:00 UTC,30 Nov 1917,Legnago,"[0.0, 0.0]","",casualties,sick: 37,{},,,
70,AWD0001mzd,diary,622,4,1917-11-30 00:00:00 UTC,30 Nov 1917,Legnago,"[0.0, 0.0]","",strength,"officer: 35, other: 778",{},,,
